MESH3
Air Plane_1 Fan
168
-0.9006999,1.253814,0.3035396
-0.9450551,1.147072,0.3028287
-0.8975715,0.991487,0.3011118
-0.7778366,1.334981,0.3035396
-0.6681477,0.5906827,0.2960396
-0.6622512,1.333901,0.3028287
-0.2591484,0.8608806,0.2960395
-0.5377704,1.229183,0.3011118
0.02253549,0.1582662,0.2817105
-0.1323291,0.05595772,0.2817105
-0.2591484,0.8608806,0.2442142
0.02253549,0.1582662,0.2817105
0.02253549,0.1582662,0.2585421
-0.2591484,0.8608806,0.2960395
-0.5377704,1.229183,0.2391418
-0.5377704,1.229183,0.3011118
-0.6622512,1.333901,0.3028287
-0.6622512,1.333901,0.2374249
0.02253549,0.1582662,0.2585421
0.02253549,0.1582662,0.2817105
-0.1323291,0.05595772,0.2817105
-0.1323291,0.05595772,0.2585421
-0.8975715,0.991487,0.2391418
-0.9450551,1.147072,0.2374249
-0.9006999,1.253814,0.236714
-0.7778366,1.334981,0.236714
-0.6681477,0.5906827,0.2442143
-0.6622512,1.333901,0.2374249
-0.2591484,0.8608806,0.2442142
-0.5377704,1.229183,0.2391418
0.02253549,0.1582662,0.2585421
-0.1323291,0.05595772,0.2585421
-0.1323291,0.05595772,0.2585421
-0.1323291,0.05595772,0.2817105
-0.6681477,0.5906827,0.2960396
-0.6681477,0.5906827,0.2442143
-0.8975715,0.991487,0.3011118
-0.8975715,0.991487,0.2391418
-0.9450551,1.147072,0.2374249
-0.9450551,1.147072,0.3028287
-0.9006999,1.253814,0.236714
-0.9450551,1.147072,0.2374249
-0.9450551,1.147072,0.3028287
-0.9006999,1.253814,0.3035396
-0.7778366,1.334981,0.3035396
-0.6622512,1.333901,0.3028287
-0.6622512,1.333901,0.2374249
-0.7778366,1.334981,0.236714
-0.9006999,1.253814,0.236714
-0.9006999,1.253814,0.3035396
-0.7778366,1.334981,0.3035396
-0.7778366,1.334981,0.236714
0.9233457,-1.240083,0.3035365
0.9677009,-1.133342,0.3028254
0.9202172,-0.9777571,0.3011086
0.8004825,-1.321251,0.3035365
0.690757,-0.5769766,0.2960362
0.6848971,-1.320171,0.3028254
0.5604162,-1.215453,0.3011087
0.2817578,-0.8471744,0.2960362
0.0001194764,-0.1445211,0.2817082
0.1549841,-0.04221275,0.2817082
0.2817578,-0.8471744,0.244211
0.0001194764,-0.1445211,0.2817082
0.0001194764,-0.1445211,0.2585398
0.2817578,-0.8471744,0.2960362
0.5604162,-1.215453,0.2391386
0.5604162,-1.215453,0.3011087
0.6848971,-1.320171,0.3028254
0.6848971,-1.320171,0.2374218
0.0001194764,-0.1445211,0.2585398
0.0001194764,-0.1445211,0.2817082
0.1549841,-0.04221275,0.2817082
0.1549841,-0.04221276,0.2585397
0.9202172,-0.9777571,0.2391386
0.9677009,-1.133342,0.2374218
0.9233457,-1.240083,0.2367108
0.8004824,-1.321251,0.2367109
0.690757,-0.5769766,0.2442109
0.6848971,-1.320171,0.2374218
0.5604162,-1.215453,0.2391386
0.2817578,-0.8471744,0.244211
0.0001194764,-0.1445211,0.2585398
0.1549841,-0.04221276,0.2585397
0.1549841,-0.04221276,0.2585397
0.1549841,-0.04221275,0.2817082
0.690757,-0.5769766,0.2960362
0.690757,-0.5769766,0.2442109
0.9202172,-0.9777571,0.3011086
0.9202172,-0.9777571,0.2391386
0.9677009,-1.133342,0.2374218
0.9677009,-1.133342,0.3028254
0.9233457,-1.240083,0.2367108
0.9677009,-1.133342,0.2374218
0.9677009,-1.133342,0.3028254
0.9233457,-1.240083,0.3035365
0.8004825,-1.321251,0.3035365
0.6848971,-1.320171,0.3028254
0.6848971,-1.320171,0.2374218
0.8004824,-1.321251,0.2367109
0.9233457,-1.240083,0.2367108
0.9233457,-1.240083,0.3035365
0.8004825,-1.321251,0.3035365
0.8004824,-1.321251,0.2367109
-0.2277803,0.09436771,0.5233445
-0.2465485,1.330906E-05,0.5233445
-0.2277803,-0.09434075,0.5233445
-0.1743329,0.1743577,0.5233445
-0.1743328,-0.1743308,0.5233445
-0.09434322,0.2278044,0.5233445
-0.09434304,-0.2277784,0.5233445
1.037491E-05,0.2465734,0.5233445
1.037491E-05,-0.2465466,0.5233445
0.09436376,0.2278044,0.5233445
0.09436365,-0.2277784,0.5233445
0.1743534,-0.1743308,0.5233445
0.1743535,0.1743577,0.5233445
0.2278008,-0.09434075,0.5233445
0.2278008,0.09436771,0.5233445
0.2465691,1.330906E-05,0.5233445
-0.4323692,-0.1790844,-6.190422E-06
-0.4679942,1.361421E-05,-6.203944E-06
-0.4323694,0.1791116,-6.217465E-06
-0.3309185,0.3309439,-6.228929E-06
-0.3309185,-0.3309167,-6.17896E-06
-0.1790864,-0.4323675,-6.1713E-06
-0.1790864,0.4323949,-6.236588E-06
1.134158E-05,0.4680193,-6.239277E-06
1.134158E-05,-0.4679926,-5.996279E-06
0.1791089,-0.4323675,-6.1713E-06
0.1791089,0.4323949,-6.236588E-06
0.3309409,-0.3309167,-6.17896E-06
0.330941,0.3309439,-6.228929E-06
0.4323919,-0.1790844,-6.190422E-06
0.4323919,0.1791116,-6.217465E-06
0.4680167,1.361421E-05,-6.203944E-06
1.134158E-05,-0.4679926,-5.996279E-06
1.037491E-05,-0.2465466,0.5233445
-0.09434304,-0.2277784,0.5233445
0.09436365,-0.2277784,0.5233445
-0.1790864,-0.4323675,-6.1713E-06
0.1791089,-0.4323675,-6.1713E-06
-0.1743328,-0.1743308,0.5233445
0.1743534,-0.1743308,0.5233445
-0.3309185,-0.3309167,-6.17896E-06
0.3309409,-0.3309167,-6.17896E-06
-0.2277803,-0.09434075,0.5233445
0.2278008,-0.09434075,0.5233445
-0.4323692,-0.1790844,-6.190422E-06
0.4323919,-0.1790844,-6.190422E-06
-0.2465485,1.330906E-05,0.5233445
0.2465691,1.330906E-05,0.5233445
-0.4679942,1.361421E-05,-6.203944E-06
0.4680167,1.361421E-05,-6.203944E-06
-0.2277803,0.09436771,0.5233445
0.2278008,0.09436771,0.5233445
-0.4323694,0.1791116,-6.217465E-06
0.4323919,0.1791116,-6.217465E-06
-0.1743329,0.1743577,0.5233445
0.1743535,0.1743577,0.5233445
-0.3309185,0.3309439,-6.228929E-06
0.330941,0.3309439,-6.228929E-06
-0.09434322,0.2278044,0.5233445
0.09436376,0.2278044,0.5233445
-0.1790864,0.4323949,-6.236588E-06
0.1791089,0.4323949,-6.236588E-06
1.037491E-05,0.2465734,0.5233445
1.134158E-05,0.4680193,-6.239277E-06
168
0.1579227,0.5235362
0.1579227,0.5235362
0.1579227,0.5235362
0.1579227,0.5235362
0.1579227,0.5235362
0.1579227,0.5235362
0.1579227,0.5235362
0.1579227,0.5235362
0.1579227,0.5235362
0.1579227,0.5235362
0.1579227,0.5235362
0.1579227,0.5235362
0.1579227,0.5235362
0.1579227,0.5235362
0.1579227,0.5235362
0.1579227,0.5235362
0.1579227,0.5235362
0.1579227,0.5235362
0.1579227,0.5235362
0.1579227,0.5235362
0.1579227,0.5235362
0.1579227,0.5235362
0.1579227,0.5235362
0.1579227,0.5235362
0.1579227,0.5235362
0.1579227,0.5235362
0.1579227,0.5235362
0.1579227,0.5235362
0.1579227,0.5235362
0.1579227,0.5235362
0.1579227,0.5235362
0.1579227,0.5235362
0.1579227,0.5235362
0.1579227,0.5235362
0.1579227,0.5235362
0.1579227,0.5235362
0.1579227,0.5235362
0.1579227,0.5235362
0.1579227,0.5235362
0.1579227,0.5235362
0.1579227,0.5235362
0.1579227,0.5235362
0.1579227,0.5235362
0.1579227,0.5235362
0.1579227,0.5235362
0.1579227,0.5235362
0.1579227,0.5235362
0.1579227,0.5235362
0.1579227,0.5235362
0.1579227,0.5235362
0.1579227,0.5235362
0.1579227,0.5235362
0.1579227,0.5235362
0.1579227,0.5235362
0.1579227,0.5235362
0.1579227,0.5235362
0.1579227,0.5235362
0.1579227,0.5235362
0.1579227,0.5235362
0.1579227,0.5235362
0.1579227,0.5235362
0.1579227,0.5235362
0.1579227,0.5235362
0.1579227,0.5235362
0.1579227,0.5235362
0.1579227,0.5235362
0.1579227,0.5235362
0.1579227,0.5235362
0.1579227,0.5235362
0.1579227,0.5235362
0.1579227,0.5235362
0.1579227,0.5235362
0.1579227,0.5235362
0.1579227,0.5235362
0.1579227,0.5235362
0.1579227,0.5235362
0.1579227,0.5235362
0.1579227,0.5235362
0.1579227,0.5235362
0.1579227,0.5235362
0.1579227,0.5235362
0.1579227,0.5235362
0.1579227,0.5235362
0.1579227,0.5235362
0.1579227,0.5235362
0.1579227,0.5235362
0.1579227,0.5235362
0.1579227,0.5235362
0.1579227,0.5235362
0.1579227,0.5235362
0.1579227,0.5235362
0.1579227,0.5235362
0.1579227,0.5235362
0.1579227,0.5235362
0.1579227,0.5235362
0.1579227,0.5235362
0.1579227,0.5235362
0.1579227,0.5235362
0.1579227,0.5235362
0.1579227,0.5235362
0.1579227,0.5235362
0.1579227,0.5235362
0.1579227,0.5235362
0.1579227,0.5235362
0.1500489,0.5289875
0.1500489,0.5289875
0.1500489,0.5289875
0.1500489,0.5289875
0.1500489,0.5289875
0.1500489,0.5289875
0.1500489,0.5289875
0.1500489,0.5289875
0.1500489,0.5289875
0.1500489,0.5289875
0.1500489,0.5289875
0.1500489,0.5289875
0.1500489,0.5289875
0.1500489,0.5289875
0.1500489,0.5289875
0.1500489,0.5289875
0.1451273,0.5314482
0.1451273,0.5314482
0.1451273,0.5314482
0.1451273,0.5314482
0.1451273,0.5314482
0.1451273,0.5314482
0.1451273,0.5314482
0.1451273,0.5314482
0.1451273,0.5314482
0.1451273,0.5314482
0.1451273,0.5314482
0.1451273,0.5314482
0.1451273,0.5314482
0.1451273,0.5314482
0.1451273,0.5314482
0.1451273,0.5314482
0.1451273,0.5314482
0.1451273,0.5314482
0.1451273,0.5314482
0.1451273,0.5314482
0.1451273,0.5314482
0.1451273,0.5314482
0.1451273,0.5314482
0.1451273,0.5314482
0.1451273,0.5314482
0.1451273,0.5314482
0.1451273,0.5314482
0.1451273,0.5314482
0.1451273,0.5314482
0.1451273,0.5314482
0.1451273,0.5314482
0.1451273,0.5314482
0.1451273,0.5314482
0.1451273,0.5314482
0.1451273,0.5314482
0.1451273,0.5314482
0.1451273,0.5314482
0.1451273,0.5314482
0.1451273,0.5314482
0.1451273,0.5314482
0.1451273,0.5314482
0.1451273,0.5314482
0.1451273,0.5314482
0.1451273,0.5314482
0.1451273,0.5314482
0.1451273,0.5314482
0.1451273,0.5314482
0.1451273,0.5314482
1
396
0
1
2
2
3
0
2
4
3
4
5
3
4
6
5
6
7
5
8
6
4
8
4
9
10
11
12
10
13
11
14
13
10
14
15
13
16
15
14
16
14
17
18
19
20
18
20
21
22
23
24
24
25
22
25
26
22
25
27
26
27
28
26
27
29
28
30
26
28
30
31
26
32
33
34
32
34
35
35
34
36
35
36
37
38
37
36
38
36
39
40
41
42
40
42
43
44
45
46
44
46
47
48
49
50
48
50
51
52
53
54
55
52
54
55
54
56
57
55
56
58
57
56
56
59
58
60
59
56
60
56
61
62
63
64
62
65
63
66
65
62
66
67
65
68
67
66
68
66
69
70
71
72
70
72
73
74
75
76
74
76
77
78
74
77
78
77
79
78
79
80
80
81
78
82
78
81
82
83
78
84
85
86
84
86
87
87
86
88
87
88
89
90
89
88
90
88
91
92
93
94
92
94
95
96
97
98
96
98
99
100
101
102
100
102
103
104
105
106
106
107
104
106
108
107
108
109
107
108
110
109
110
111
109
110
112
111
112
113
111
112
114
113
114
115
113
115
116
113
115
117
116
117
118
116
117
119
118
120
121
122
122
123
120
123
124
120
123
125
124
123
126
125
126
127
125
127
128
125
127
129
128
127
130
129
130
131
129
130
132
131
132
133
131
132
134
133
134
135
133
136
137
138
136
139
137
136
138
140
136
141
139
140
138
142
141
143
139
140
142
144
141
145
143
144
142
146
145
147
143
144
146
148
145
149
147
148
146
150
149
151
147
148
150
152
149
153
151
152
150
154
153
155
151
152
154
156
153
157
155
156
154
158
157
159
155
156
158
160
157
161
159
160
158
162
161
163
159
160
162
164
161
165
163
164
162
166
165
166
163
164
166
167
165
167
166
