MESH3
base
110
1.000721,0.6314645,0.07014225
-0.9928029,0.6314865,0.07322224
0.00549941,0.6314865,-0.9250798
1.000721,0.6958227,0.07014225
0.00549941,0.6958227,-0.9250798
-0.9928029,0.6958227,0.07322223
1.000721,1.362384,0.07014225
-0.9928029,1.362406,0.07322224
0.00549941,1.362406,-0.9250798
1.000721,1.426742,0.07014225
0.00549941,1.426742,-0.9250798
-0.9928029,1.426742,0.07322223
1.000721,2.435934,0.07014225
-0.9928029,2.435956,0.07322224
0.00549941,2.435956,-0.9250798
1.000721,0.0002918547,0.07014225
-0.9928029,0.0002918547,0.07322223
0.00549941,0.0002918547,-0.9250798
1.06308,0.0002918547,0.007784309
1.000721,0.0002918547,0.07014225
0.06785743,0.0002918547,-0.9874379
0.002419424,0.0002918547,-1.052876
-0.05993859,0.0002918547,-0.9905179
-0.9928029,0.0002918547,0.07322223
-1.058241,0.0002918547,0.007784309
-0.9928029,0.05586277,0.07322223
1.000721,0.05616869,0.07014225
0.00549941,0.05616869,-0.9250798
1.000721,2.005798,0.07014225
-0.9928029,2.00582,0.07322224
0.00549941,2.00582,-0.9250798
1.000721,2.070156,0.07014225
0.00549941,2.070156,-0.9250798
-0.9928029,2.070156,0.07322223
-0.9928029,0.6958227,0.07322223
-0.9928029,0.6314865,0.07322224
1.000721,0.6314645,0.07014225
1.000721,0.6958227,0.07014225
-0.9928029,1.426742,0.07322223
-0.9928029,1.362406,0.07322224
1.000721,1.362384,0.07014225
1.000721,1.426742,0.07014225
-1.058241,2.435956,0.007784309
-1.058241,2.500292,0.007784309
-0.05993859,2.500292,-0.9905179
-0.05993859,2.435956,-0.9905179
-1.058241,0.05616869,0.007784309
0.002419347,2.435956,-1.052876
0.002419424,2.500292,-1.052876
-0.05993859,0.05616869,-0.9905179
-1.058241,0.0002918547,0.007784309
0.002419424,0.05616869,-1.052876
-0.05993859,0.0002918547,-0.9905179
0.002419424,0.0002918547,-1.052876
1.06308,2.435956,0.007784386
1.06308,2.500292,0.007784309
1.000721,2.500292,0.07014225
1.000721,2.435934,0.07014225
1.06308,0.05616869,0.007784309
1.000721,0.05616869,0.07014225
1.06308,0.0002918547,0.007784309
1.000721,0.0002918547,0.07014225
1.000721,2.500292,0.07014225
1.06308,2.500292,0.007784309
0.06785743,2.500292,-0.9874379
0.00549941,2.500292,-0.9250798
-0.9928029,2.500292,0.07322223
-0.05993859,2.500292,-0.9905179
0.002419424,2.500292,-1.052876
-1.058241,2.500292,0.007784309
-0.9928029,2.500292,0.07322223
-1.058241,2.500292,0.007784309
-1.058241,2.435956,0.007784309
-0.9928029,2.435956,0.07322224
-0.9928029,0.05616869,0.07322223
-1.058241,0.05616869,0.007784309
-0.9928029,0.0002918547,0.07322223
-1.058241,0.0002918547,0.007784309
1.000721,0.05616869,0.07014225
1.000721,2.435934,0.07014225
0.00549941,2.435956,-0.9250798
0.00549941,0.05616869,-0.9250798
-0.9928029,0.05616869,0.07322223
0.00549941,0.05616869,-0.9250798
0.00549941,2.435956,-0.9250798
-0.9928029,2.435956,0.07322224
0.06785743,0.0002918547,-0.9874379
0.002419424,0.0002918547,-1.052876
0.002419424,0.05616869,-1.052876
0.06785743,0.05616869,-0.9874379
0.002419347,2.435956,-1.052876
1.06308,0.05616869,0.007784309
1.06308,0.0002918547,0.007784309
1.06308,2.435956,0.007784386
0.06785743,2.435956,-0.9874379
0.002419424,2.500292,-1.052876
1.06308,2.500292,0.007784309
0.06785743,2.500292,-0.9874379
1.000721,0.0002918547,0.07014225
1.000721,0.05586277,0.07014225
-0.9928029,0.05586277,0.07322223
-0.9928029,0.0002918547,0.07322223
-0.9928029,2.500292,0.07322223
-0.9928029,2.435956,0.07322224
1.000721,2.435934,0.07014225
1.000721,2.500292,0.07014225
-0.9928029,2.070156,0.07322223
-0.9928029,2.00582,0.07322224
1.000721,2.005798,0.07014225
1.000721,2.070156,0.07014225
110
0.6053259,0.9902894
0.728246,0.9904794
0.6666909,0.9289244
0.7365388,0.8461165
0.7979039,0.7847514
0.7363489,0.7231964
0.7222744,0.5089132
0.5993543,0.5087233
0.6609094,0.5702783
0.6553972,0.76524
0.7167622,0.7038747
0.6552075,0.6423198
0.7276937,0.846759
0.7278835,0.7238389
0.6663285,0.7853938
0.787347,0.5862364
0.6644268,0.5860468
0.7259793,0.6493149
0.7911893,0.5917947
0.787347,0.5862364
0.7298242,0.6531599
0.7257892,0.6571947
0.7219443,0.6533498
0.6644268,0.5860468
0.6603893,0.5917947
0.6644295,0.5843335
0.7873498,0.5845231
0.7261742,0.5229689
0.785368,0.7566968
0.785558,0.6337767
0.7240029,0.6953317
0.7205477,0.8474652
0.6591824,0.9088302
0.7207378,0.9703853
0.7282399,0.9944464
0.728246,0.9904794
0.6053259,0.9902894
0.6053201,0.9942578
0.5993605,0.5047563
0.5993543,0.5087233
0.7222744,0.5089132
0.7222804,0.5049448
0.9884537,0.6056086
0.9927731,0.6056086
0.9927731,0.6726304
0.9884537,0.6726304
0.8286849,0.6056086
0.9884537,0.6768168
0.992773,0.6768168
0.8286849,0.6726304
0.8249335,0.6056086
0.8286849,0.6768168
0.8249334,0.6726304
0.8249334,0.6768168
0.9884537,0.6056086
0.9927731,0.6056086
0.9927731,0.601422
0.9884523,0.601422
0.8286849,0.6056086
0.8286849,0.601422
0.8249335,0.6056086
0.8249335,0.601422
0.6446126,0.9077102
0.6484575,0.9115553
0.7098225,0.8501901
0.7059777,0.8463452
0.6444227,0.7847902
0.7100124,0.8423101
0.7138575,0.8461552
0.6484575,0.7807552
0.7924107,0.9919987
0.7886895,0.9919987
0.7886895,0.9883401
0.7924107,0.9883401
0.7924107,0.8530065
0.7886895,0.8530065
0.7924107,0.8498289
0.7886895,0.8498289
0.8601418,0.5907982
0.995474,0.5907981
0.9954753,0.5342023
0.8601418,0.5342023
0.7924107,0.8530065
0.7356395,0.8530065
0.7356395,0.9883401
0.7924107,0.9883401
0.8249335,0.6724234
0.8249334,0.6768168
0.8286849,0.6768168
0.8286849,0.6724235
0.9884537,0.6768168
0.8286849,0.6056086
0.8249335,0.6056086
0.9884537,0.6056086
0.9884537,0.6724235
0.992773,0.6768168
0.9927731,0.6056086
0.9927731,0.6724235
0.787347,0.5862364
0.7873495,0.5845231
0.6644295,0.5843335
0.6644268,0.5860468
0.7318505,0.723845
0.7278835,0.7238389
0.7276937,0.846759
0.7316619,0.846765
0.7895251,0.6337829
0.785558,0.6337767
0.785368,0.7566968
0.7893364,0.7567028
1
216
0
1
2
3
4
5
6
7
8
9
10
11
12
13
14
15
16
17
18
19
17
18
17
20
17
21
20
17
22
21
23
22
17
23
24
22
25
26
27
28
29
30
31
32
33
34
35
36
34
36
37
38
39
40
38
40
41
42
43
44
42
44
45
46
42
45
44
47
45
44
48
47
46
45
49
47
49
45
50
46
49
47
51
49
50
49
52
51
52
49
51
53
52
54
55
56
54
56
57
58
54
57
58
57
59
60
58
59
60
59
61
62
63
64
62
64
65
62
65
66
64
67
65
66
65
67
64
68
67
66
67
69
70
71
72
70
72
73
72
74
73
72
75
74
75
76
74
75
77
76
78
79
80
78
80
81
82
83
84
82
84
85
86
87
88
86
88
89
89
88
90
91
86
89
91
92
86
93
91
89
89
90
94
93
89
94
94
90
95
96
93
94
94
95
97
96
94
97
98
99
100
98
100
101
102
103
104
102
104
105
106
107
108
106
108
109
