MESH3
Base
120
-0.72,0.3501865,-0.3817285
-0.72,2.100017,-0.3817285
0.72,2.100017,-0.3817285
0.72,0.3501865,-0.3817285
-0.72,0.2849801,-0.3817285
0.72,0.2849801,-0.3817285
-0.72,1.742E-05,-0.3817285
0.72,1.742E-05,-0.3817285
-0.72,2.100017,-0.3817285
-0.72,2.100017,0.3182715
0.72,2.100017,0.3182715
0.72,2.100017,-0.3817285
-0.72,1.742E-05,0.3182715
-0.72,1.742E-05,-0.3817285
0.72,1.742E-05,-0.3817285
0.72,1.742E-05,0.3182715
0.72,0.3501865,-0.3817285
0.72,2.100017,-0.3817285
0.72,2.100017,0.3182715
0.72,0.3501865,0.3182715
0.72,0.2849801,-0.3817285
0.72,0.2849801,0.3182715
0.72,1.742E-05,-0.3817285
0.72,1.742E-05,0.3182715
-0.72,0.3501865,0.3182715
-0.72,2.100017,0.3182715
-0.72,2.100017,-0.3817285
-0.72,0.3501865,-0.3817285
-0.72,0.2849801,0.3182715
-0.72,0.2849801,-0.3817285
-0.72,1.742E-05,0.3182715
-0.72,1.742E-05,-0.3817285
-0.72,2.100017,0.3182715
-0.6230082,2.012517,0.3182715
0.6230082,2.012517,0.3182715
0.72,2.100017,0.3182715
0.72,2.100017,0.3182715
0.6230082,2.012517,0.3182715
0.6230082,0.4085057,0.3182715
0.72,0.3501865,0.3182715
0.72,0.2849801,0.3182715
0.6230082,0.3487332,0.3182715
0.72,1.742E-05,0.3182715
0.6230082,0.08751742,0.3182715
0.72,1.742E-05,0.3182715
0.6230082,0.08751742,0.3182715
-0.6230082,0.08751742,0.3182715
-0.72,1.742E-05,0.3182715
-0.72,0.3501865,0.3182715
-0.6230082,2.012517,0.3182715
-0.72,2.100017,0.3182715
-0.6230082,0.4085057,0.3182715
-0.72,0.2849801,0.3182715
-0.6230082,0.3487332,0.3182715
-0.72,1.742E-05,0.3182715
-0.6230082,0.08751742,0.3182715
-0.6230082,2.012517,0.3182715
-0.6230082,2.012517,-0.2797491
0.6230082,2.012517,-0.2797491
0.6230082,2.012517,0.3182715
0.6230082,2.012517,0.3182715
0.6230082,2.012517,-0.2797491
0.6230082,0.4085057,-0.2797491
0.6230082,0.4085057,0.3182715
0.6230082,0.3487332,0.3182715
0.6230082,0.3487332,-0.2797491
0.6230082,0.08751742,0.3182715
0.6230082,0.08751742,-0.2797491
0.6230082,0.08751742,0.3182715
0.6230082,0.08751742,-0.2797491
-0.6230082,0.08751742,-0.2797491
-0.6230082,0.08751742,0.3182715
-0.6230082,0.4085057,-0.2797491
-0.6230082,2.012517,-0.2797491
-0.6230082,2.012517,0.3182715
-0.6230082,0.4085057,0.3182715
-0.6230082,0.3487332,-0.2797491
-0.6230082,0.3487332,0.3182715
-0.6230082,0.08751742,0.3182715
-0.6230082,0.08751742,-0.2797491
0.6230082,2.012517,-0.2797491
-0.6230082,2.012517,-0.2797491
-0.6230082,0.4085057,-0.2797491
0.6230082,0.4085057,-0.2797491
-0.6230082,0.3487332,-0.2797491
-0.6230082,0.08751742,-0.2797491
0.6230082,0.08751742,-0.2797491
0.6230082,0.3487332,-0.2797491
-0.6230082,0.4085057,0.2745156
-0.6230082,0.3487332,0.2745156
0.6230082,0.3487332,0.2745156
0.6230082,0.4085057,0.2745156
-0.6230082,0.4085057,-0.2797491
-0.6230082,0.4085057,0.2745156
0.6230082,0.4085057,0.2745156
0.6230082,0.4085057,-0.2797491
0.6230082,0.4085057,-0.2797491
0.6230082,0.4085057,0.2745156
0.6230082,0.3487332,0.2745156
0.6230082,0.3487332,-0.2797491
0.6230082,0.3487332,-0.2797491
0.6230082,0.3487332,0.2745156
-0.6230082,0.3487332,0.2745156
-0.6230082,0.3487332,-0.2797491
-0.6230082,0.3487332,-0.2797491
-0.6230082,0.3487332,0.2745156
-0.6230082,0.4085057,0.2745156
-0.6230082,0.4085057,-0.2797491
-0.665,1.80894,0.07839076
-0.665,1.80894,0.06039077
0.665,1.80894,0.06039077
0.665,1.80894,0.07839076
-0.665,1.826939,0.07839076
0.665,1.826939,0.07839076
-0.665,1.826939,0.06039077
-0.665,1.80894,0.07839076
-0.665,1.80894,0.06039077
0.665,1.826939,0.06039077
0.665,1.80894,0.06039077
0.665,1.80894,0.07839076
120
0.1095619,0.6277026
0.1095619,0.9725596
0.3933579,0.9725596
0.3933569,0.6277026
0.1095619,0.6148516
0.3933569,0.6148516
0.1095619,0.5586915
0.3933579,0.5586915
0.73295,0.6169741
0.5949941,0.6169741
0.5949941,0.9007701
0.73295,0.9007701
0.4477997,0.6337998
0.3098437,0.6337998
0.3098437,0.9175947
0.4477997,0.9175947
0.3933569,0.6277026
0.3933579,0.9725596
0.5313139,0.9725596
0.5313159,0.6277026
0.3933569,0.6148516
0.5313109,0.6148516
0.3933579,0.5586915
0.5313139,0.5586915
0.2640815,0.6366622
0.2640815,0.9815192
0.4020375,0.9815192
0.4020375,0.6366622
0.2640825,0.6238112
0.4020375,0.6238112
0.2640815,0.5676513
0.4020375,0.5676513
0.5949941,0.6169741
0.5777501,0.6360893
0.5777501,0.8816542
0.5949941,0.9007701
0.5313139,0.9725596
0.5504289,0.9553136
0.5504339,0.6391926
0.5313159,0.6277026
0.5313109,0.6148516
0.5504329,0.6274126
0.5313139,0.5586915
0.5504319,0.5759346
0.4477997,0.9175947
0.4650447,0.8984797
0.4650437,0.6529148
0.4477997,0.6337998
0.2640815,0.6366622
0.2449665,0.9642742
0.2640815,0.9815192
0.2449655,0.6481552
0.2640825,0.6238112
0.2449655,0.6363752
0.2640815,0.5676513
0.2449665,0.5848951
0.5777501,0.6360893
0.459892,0.6360893
0.459892,0.8816542
0.5777501,0.8816542
0.5504289,0.9553136
0.6682869,0.9553147
0.6682919,0.6391956
0.5504339,0.6391926
0.5504329,0.6274126
0.6682919,0.6274157
0.5504319,0.5759346
0.6682929,0.5759346
0.4650447,0.8984797
0.5829027,0.8984797
0.5829017,0.6529148
0.4650437,0.6529148
0.1271075,0.6481562
0.1271085,0.9642751
0.2449665,0.9642742
0.2449655,0.6481552
0.1271075,0.6363761
0.2449655,0.6363752
0.2449665,0.5848951
0.1271075,0.5848951
0.459892,0.8816542
0.459892,0.6360893
0.143773,0.6360893
0.143773,0.8816542
0.6343827,0.6529148
0.5829017,0.6529148
0.5829027,0.8984797
0.6343827,0.8984797
0.7553977,0.6529148
0.7436177,0.6529148
0.7436177,0.8984797
0.7553967,0.8984797
0.8646317,0.6529148
0.7553977,0.6529148
0.7553967,0.8984797
0.8646317,0.8984797
0.8646317,0.8984797
0.7553967,0.8984797
0.7553977,0.9102597
0.8646317,0.9102597
0.6343827,0.8984797
0.7436177,0.8984797
0.7436177,0.6529148
0.6343827,0.6529148
0.8646317,0.6411347
0.7553977,0.6411347
0.7553977,0.6529148
0.8646317,0.6529148
0.7707417,0.9618062
0.7759047,0.9618062
0.7759037,0.5803081
0.7707407,0.5803081
0.7629967,0.964388
0.7629967,0.577727
0.7604147,0.9618062
0.7552516,0.9669689
0.7552516,0.9618062
0.7604147,0.5803081
0.7552516,0.5803081
0.7552516,0.5751451
1
240
0
1
2
0
2
3
4
0
3
4
3
5
6
4
5
6
5
7
8
9
10
8
10
11
12
13
14
12
14
15
16
17
18
16
18
19
20
16
19
20
19
21
22
20
21
22
21
23
24
25
26
24
26
27
28
24
27
28
27
29
30
28
29
30
29
31
32
33
34
32
34
35
36
37
38
36
38
39
38
40
39
38
41
40
41
42
40
41
43
42
44
45
46
44
46
47
48
49
50
48
51
49
52
51
48
52
53
51
54
53
52
54
55
53
56
57
58
56
58
59
60
61
62
60
62
63
62
64
63
62
65
64
65
66
64
65
67
66
68
69
70
68
70
71
72
73
74
72
74
75
76
72
75
76
75
77
78
76
77
78
79
76
80
81
82
80
82
83
84
85
86
84
86
87
88
89
90
88
90
91
92
93
94
92
94
95
96
97
98
96
98
99
100
101
102
100
102
103
104
105
106
104
106
107
108
109
110
108
110
111
112
108
111
112
111
113
114
112
113
115
112
114
115
114
116
116
114
117
114
113
117
116
117
118
118
117
113
118
113
119
