MESH3
Base
296
0.263098,0.4882297,0.2363212
0.2440656,0.4882297,0.2363212
0.3344244,7.376E-05,0.3241432
0.3602768,7.376E-05,0.3241432
0.3602768,7.376E-05,0.2954249
0.3337784,7.376E-05,0.2954249
0.2435895,0.4882297,0.2151788
0.263098,0.4882297,0.2151788
0.2416868,0.4882297,0.2342072
0.2416868,0.4882297,0.2170814
0.3311939,7.376E-05,0.2980092
0.3311939,7.376E-05,0.3212717
0.2654768,0.4882297,0.2172928
0.2654768,0.4882297,0.2342072
0.363508,7.376E-05,0.3212717
0.363508,7.376E-05,0.2982966
0.2654768,0.4882297,0.2172928
0.263098,0.4882297,0.2151788
0.2435895,0.4882297,0.2151788
0.2416868,0.4882297,0.2170814
0.2416868,0.4882297,0.2342072
0.2654768,0.4882297,0.2342072
0.263098,0.4882297,0.2363212
0.2440656,0.4882297,0.2363212
0.3311939,7.376E-05,0.2980092
0.3337784,7.376E-05,0.2954249
0.3602768,7.376E-05,0.2954249
0.363508,7.376E-05,0.2982966
0.3311939,7.376E-05,0.3212717
0.363508,7.376E-05,0.3212717
0.3344244,7.376E-05,0.3241432
0.3602768,7.376E-05,0.3241432
0.363508,7.376E-05,0.3212717
0.2654768,0.4882297,0.2342072
0.263098,0.4882297,0.2363212
0.3602768,7.376E-05,0.3241432
0.3344244,7.376E-05,0.3241432
0.2440656,0.4882297,0.2363212
0.2416868,0.4882297,0.2342072
0.3311939,7.376E-05,0.3212717
0.2654768,0.4882297,0.2172928
0.363508,7.376E-05,0.2982966
0.3602768,7.376E-05,0.2954249
0.263098,0.4882297,0.2151788
0.2435895,0.4882297,0.2151788
0.3337784,7.376E-05,0.2954249
0.3311939,7.376E-05,0.2980092
0.2416868,0.4882297,0.2170814
0.263098,0.4882297,-0.217978
0.2440656,0.4882297,-0.217978
0.3344244,7.376E-05,-0.2982241
0.3602768,7.376E-05,-0.2982241
0.3602768,7.376E-05,-0.3269424
0.3337784,7.376E-05,-0.3269424
0.2435895,0.4882297,-0.2391204
0.263098,0.4882297,-0.2391204
0.2416868,0.4882297,-0.220092
0.2416868,0.4882297,-0.2372177
0.3311939,7.376E-05,-0.3243579
0.3311939,7.376E-05,-0.3010958
0.2654768,0.4882297,-0.2370064
0.2654768,0.4882297,-0.220092
0.363508,7.376E-05,-0.3010958
0.363508,7.376E-05,-0.3240709
0.2654768,0.4882297,-0.2370064
0.263098,0.4882297,-0.2391204
0.2435895,0.4882297,-0.2391204
0.2416868,0.4882297,-0.2372177
0.2416868,0.4882297,-0.220092
0.2654768,0.4882297,-0.220092
0.263098,0.4882297,-0.217978
0.2440656,0.4882297,-0.217978
0.3311939,7.376E-05,-0.3243579
0.3337784,7.376E-05,-0.3269424
0.3602768,7.376E-05,-0.3269424
0.363508,7.376E-05,-0.3240709
0.3311939,7.376E-05,-0.3010958
0.363508,7.376E-05,-0.3010958
0.3344244,7.376E-05,-0.2982241
0.3602768,7.376E-05,-0.2982241
0.363508,7.376E-05,-0.3010958
0.2654768,0.4882297,-0.220092
0.263098,0.4882297,-0.217978
0.3602768,7.376E-05,-0.2982241
0.3344244,7.376E-05,-0.2982241
0.2440656,0.4882297,-0.217978
0.2416868,0.4882297,-0.220092
0.3311939,7.376E-05,-0.3010958
0.2654768,0.4882297,-0.2370064
0.363508,7.376E-05,-0.3240709
0.3602768,7.376E-05,-0.3269424
0.263098,0.4882297,-0.2391204
0.2435895,0.4882297,-0.2391204
0.3337784,7.376E-05,-0.3269424
0.3311939,7.376E-05,-0.3243579
0.2416868,0.4882297,-0.2372177
-0.2486824,0.4882297,-0.217978
-0.2677148,0.4882297,-0.217978
-0.3648938,7.376E-05,-0.2982241
-0.3390417,7.376E-05,-0.2982241
-0.3390417,7.376E-05,-0.3269424
-0.3655404,7.376E-05,-0.3269424
-0.2681909,0.4882297,-0.2391204
-0.2486824,0.4882297,-0.2391204
-0.2700936,0.4882297,-0.220092
-0.2700936,0.4882297,-0.2372177
-0.3681248,7.376E-05,-0.3243579
-0.3681248,7.376E-05,-0.3010958
-0.2463036,0.4882297,-0.2370064
-0.2463036,0.4882297,-0.220092
-0.3358105,7.376E-05,-0.3010958
-0.3358105,7.376E-05,-0.3240709
-0.2463036,0.4882297,-0.2370064
-0.2486824,0.4882297,-0.2391204
-0.2681909,0.4882297,-0.2391204
-0.2700936,0.4882297,-0.2372177
-0.2700936,0.4882297,-0.220092
-0.2463036,0.4882297,-0.220092
-0.2486824,0.4882297,-0.217978
-0.2677148,0.4882297,-0.217978
-0.3681248,7.376E-05,-0.3243579
-0.3655404,7.376E-05,-0.3269424
-0.3390417,7.376E-05,-0.3269424
-0.3358105,7.376E-05,-0.3240709
-0.3681248,7.376E-05,-0.3010958
-0.3358105,7.376E-05,-0.3010958
-0.3648938,7.376E-05,-0.2982241
-0.3390417,7.376E-05,-0.2982241
-0.3358105,7.376E-05,-0.3010958
-0.2463036,0.4882297,-0.220092
-0.2486824,0.4882297,-0.217978
-0.3390417,7.376E-05,-0.2982241
-0.3648938,7.376E-05,-0.2982241
-0.2677148,0.4882297,-0.217978
-0.2700936,0.4882297,-0.220092
-0.3681248,7.376E-05,-0.3010958
-0.2463036,0.4882297,-0.2370064
-0.3358105,7.376E-05,-0.3240709
-0.3390417,7.376E-05,-0.3269424
-0.2486824,0.4882297,-0.2391204
-0.2681909,0.4882297,-0.2391204
-0.3655404,7.376E-05,-0.3269424
-0.3681248,7.376E-05,-0.3243579
-0.2700936,0.4882297,-0.2372177
-0.2486824,0.4882297,0.2363212
-0.2677148,0.4882297,0.2363212
-0.3648938,7.376E-05,0.3241432
-0.3390417,7.376E-05,0.3241432
-0.3390417,7.376E-05,0.2954249
-0.3655404,7.376E-05,0.2954249
-0.2681909,0.4882297,0.2151788
-0.2486824,0.4882297,0.2151788
-0.2700936,0.4882297,0.2342072
-0.2700936,0.4882297,0.2170814
-0.3681248,7.376E-05,0.2980092
-0.3681248,7.376E-05,0.3212717
-0.2463036,0.4882297,0.2172928
-0.2463036,0.4882297,0.2342072
-0.3358105,7.376E-05,0.3212717
-0.3358105,7.376E-05,0.2982966
-0.2463036,0.4882297,0.2172928
-0.2486824,0.4882297,0.2151788
-0.2681909,0.4882297,0.2151788
-0.2700936,0.4882297,0.2170814
-0.2700936,0.4882297,0.2342072
-0.2463036,0.4882297,0.2342072
-0.2486824,0.4882297,0.2363212
-0.2677148,0.4882297,0.2363212
-0.3681248,7.376E-05,0.2980092
-0.3655404,7.376E-05,0.2954249
-0.3390417,7.376E-05,0.2954249
-0.3358105,7.376E-05,0.2982966
-0.3681248,7.376E-05,0.3212717
-0.3358105,7.376E-05,0.3212717
-0.3648938,7.376E-05,0.3241432
-0.3390417,7.376E-05,0.3241432
-0.3358105,7.376E-05,0.3212717
-0.2463036,0.4882297,0.2342072
-0.2486824,0.4882297,0.2363212
-0.3390417,7.376E-05,0.3241432
-0.3648938,7.376E-05,0.3241432
-0.2677148,0.4882297,0.2363212
-0.2700936,0.4882297,0.2342072
-0.3681248,7.376E-05,0.3212717
-0.2463036,0.4882297,0.2172928
-0.3358105,7.376E-05,0.2982966
-0.3390417,7.376E-05,0.2954249
-0.2486824,0.4882297,0.2151788
-0.2681909,0.4882297,0.2151788
-0.3655404,7.376E-05,0.2954249
-0.3681248,7.376E-05,0.2980092
-0.2700936,0.4882297,0.2170814
0.2759297,0.3295721,-0.2435161
0.2759297,0.3295721,0.2434083
-0.2761317,0.3295721,0.2434083
-0.2761317,0.3295721,-0.2435161
0.2828915,0.4935911,0.2495135
0.2828915,0.4935911,-0.2495135
0.2798879,0.5020903,-0.2452722
0.2798879,0.5020903,0.2452722
0.2798879,0.5020903,0.2452722
-0.2798879,0.5020903,0.2452722
-0.2828915,0.4935911,0.2495135
0.2828915,0.4935911,0.2495135
-0.2798879,0.5020903,0.2452722
-0.2798879,0.5020903,-0.2452722
-0.2828915,0.4935911,-0.2495135
-0.2828915,0.4935911,0.2495135
0.2828915,0.4935911,-0.2495135
-0.2828915,0.4935911,-0.2495135
-0.2798879,0.5020903,-0.2452722
0.2798879,0.5020903,-0.2452722
0.2828915,0.4792496,0.2495135
0.2828915,0.4935911,0.2495135
-0.2828915,0.4935911,0.2495135
-0.2828915,0.4792496,0.2495135
0.2798879,0.5020903,0.2452722
0.2798879,0.5020903,-0.2452722
-0.2798879,0.5020903,-0.2452722
-0.2798879,0.5020903,0.2452722
0.2828915,0.4935911,-0.2495135
0.2828915,0.4792496,-0.2495135
-0.2828915,0.4792496,-0.2495135
-0.2828915,0.4935911,-0.2495135
-0.2828915,0.4792496,0.2495135
-0.2828915,0.4935911,0.2495135
-0.2828915,0.4935911,-0.2495135
-0.2828915,0.4792496,-0.2495135
0.2828915,0.4792496,-0.2495135
0.2828915,0.4935911,-0.2495135
0.2828915,0.4935911,0.2495135
0.2828915,0.4792496,0.2495135
0.2828915,0.4792496,-0.2495135
0.2498875,0.4792496,-0.2204036
-0.2498875,0.4792496,-0.2204036
-0.2828915,0.4792496,-0.2495135
-0.2828915,0.4792496,-0.2495135
-0.2498875,0.4792496,-0.2204036
-0.2498875,0.4680903,0.2204036
-0.2828915,0.4792496,0.2495135
-0.2828915,0.4792496,0.2495135
-0.2498875,0.4680903,0.2204036
0.2498875,0.4680903,0.2204036
0.2828915,0.4792496,0.2495135
0.2828915,0.4792496,0.2495135
0.2498875,0.4680903,0.2204036
0.2498875,0.4792496,-0.2204036
0.2828915,0.4792496,-0.2495135
0.2498875,0.4792496,-0.2204036
0.2759297,0.3295721,-0.2435161
-0.2761317,0.3295721,-0.2435161
-0.2498875,0.4792496,-0.2204036
-0.2498875,0.4792496,-0.2204036
-0.2761317,0.3295721,-0.2435161
-0.2761317,0.3295721,0.2434083
-0.2498875,0.4680903,0.2204036
0.2498875,0.4680903,0.2204036
0.2759297,0.3295721,0.2434083
0.2759297,0.3295721,-0.2435161
0.2498875,0.4792496,-0.2204036
0.2498875,0.4680903,0.2204036
-0.2498875,0.4680903,0.2204036
-0.2385951,0.4610525,0.2213427
0.238586,0.4610525,0.2213427
-0.2498875,0.4680903,0.2204036
-0.2761317,0.3295721,0.2434083
-0.2636529,0.3366922,0.2425356
-0.2385951,0.4610525,0.2213427
0.2498875,0.4680903,0.2204036
0.238586,0.4610525,0.2213427
0.2634509,0.3366922,0.2425356
0.2759297,0.3295721,0.2434083
0.2759297,0.3295721,0.2434083
0.2634509,0.3366922,0.2425356
-0.2636529,0.3366922,0.2425356
-0.2761317,0.3295721,0.2434083
-0.2385951,0.4610525,0.2213427
-0.2415613,0.4617566,-0.1818204
0.2415546,0.4617566,-0.1818204
0.238586,0.4610525,0.2213427
-0.2636529,0.3366922,0.2425356
-0.2669307,0.3317216,-0.204798
-0.2415613,0.4617566,-0.1818204
-0.2385951,0.4610525,0.2213427
0.238586,0.4610525,0.2213427
0.2415546,0.4617566,-0.1818204
0.2667287,0.3317216,-0.204798
0.2634509,0.3366922,0.2425356
0.2634509,0.3366922,0.2425356
0.2667287,0.3317216,-0.204798
-0.2669307,0.3317216,-0.204798
-0.2636529,0.3366922,0.2425356
-0.2415613,0.4617566,-0.1818204
-0.2669307,0.3317216,-0.204798
0.2667287,0.3317216,-0.204798
0.2415546,0.4617566,-0.1818204
296
0.1782383,0.6199834
0.1520562,0.620442
0.1563206,0.8641891
0.1825027,0.8637307
0.09780991,0.8668493
0.1246206,0.8648887
0.1203514,0.6208504
0.09348774,0.6198294
0.1491483,0.6204921
0.1255885,0.6209043
0.129853,0.8646514
0.1534127,0.8642393
0.09060824,0.6215169
0.06733966,0.6219233
0.07160401,0.8656706
0.09487259,0.8652641
0.09060824,0.6215169
0.09348774,0.6198294
0.09299338,0.5915014
0.0903275,0.5887845
0.06676769,0.5891967
0.06733966,0.6219233
0.06440341,0.620338
0.06391752,0.5925195
0.09573674,0.8979851
0.09830511,0.8951764
0.09780991,0.8668493
0.09487259,0.8652641
0.07217693,0.8983983
0.07160401,0.8656706
0.06921148,0.8951764
0.06872451,0.867358
0.07160401,0.8656706
0.06733966,0.6219233
0.06440341,0.620338
0.06872451,0.867358
0.1563206,0.8641891
0.1520562,0.620442
0.1491483,0.6204921
0.1534127,0.8642393
0.09060824,0.6215169
0.09487259,0.8652641
0.09780991,0.8668493
0.09348774,0.6198294
0.1203514,0.6208504
0.1246206,0.8648887
0.129853,0.8646514
0.1255885,0.6209043
0.4173644,0.6201796
0.3911777,0.620189
0.3912609,0.8639731
0.4174467,0.8639646
0.3327122,0.8656294
0.3595532,0.8641291
0.359471,0.6200538
0.3326289,0.6185725
0.3882689,0.62019
0.3647063,0.6201975
0.3647885,0.8639825
0.388352,0.8639742
0.3297202,0.6202098
0.3064487,0.6202174
0.306531,0.8640013
0.3298034,0.8639939
0.3297202,0.6202098
0.3326289,0.6185725
0.3326196,0.5902397
0.3300009,0.5874775
0.3064384,0.587485
0.3064487,0.6202174
0.303539,0.618582
0.3035305,0.5907586
0.3301049,0.8967262
0.3327217,0.893962
0.3327122,0.8656294
0.3298034,0.8639939
0.3065424,0.8967338
0.306531,0.8640013
0.3036326,0.893462
0.3036232,0.8656397
0.306531,0.8640013
0.3064487,0.6202174
0.303539,0.618582
0.3036232,0.8656397
0.3912609,0.8639731
0.3911777,0.620189
0.3882689,0.62019
0.388352,0.8639742
0.3297202,0.6202098
0.3298034,0.8639939
0.3327122,0.8656294
0.3326289,0.6185725
0.359471,0.6200538
0.3595532,0.8641291
0.3647885,0.8639825
0.3647063,0.6201975
0.728966,0.8637421
0.7551519,0.8637421
0.7551519,0.619958
0.728966,0.619958
0.8137004,0.6183216
0.7868594,0.6198124
0.7868594,0.8638877
0.8137004,0.8653786
0.7580607,0.8637421
0.7816232,0.8637421
0.7816242,0.619958
0.7580607,0.619958
0.8166093,0.8637421
0.8398815,0.863743
0.8398815,0.619958
0.8166093,0.619958
0.8166093,0.8637421
0.8137004,0.8653786
0.8136996,0.8937102
0.8163182,0.8964745
0.8398807,0.8964745
0.8398815,0.863743
0.8427904,0.8653786
0.8427895,0.8932016
0.8163182,0.5872256
0.8137004,0.5899889
0.8137004,0.6183216
0.8166093,0.619958
0.8398815,0.5872256
0.8398815,0.619958
0.8427904,0.5904983
0.8427904,0.6183216
0.8398815,0.619958
0.8398815,0.863743
0.8427904,0.8653786
0.8427904,0.6183216
0.7551519,0.619958
0.7551519,0.8637421
0.7580607,0.8637421
0.7580607,0.619958
0.8166093,0.8637421
0.8166093,0.619958
0.8137004,0.6183216
0.8137004,0.8653786
0.7868594,0.8638877
0.7868594,0.6198124
0.7816242,0.619958
0.7816232,0.8637421
0.480686,0.8371395
0.5068719,0.837164
0.5071036,0.59338
0.4809167,0.5933554
0.565654,0.5917994
0.5388111,0.5932646
0.5385786,0.8373399
0.5654187,0.8388562
0.5097808,0.8371669
0.5333433,0.8371896
0.5335749,0.5934055
0.5100124,0.5933828
0.5683294,0.8372227
0.5916017,0.8372453
0.5918324,0.5934603
0.568561,0.5934386
0.5683294,0.8372227
0.5654187,0.8388562
0.5653912,0.867188
0.568006,0.8699541
0.5915696,0.8699768
0.5916017,0.8372453
0.5945086,0.8388846
0.5944812,0.8667068
0.568301,0.5607063
0.5656805,0.5634667
0.565654,0.5917994
0.568561,0.5934386
0.5918636,0.560729
0.5918324,0.5934603
0.5947696,0.5640045
0.5947431,0.5918268
0.5918324,0.5934603
0.5916017,0.8372453
0.5945086,0.8388846
0.5947431,0.5918268
0.5071036,0.59338
0.5068719,0.837164
0.5097808,0.8371669
0.5100124,0.5933828
0.5683294,0.8372227
0.568561,0.5934386
0.565654,0.5917994
0.5654187,0.8388562
0.5385786,0.8373399
0.5388111,0.5932646
0.5335749,0.5934055
0.5333433,0.8371896
0.1031743,0.9046934
0.3775842,0.9074301
0.3806869,0.5963117
0.106277,0.593575
0.6490763,0.9135324
0.9303204,0.9135324
0.9279306,0.9087423
0.6514662,0.9087423
0.6514662,0.9087423
0.6514662,0.5932609
0.6466762,0.5915679
0.6466762,0.9104354
0.6514662,0.5932609
0.9279306,0.5932609
0.9303204,0.5884709
0.6490763,0.5884709
0.9327207,0.9104354
0.9327207,0.5915679
0.9279306,0.5932609
0.9279306,0.9087423
0.6385936,0.9104354
0.6466762,0.9104354
0.6466762,0.5915679
0.6385936,0.5915679
0.6514662,0.9087423
0.9279306,0.9087423
0.9279306,0.5932609
0.6514662,0.5932609
0.9327207,0.9104354
0.9408034,0.9104354
0.9408034,0.5915679
0.9327207,0.5915679
0.6490763,0.5803882
0.6490763,0.5884709
0.9303204,0.5884709
0.9303204,0.5803882
0.9303204,0.921615
0.9303204,0.9135324
0.6490763,0.9135324
0.6490763,0.921615
0.9408034,0.9104354
0.9572088,0.891835
0.9572088,0.6101692
0.9408034,0.5915679
0.9303204,0.5803882
0.9139141,0.5617877
0.6654818,0.5617877
0.6490763,0.5803882
0.6385936,0.5915679
0.6221881,0.6101683
0.6221881,0.891835
0.6385936,0.9104354
0.6490763,0.921615
0.6654828,0.9402155
0.913915,0.9402155
0.9303204,0.921615
0.8755777,0.8649888
0.9599342,0.8796661
0.9599342,0.5685322
0.8755777,0.583323
0.1201435,0.5093527
0.106277,0.593575
0.3806869,0.5963117
0.3685007,0.5181193
0.3638409,0.9853638
0.3775842,0.9074301
0.1031743,0.9046934
0.1153583,0.9891756
0.4236755,0.8944345
0.4236755,0.6127688
0.4197088,0.6191328
0.4197088,0.8880657
0.49343,0.8429785
0.4816399,0.9052044
0.4872457,0.9020054
0.4985028,0.8461397
0.4569258,0.8408514
0.4518484,0.8440127
0.4630186,0.8998793
0.4686245,0.9030775
0.3775842,0.9074301
0.3816642,0.900438
0.3846267,0.6033846
0.3806869,0.5963117
0.4197088,0.6191328
0.1924918,0.6174613
0.1924918,0.8897381
0.4197088,0.8880657
0.3846267,0.6033846
0.6367479,0.6040509
0.6231806,0.5308778
0.3959755,0.533198
0.39161,0.970836
0.6187247,0.9776881
0.6337486,0.9047993
0.3816642,0.900438
0.3816642,0.900438
0.6337486,0.9047993
0.6367479,0.6040509
0.3846267,0.6033846
0.7098854,0.6190791
0.6367479,0.6040509
0.6337486,0.9047993
0.7071701,0.8913431
1
492
0
1
2
0
2
3
4
5
6
4
6
7
8
9
10
8
10
11
12
13
14
12
14
15
16
17
18
18
19
16
19
20
16
20
21
16
20
22
21
20
23
22
24
25
26
26
27
24
27
28
24
27
29
28
29
30
28
29
31
30
32
33
34
32
34
35
36
37
38
36
38
39
40
41
42
40
42
43
44
45
46
44
46
47
48
49
50
48
50
51
52
53
54
52
54
55
56
57
58
56
58
59
60
61
62
60
62
63
64
65
66
66
67
64
67
68
64
68
69
64
68
70
69
68
71
70
72
73
74
74
75
72
75
76
72
75
77
76
77
78
76
77
79
78
80
81
82
80
82
83
84
85
86
84
86
87
88
89
90
88
90
91
92
93
94
92
94
95
96
97
98
96
98
99
100
101
102
100
102
103
104
105
106
104
106
107
108
109
110
108
110
111
112
113
114
114
115
112
115
116
112
116
117
112
116
118
117
116
119
118
120
121
122
122
123
120
123
124
120
123
125
124
125
126
124
125
127
126
128
129
130
128
130
131
132
133
134
132
134
135
136
137
138
136
138
139
140
141
142
140
142
143
144
145
146
144
146
147
148
149
150
148
150
151
152
153
154
152
154
155
156
157
158
156
158
159
160
161
162
162
163
160
163
164
160
164
165
160
164
166
165
164
167
166
168
169
170
170
171
168
171
172
168
171
173
172
173
174
172
173
175
174
176
177
178
176
178
179
180
181
182
180
182
183
184
185
186
184
186
187
188
189
190
188
190
191
192
193
194
192
194
195
196
197
198
196
198
199
200
201
202
200
202
203
204
205
206
204
206
207
208
209
210
208
210
211
212
213
214
212
214
215
216
217
218
216
218
219
220
221
222
220
222
223
224
225
226
224
226
227
228
229
230
228
230
231
232
233
234
232
234
235
236
237
238
236
238
239
240
241
242
240
242
243
244
245
246
244
246
247
248
249
250
248
250
251
252
253
254
252
254
255
256
257
258
256
258
259
260
261
262
260
262
263
264
265
266
264
266
267
268
269
270
268
270
271
272
273
274
272
274
275
276
277
278
276
278
279
280
281
282
280
282
283
284
285
286
284
286
287
288
289
290
288
290
291
292
293
294
292
294
295
