MESH3
BathroomSink_Bottom
617
0.01150208,0.5112455,0.007786023
0.01150208,0.5309753,0.007786023
0.00044495,0.5112455,0.007488934
0.00044495,0.5309753,0.007488934
0.01103455,0.5368042,0.007753833
-0.00483459,0.5309715,-0.002015456
-0.00482635,0.5112455,-0.002235036
-0.00161255,0.5414034,0.006024093
0.00896332,0.549109,0.006524883
-0.00151672,0.5532909,0.005143204
-0.00586304,0.5429486,-0.001751026
-0.00487488,0.5551931,-0.001301346
0.00013062,0.5532909,-0.01006897
0.00022644,0.5414034,-0.01094986
0.00095917,0.5309753,-0.01166214
0.00095917,0.5112455,-0.01166214
0.00095917,0.5112455,-0.01166214
0.00095917,0.5309753,-0.01166214
0.0120163,0.5112455,-0.01136513
0.0120163,0.5309753,-0.01136513
0.01286163,0.5367201,-0.01104004
0.00022644,0.5414034,-0.01094986
0.01066406,0.549109,-0.009173886
0.00013062,0.5532909,-0.01006897
0.00736359,0.5519653,0.000143894
-0.00487488,0.5551931,-0.001301346
-0.00151672,0.5532909,0.005143204
0.00896332,0.549109,0.006524883
0.0120163,0.5112455,-0.01136513
0.0120163,0.5309753,-0.01136513
0.0172876,0.5112455,-0.001641086
0.0172876,0.5309753,-0.001641086
0.01761902,0.5325242,-0.001420896
0.01286163,0.5367201,-0.01104004
0.1840976,0.4572296,0.009345094
0.1799448,0.4572296,0.01859359
0.1823972,0.4572296,0.02504387
0.01103455,0.5368042,0.007753833
0.01150208,0.5309753,0.007786023
0.01150208,0.5112455,0.007786023
0.00623077,0.5112455,-0.001938096
0.00044495,0.5112455,0.007488934
0.0120163,0.5112455,-0.01136513
-0.00482635,0.5112455,-0.002235036
0.00095917,0.5112455,-0.01166214
0.2162466,0.4481727,0.03489532
0.2162466,0.4318776,0.03489532
0.2245535,0.4318776,0.01639824
0.2245535,0.4481727,0.01639824
0.2196487,0.4318776,0.003497844
0.2162466,0.4695609,0.03489532
0.2196487,0.4481727,0.003497844
0.2011514,0.4318776,-0.004808046
0.2245535,0.4695609,0.01639824
0.2162466,0.5681482,0.03489532
0.2245535,0.5681482,0.01639824
0.2162466,0.5813898,0.03489532
0.2245535,0.5813898,0.01639824
0.2196487,0.4695609,0.003497844
0.2196487,0.5681482,0.003497844
0.2196487,0.5813898,0.003497844
0.2011514,0.4481727,-0.004808046
0.2011514,0.5681482,-0.004808046
0.2011514,0.5813898,-0.004808046
0.2011514,0.4695609,-0.004808046
0.188251,0.4481727,9.67437E-05
0.188251,0.4318776,9.67437E-05
0.1799448,0.4318776,0.01859359
0.188251,0.4695609,9.67437E-05
0.188251,0.5681482,9.67437E-05
0.188251,0.5813898,9.67437E-05
0.1840976,0.4572296,0.009345094
0.1799448,0.4572296,0.01859359
0.1840976,0.4695609,0.009345094
0.1848495,0.4318776,0.03149398
0.1823972,0.4572296,0.02504387
0.1799448,0.5727512,0.01859344
0.1799448,0.5813898,0.01859359
0.1799448,0.4706053,0.01859359
0.1823972,0.4695609,0.02504387
0.1848492,0.5730689,0.03149406
0.1848495,0.4481727,0.03149398
0.2033466,0.4318776,0.03980011
0.1848495,0.4695609,0.03149398
0.2033466,0.4481727,0.03980011
0.2162466,0.4318776,0.03489532
0.2162466,0.4481727,0.03489532
0.2033466,0.4695609,0.03980011
0.2162466,0.4695609,0.03489532
0.2162466,0.5681482,0.03489532
0.2033466,0.5730689,0.03980011
0.2162466,0.5813898,0.03489532
0.2033466,0.5813898,0.03980011
0.1823972,0.4572296,0.02504387
0.1823972,0.4695609,0.02504387
0.01103455,0.5368042,0.007753833
0.00896332,0.549109,0.006524883
0.1799448,0.4706053,0.01859359
0.00736359,0.5519653,0.000143894
0.01066406,0.549109,-0.009173886
0.1840976,0.4695609,0.009345094
0.01286163,0.5367201,-0.01104004
0.1840976,0.4572296,0.009345094
0.1326889,0.5765041,0.1060284
0.1199426,0.5765052,0.0956607
0.1326889,0.5728159,0.1060284
0.1199426,0.572817,0.0956607
0.1109821,0.5765063,0.08401313
0.1109821,0.5727296,0.08401313
0.2033466,0.5813898,0.03980011
0.1326889,0.5765041,0.1060284
0.2033466,0.5730689,0.03980011
0.1326889,0.5728159,0.1060284
0.2033466,0.5730689,0.03980011
0.1326889,0.5728159,0.1060284
0.1848492,0.5730689,0.03149406
0.1199426,0.572817,0.0956607
0.1109821,0.5727296,0.08401313
0.1799448,0.5727512,0.01859344
0.1799448,0.5813898,0.01859359
0.1799448,0.5727512,0.01859344
0.1109821,0.5765063,0.08401313
0.1109821,0.5727296,0.08401313
-0.400316,-0.5513898,-1.033653
-0.400316,-0.5813898,-1.033653
-0.3649306,-0.5813898,-1.033653
-0.3649306,-0.5513898,-1.033653
0.3662499,-0.5813898,-1.033653
0.3662499,-0.5513898,-1.033653
-0.3649306,0.1719944,-1.033653
-0.400316,-0.5513898,-1.033653
-0.400316,0.1719944,-1.033653
-0.3649306,0.3173046,-1.033653
-0.400316,0.3173046,-1.033653
0.3662499,0.1719944,-1.033653
0.3662499,0.3173046,-1.033653
0.4016349,0.3173046,-1.033653
0.4016349,0.1719944,-1.033653
0.4016349,-0.5513898,-1.033653
0.4016349,-0.5513898,-1.033653
0.3662499,-0.5813898,-1.033653
0.4016349,-0.5813898,-1.033653
-0.400316,0.3173046,-1.110653
-0.400316,0.3173046,-1.033653
-0.3649306,0.3173046,-1.033653
-0.3649306,0.3173046,-1.110653
0.3662499,0.3173046,-1.033653
0.3662499,0.3173046,-1.110653
0.4016349,0.3173046,-1.110653
0.4016349,0.3173046,-1.033653
-0.3649306,-0.5813898,-1.033653
-0.400316,-0.5813898,-1.033653
-0.3649306,-0.5813898,-1.110653
-0.400316,-0.5813898,-1.110653
-0.400316,-0.5813898,-1.033653
-0.400316,-0.5513898,-1.033653
-0.400316,-0.5813898,-1.110653
-0.400316,-0.5513898,-1.110653
-0.400316,0.1719944,-1.033653
-0.400316,0.1719944,-1.110653
-0.400316,0.3173046,-1.033653
-0.400316,0.3173046,-1.110653
0.4016349,-0.5813898,-1.110653
0.4016349,-0.5513898,-1.110653
0.4016349,-0.5813898,-1.033653
0.4016349,-0.5513898,-1.033653
0.4016349,0.1719944,-1.110653
0.4016349,0.1719944,-1.033653
0.4016349,0.3173046,-1.110653
0.4016349,0.3173046,-1.033653
0.4016349,-0.5813898,-1.110653
0.4016349,-0.5813898,-1.033653
0.3662499,-0.5813898,-1.110653
0.3662499,-0.5813898,-1.033653
0.3662499,-0.5813898,-1.033653
-0.3649306,-0.5813898,-1.033653
0.3662499,-0.5813898,-1.110653
-0.3649306,-0.5813898,-1.110653
0.3662499,-0.5513898,-1.110653
-0.3649306,-0.5513898,-1.110653
0.3662499,-0.5513898,-1.033653
-0.3649306,-0.5513898,-1.033653
0.3662499,0.3173046,-1.110653
0.4016349,0.3173046,-1.110653
0.4016349,0.1719944,-1.110653
0.3662499,0.1719944,-1.110653
0.4016349,-0.5513898,-1.110653
-0.3649306,0.1719944,-1.110653
0.3662499,-0.5513898,-1.110653
-0.3649306,0.3173046,-1.110653
-0.400316,0.3173046,-1.110653
-0.400316,0.1719944,-1.110653
0.4016349,-0.5813898,-1.110653
0.3662499,-0.5813898,-1.110653
-0.3649306,-0.5813898,-1.110653
-0.3649306,-0.5513898,-1.110653
-0.400316,-0.5513898,-1.110653
-0.400316,-0.5813898,-1.110653
-0.3649306,-0.5513898,-1.110653
-0.3649306,0.1719944,-1.110653
-0.3649306,-0.5513898,-1.033653
-0.3649306,0.1719944,-1.033653
0.3662499,-0.5513898,-1.033653
0.3662499,0.1719944,-1.033653
0.3662499,-0.5513898,-1.110653
0.3662499,0.1719944,-1.110653
-0.3649306,0.1719944,-1.110653
0.3662499,0.1719944,-1.110653
-0.3649306,0.1719944,-1.033653
0.3662499,0.1719944,-1.033653
-0.400316,-0.5513898,1.110653
-0.400316,-0.5813898,1.110653
-0.3649306,-0.5813898,1.110653
-0.3649306,-0.5513898,1.110653
0.3662499,-0.5813898,1.110653
0.3662499,-0.5513898,1.110653
-0.3649306,0.1719944,1.110653
-0.400316,-0.5513898,1.110653
-0.400316,0.1719944,1.110653
-0.3649306,0.3173046,1.110653
-0.400316,0.3173046,1.110653
0.3662499,0.1719944,1.110653
0.3662499,0.3173046,1.110653
0.4016349,0.3173046,1.110653
0.4016349,0.1719944,1.110653
0.4016349,-0.5513898,1.110653
0.4016349,-0.5513898,1.110653
0.3662499,-0.5813898,1.110653
0.4016349,-0.5813898,1.110653
-0.400316,0.3173046,1.033653
-0.400316,0.3173046,1.110653
-0.3649306,0.3173046,1.110653
-0.3649306,0.3173046,1.033653
0.3662499,0.3173046,1.110653
0.3662499,0.3173046,1.033653
0.4016349,0.3173046,1.033653
0.4016349,0.3173046,1.110653
-0.3649306,-0.5813898,1.110653
-0.400316,-0.5813898,1.110653
-0.3649306,-0.5813898,1.033653
-0.400316,-0.5813898,1.033653
-0.400316,-0.5813898,1.110653
-0.400316,-0.5513898,1.110653
-0.400316,-0.5813898,1.033653
-0.400316,-0.5513898,1.033653
-0.400316,0.1719944,1.110653
-0.400316,0.1719944,1.033653
-0.400316,0.3173046,1.110653
-0.400316,0.3173046,1.033653
0.4016349,-0.5813898,1.033653
0.4016349,-0.5513898,1.033653
0.4016349,-0.5813898,1.110653
0.4016349,-0.5513898,1.110653
0.4016349,0.1719944,1.033653
0.4016349,0.1719944,1.110653
0.4016349,0.3173046,1.033653
0.4016349,0.3173046,1.110653
0.4016349,-0.5813898,1.033653
0.4016349,-0.5813898,1.110653
0.3662499,-0.5813898,1.033653
0.3662499,-0.5813898,1.110653
0.3662499,-0.5813898,1.110653
-0.3649306,-0.5813898,1.110653
0.3662499,-0.5813898,1.033653
-0.3649306,-0.5813898,1.033653
0.3662499,-0.5513898,1.033653
-0.3649306,-0.5513898,1.033653
0.3662499,-0.5513898,1.110653
-0.3649306,-0.5513898,1.110653
0.3662499,0.3173046,1.033653
0.4016349,0.3173046,1.033653
0.4016349,0.1719944,1.033653
0.3662499,0.1719944,1.033653
0.4016349,-0.5513898,1.033653
-0.3649306,0.1719944,1.033653
0.3662499,-0.5513898,1.033653
-0.3649306,0.3173046,1.033653
-0.400316,0.3173046,1.033653
-0.400316,0.1719944,1.033653
0.4016349,-0.5813898,1.033653
0.3662499,-0.5813898,1.033653
-0.3649306,-0.5813898,1.033653
-0.3649306,-0.5513898,1.033653
-0.400316,-0.5513898,1.033653
-0.400316,-0.5813898,1.033653
-0.3649306,-0.5513898,1.033653
-0.3649306,0.1719944,1.033653
-0.3649306,-0.5513898,1.110653
-0.3649306,0.1719944,1.110653
0.3662499,-0.5513898,1.110653
0.3662499,0.1719944,1.110653
0.3662499,-0.5513898,1.033653
0.3662499,0.1719944,1.033653
-0.3649306,0.1719944,1.033653
0.3662499,0.1719944,1.033653
-0.3649306,0.1719944,1.110653
0.3662499,0.1719944,1.110653
0.3983652,0.1726161,-1.034049
0.3983652,0.1490108,-1.034049
-0.4016348,0.1726161,-1.034049
-0.4016349,0.1490108,-1.034049
0.3983652,0.01755607,-1.034049
-0.4016348,0.01755607,-1.034049
0.3983652,-0.004554756,-1.034049
-0.4016348,-0.004554756,-1.034049
0.3983652,-0.1497352,-1.034049
-0.4016348,-0.1497352,-1.034049
0.3983652,-0.1697047,-1.034049
-0.4016348,-0.1696902,-1.034049
-0.4016348,0.1726161,1.034844
-0.4016349,0.1490108,1.034844
0.3983652,0.1726161,1.034844
0.3983652,0.1490108,1.034844
-0.4016348,0.01755607,1.034844
0.3983652,0.01755607,1.034844
-0.4016348,-0.004554756,1.034844
0.3983652,-0.004554756,1.034844
-0.4016348,-0.1497352,1.034844
0.3983652,-0.1497352,1.034844
-0.4016348,-0.1696902,1.034844
0.3983652,-0.1697047,1.034844
0.3983652,-0.1697047,1.034844
-0.4016348,-0.1696902,1.034844
-0.4016348,-0.1696902,1.017753
0.3983652,-0.1697047,1.017753
-0.4016348,-0.1696902,0.5675438
0.3983652,-0.1697044,0.5675438
-0.4016348,-0.1696902,0.5540279
0.3983652,-0.1697044,0.5540279
-0.4016348,-0.1696902,0.02996689
0.3983651,-0.1697044,0.02996689
-0.4016348,-0.1696902,0.01522629
0.3983652,-0.1697044,0.01522629
-0.4016348,-0.1696902,-0.5510709
0.3983652,-0.1697044,-0.5510709
-0.4016348,-0.1696902,-0.5667476
0.3983652,-0.1697044,-0.5667476
-0.4016348,-0.1696902,-1.014982
0.3983652,-0.1697047,-1.014982
-0.4016348,-0.1696902,-1.034049
0.3983652,-0.1697047,-1.034049
0.3983652,0.1726161,1.034844
0.3983652,0.1490108,1.034844
0.3983652,0.1726161,1.017753
0.3983652,0.1490108,1.017753
0.3983652,0.01755607,1.034844
0.3983652,0.1490108,0.5675438
0.3983652,0.1726161,0.5675438
0.3983652,0.01755607,1.017753
0.3983652,-0.004554756,1.034844
0.3983652,0.01755607,0.5675438
0.3983652,0.1490108,0.5540279
0.3983652,0.1726161,0.5540279
0.3983652,-0.004554756,1.017753
0.3983652,-0.1497352,1.034844
0.3983652,-0.004554756,0.5675438
0.3983652,0.01755607,0.5540279
0.3983651,0.1490108,0.02996689
0.3983651,0.1726161,0.02996689
0.3983652,-0.1497352,1.017753
0.3983652,-0.1697047,1.034844
0.3983652,-0.1697047,1.017753
0.3983652,-0.1697044,0.5675438
0.3983652,-0.1497352,0.5675438
0.3983652,-0.1697044,0.5540279
0.3983652,-0.1497352,0.5540279
0.3983651,-0.1697044,0.02996689
0.3983652,-0.004554756,0.5540279
0.3983651,-0.1497352,0.02996689
0.3983652,-0.1697044,0.01522629
0.3983651,-0.004554756,0.02996689
0.3983652,-0.1497352,0.01522629
0.3983652,-0.1697044,-0.5510709
0.3983651,0.01755607,0.02996689
0.3983652,-0.1497352,-0.5510709
0.3983652,-0.1697044,-0.5667476
0.3983652,-0.004554756,0.01522629
0.3983652,0.01755607,0.01522629
0.3983652,-0.1497352,-0.5667476
0.3983652,-0.1697047,-1.014982
0.3983652,-0.004554756,-0.5510709
0.3983652,0.1490108,0.01522629
0.3983652,0.1726161,0.01522629
0.3983652,-0.1497352,-1.014982
0.3983652,-0.1697047,-1.034049
0.3983652,-0.1497352,-1.034049
0.3983652,-0.004554756,-0.5667476
0.3983652,0.01755603,-0.5510709
0.3983652,0.1490108,-0.5510709
0.3983652,0.1726161,-0.5510709
0.3983652,-0.004554756,-1.014982
0.3983652,-0.004554756,-1.034049
0.3983652,0.01755607,-0.5667476
0.3983652,0.1490108,-0.5667476
0.3983652,0.1726161,-0.5667476
0.3983652,0.01755607,-1.014982
0.3983652,0.01755607,-1.034049
0.3983652,0.1490108,-1.014982
0.3983652,0.1726161,-1.014982
0.3983652,0.1490108,-1.034049
0.3983652,0.1726161,-1.034049
0.2760826,-0.004554756,-1.014982
0.2760826,-0.1497352,-1.014982
0.2760826,-0.004554756,-0.5667482
0.2760826,-0.1497352,-0.5667482
0.2760825,0.1490115,-1.014982
0.2760826,0.01755683,-1.014982
0.2760825,0.1490115,-0.5667482
0.2760826,0.01755683,-0.5667482
0.2760826,-0.004554756,1.017753
0.2760826,-0.004554756,0.5675444
0.2760826,-0.1497352,1.017753
0.2760826,-0.1497352,0.5675444
0.2760825,0.1490108,1.017753
0.2760825,0.1490108,0.5675444
0.2760826,0.01755607,1.017753
0.2760826,0.01755607,0.5675444
-0.4016348,0.1726161,-1.034049
-0.4016349,0.1490108,-1.034049
-0.4016348,0.1726161,-1.014982
-0.4016349,0.1490108,-1.014982
-0.4016348,0.01755607,-1.034049
-0.4016348,0.1726161,-0.5667476
-0.4016348,0.01755607,-1.014982
-0.4016348,-0.004554756,-1.034049
-0.4016349,0.1490108,-0.5667476
-0.4016348,-0.004554756,-1.014982
-0.4016348,-0.1497352,-1.034049
-0.4016348,0.01755607,-0.5667476
-0.4016348,-0.1497352,-1.014982
-0.4016348,-0.1696902,-1.034049
-0.4016348,-0.1696902,-1.014982
-0.4016348,-0.1497352,-0.5667476
-0.4016348,-0.1696902,-0.5667476
-0.4016348,-0.004554756,-0.5667476
-0.4016348,-0.1497352,-0.5512775
-0.4016348,-0.1696902,-0.5510709
-0.4016348,-0.1696902,0.01522629
-0.4016348,-0.004554756,-0.5514841
-0.4016348,0.01755607,-0.5514841
-0.4016348,-0.1497352,0.01522629
-0.4016349,0.1490108,-0.5512775
-0.4016348,0.1726161,-0.5510709
-0.4016349,0.1490108,0.01522629
-0.4016348,-0.1696902,0.02996689
-0.4016348,0.1726161,0.01522629
-0.4016348,-0.1497352,0.02996689
-0.4016349,-0.005214851,0.01522629
-0.4016349,-0.005214851,0.02996689
-0.4016349,0.01706371,0.01522629
-0.4016349,0.01706371,0.02996689
-0.4016348,-0.1497352,0.5537226
-0.4016349,0.1490108,0.02996689
-0.4016348,0.1726161,0.02996689
-0.4016349,0.1490108,0.5537226
-0.4016348,-0.1696902,0.5540279
-0.4016348,0.1726161,0.5540279
-0.4016348,-0.1497352,0.5675438
-0.4016348,-0.1696902,0.5675438
-0.4016348,-0.004554756,0.5534173
-0.4016348,-0.1696902,1.017753
-0.4016348,-0.004554756,0.5675438
-0.4016348,-0.1497352,1.017753
-0.4016348,-0.1696902,1.034844
-0.4016348,-0.1497352,1.034844
-0.4016348,-0.004554756,1.034844
-0.4016348,-0.004554756,1.017753
-0.4016348,0.01755607,0.5534173
-0.4016348,0.01755607,1.034844
-0.4016348,0.01755607,0.5675438
-0.4016348,0.01755607,1.017753
-0.4016349,0.1490108,1.034844
-0.4016349,0.1490108,0.5675438
-0.4016348,0.1726161,0.5675438
-0.4016349,0.1490108,1.017753
-0.4016348,0.1726161,1.034844
-0.4016348,0.1726161,1.017753
-0.4016348,-0.004554756,-1.014982
0.2760826,-0.004554756,-1.014982
-0.4016348,-0.004554756,-0.5667476
0.2760826,-0.004554756,-0.5667482
-0.4016348,-0.004554756,-0.5667476
0.2760826,-0.004554756,-0.5667482
-0.4016348,-0.1497352,-0.5667476
0.2760826,-0.1497352,-0.5667482
-0.4016348,-0.1497352,-0.5667476
0.2760826,-0.1497352,-0.5667482
-0.4016348,-0.1497352,-1.014982
0.2760826,-0.1497352,-1.014982
-0.4016348,-0.1497352,-1.014982
0.2760826,-0.1497352,-1.014982
-0.4016348,-0.004554756,-1.014982
0.2760826,-0.004554756,-1.014982
-0.4016349,0.1490108,-1.014982
0.2760825,0.1490115,-1.014982
-0.4016349,0.1490108,-0.5667476
0.2760825,0.1490115,-0.5667482
-0.4016349,0.1490108,-0.5667476
0.2760825,0.1490115,-0.5667482
-0.4016348,0.01755607,-0.5667476
0.2760826,0.01755683,-0.5667482
-0.4016348,0.01755607,-0.5667476
0.2760826,0.01755683,-0.5667482
-0.4016348,0.01755607,-1.014982
0.2760826,0.01755683,-1.014982
-0.4016348,0.01755607,-1.014982
0.2760826,0.01755683,-1.014982
-0.4016349,0.1490108,-1.014982
0.2760825,0.1490115,-1.014982
-0.4016348,-0.004554756,1.017753
0.2760826,-0.004554756,1.017753
-0.4016348,-0.1497352,1.017753
0.2760826,-0.1497352,1.017753
-0.4016348,-0.1497352,1.017753
0.2760826,-0.1497352,1.017753
-0.4016348,-0.1497352,0.5675438
0.2760826,-0.1497352,0.5675444
-0.4016348,-0.1497352,0.5675438
0.2760826,-0.1497352,0.5675444
-0.4016348,-0.004554756,0.5675438
0.2760826,-0.004554756,0.5675444
-0.4016348,-0.004554756,0.5675438
0.2760826,-0.004554756,0.5675444
-0.4016348,-0.004554756,1.017753
0.2760826,-0.004554756,1.017753
-0.4016349,0.1490108,1.017753
0.2760825,0.1490108,1.017753
-0.4016348,0.01755607,1.017753
0.2760826,0.01755607,1.017753
-0.4016348,0.01755607,1.017753
0.2760826,0.01755607,1.017753
-0.4016348,0.01755607,0.5675438
0.2760826,0.01755607,0.5675444
-0.4016348,0.01755607,0.5675438
0.2760826,0.01755607,0.5675444
-0.4016349,0.1490108,0.5675438
0.2760825,0.1490108,0.5675444
-0.4016349,0.1490108,0.5675438
0.2760825,0.1490108,0.5675444
-0.4016349,0.1490108,1.017753
0.2760825,0.1490108,1.017753
0.2624725,0.01706371,0.02996689
0.2624725,0.1490095,0.02996689
-0.4016349,0.1490108,0.02996689
-0.4016349,0.01706371,0.02996689
0.2624725,-0.00521466,0.02996689
-0.4016349,-0.005214851,0.02996689
0.2624725,-0.1497342,0.02996689
-0.4016348,-0.1497352,0.02996689
-0.4016348,-0.1497352,0.5537226
0.2624725,-0.1497344,0.5537226
-0.4016348,-0.1497352,0.02996689
0.2624725,-0.1497342,0.02996689
-0.4016349,0.1490108,0.02996689
0.2624725,0.1490095,0.02996689
-0.4016349,0.1490108,0.5537226
0.2624725,0.1490097,0.5537226
0.2624725,-0.004554756,0.5534173
0.2624725,-0.1497344,0.5537226
-0.4016348,-0.1497352,0.5537226
-0.4016348,-0.004554756,0.5534173
0.2624725,0.01755626,0.5534173
-0.4016348,0.01755607,0.5534173
0.2624725,0.1490097,0.5537226
-0.4016349,0.1490108,0.5537226
0.2624725,0.1490095,0.02996689
0.2624725,0.01706371,0.02996689
0.2624725,0.1490097,0.5537226
0.2624725,0.01755626,0.5534173
0.2624725,-0.004554756,0.5534173
0.2624725,-0.00521466,0.02996689
0.2624725,-0.1497342,0.02996689
0.2624725,-0.1497344,0.5537226
-0.4016348,-0.1497352,0.01522629
0.2712285,-0.1497352,0.01522629
-0.4016348,-0.1497352,-0.5512775
0.2712285,-0.1497352,-0.5512775
-0.4016349,0.1490108,0.01522629
0.2712284,0.1490108,0.01522629
-0.4016349,0.01706371,0.01522629
0.2712284,0.01706371,0.01522629
-0.4016349,-0.005214851,0.01522629
0.2712284,-0.005214851,0.01522629
-0.4016348,-0.1497352,0.01522629
0.2712285,-0.1497352,0.01522629
-0.4016349,0.1490108,-0.5512775
0.2712284,0.1490108,-0.5512775
-0.4016349,0.1490108,0.01522629
0.2712284,0.1490108,0.01522629
-0.4016348,-0.1497352,-0.5512775
0.2712285,-0.1497352,-0.5512775
-0.4016348,-0.004554756,-0.5514841
0.2712285,-0.004554756,-0.5514841
-0.4016348,0.01755607,-0.5514841
0.2712285,0.01755607,-0.5514841
-0.4016349,0.1490108,-0.5512775
0.2712284,0.1490108,-0.5512775
0.2712284,0.1490108,0.01522629
0.2712284,0.1490108,-0.5512775
0.2712284,0.01706371,0.01522629
0.2712285,0.01755607,-0.5514841
0.2712285,-0.004554756,-0.5514841
0.2712284,-0.005214851,0.01522629
0.2712285,-0.1497352,-0.5512775
0.2712285,-0.1497352,0.01522629
0.1799448,0.5813898,0.01859359
0.1109821,0.5765063,0.08401313
0.1848495,0.5813898,0.03149398
0.2022488,0.5813898,0.01749611
0.1199426,0.5765052,0.0956607
0.1326889,0.5765041,0.1060284
0.2033466,0.5813898,0.03980011
0.188251,0.5813898,9.67437E-05
0.2162466,0.5813898,0.03489532
0.2011514,0.5813898,-0.004808046
0.2245535,0.5813898,0.01639824
0.2196487,0.5813898,0.003497844
617
0.6774297,0.6638814
0.6788971,0.6978886
0.6954687,0.6630778
0.6962024,0.6971011
0.6800649,0.7079034
0.7144395,0.6970678
0.7147883,0.6630352
0.6996107,0.7150319
0.683457,0.7289527
0.7003872,0.7355459
0.7146435,0.7177314
0.7133124,0.7388561
0.7243821,0.7355741
0.7257442,0.7150656
0.7264432,0.6970742
0.7264432,0.6630352
0.6722199,0.7429205
0.672218,0.7088815
0.6545709,0.7429215
0.654569,0.7088829
0.6534046,0.6989715
0.6738349,0.6908901
0.6579746,0.6776562
0.67454,0.6703759
0.6551658,0.6608654
0.6749009,0.6529557
0.6644946,0.6459628
0.6475849,0.6524721
0.6847582,0.7743465
0.6875711,0.740424
0.6677603,0.7729368
0.6687225,0.7388611
0.6696488,0.7319664
0.6869646,0.7340534
0.6818565,0.4401711
0.6652499,0.4456641
0.6546142,0.4403155
0.6561386,0.732682
0.6571069,0.7378979
0.6524439,0.7716672
0.6587377,0.7887721
0.6397198,0.7871969
0.6777551,0.7903475
0.6478642,0.8044544
0.6668816,0.8060297
0.8142172,0.2543849
0.8142172,0.2262719
0.7894813,0.2262719
0.7894813,0.2543849
0.7656704,0.2262719
0.8142172,0.2912849
0.7656704,0.2543849
0.7409347,0.2262719
0.7894813,0.2912849
0.8142172,0.4613732
0.7894813,0.4613732
0.8142172,0.4842187
0.7894813,0.4842187
0.7656704,0.2912849
0.7656704,0.4613732
0.7656704,0.4842187
0.7409347,0.2543849
0.7409347,0.4613732
0.7409347,0.4842187
0.7409347,0.2912849
0.7171243,0.2543849
0.7171243,0.2262719
0.6923885,0.2262719
0.7171243,0.2912849
0.7171243,0.4613732
0.7171243,0.4842187
0.7047569,0.2700102
0.6923885,0.2700102
0.7047569,0.2912849
0.6685776,0.2262719
0.6804829,0.2700102
0.692389,0.469315
0.6923885,0.4842187
0.6923885,0.2930869
0.6804829,0.2912849
0.6685776,0.4698628
0.6685776,0.2543849
0.6438419,0.2262719
0.6685776,0.2912849
0.6438419,0.2543849
0.6200319,0.2262719
0.6200319,0.2543849
0.6438419,0.2912849
0.6200319,0.2912849
0.6200319,0.4613732
0.6438419,0.4698628
0.6200319,0.4842187
0.6438419,0.4842187
0.6988022,0.7554581
0.7174168,0.7450463
0.6903646,0.4564664
0.7076962,0.4440486
0.7278499,0.7391998
0.7182222,0.4399112
0.7349264,0.4432112
0.7446465,0.7442089
0.7522575,0.4564479
0.7638944,0.7533979
0.6739173,0.7504675
0.7004195,0.7477043
0.67537,0.7429458
0.6999003,0.7424855
0.7250673,0.7495177
0.7241701,0.7418772
0.6619858,0.9122232
0.6739173,0.7504675
0.6475664,0.9105633
0.6661916,0.7508289
0.6475664,0.9105633
0.6661916,0.7508289
0.6167036,0.8965429
0.6390955,0.7406785
0.6133609,0.7433479
0.5941641,0.8998332
0.5797563,0.8948773
0.5941641,0.8998332
0.6065078,0.7457005
0.6133609,0.7433479
0.8193444,0.09916744
0.8193442,0.09088752
0.8144608,0.08600447
0.8095779,0.09916744
0.6053309,0.0884459
0.6077724,0.09916744
0.8095779,0.2988209
0.8193444,0.09916744
0.8193442,0.2988209
0.8095779,0.3389265
0.8193442,0.3389265
0.6077725,0.2988209
0.6077724,0.3389265
0.5980061,0.3389265
0.5980062,0.2988209
0.5980062,0.09916744
0.5980062,0.09916744
0.6053309,0.0884459
0.5980062,0.09088752
0.8193442,0.3601784
0.8193442,0.3389265
0.8095779,0.3389265
0.8095779,0.3601785
0.6077724,0.3389265
0.6077724,0.3601785
0.5980062,0.3601784
0.5980061,0.3389265
0.8144608,0.08600447
0.8193442,0.09088752
0.8405955,0.08112034
0.8405963,0.09088698
0.8193442,0.09088752
0.8193444,0.09916744
0.8405963,0.09088698
0.8405963,0.09916738
0.8193442,0.2988209
0.8405961,0.2988209
0.8193442,0.3389265
0.8405961,0.3389265
0.5767542,0.09088707
0.5767543,0.09916744
0.5980062,0.09088752
0.5980062,0.09916744
0.5767542,0.2988209
0.5980062,0.2988209
0.5767542,0.3389265
0.5980061,0.3389265
0.5767542,0.09088707
0.5980062,0.09088752
0.5767545,0.08112043
0.6053309,0.0884459
0.6053309,0.0884459
0.8144608,0.08600447
0.6077724,0.0696353
0.8095779,0.0696353
0.6077724,0.1204191
0.8095779,0.1204191
0.6077724,0.09916744
0.8095779,0.09916744
0.6077724,0.3601785
0.5980062,0.3601784
0.5980064,0.400284
0.6077724,0.400284
0.5980062,0.5999378
0.8095779,0.4002838
0.6077727,0.5999378
0.8095779,0.3601785
0.8193442,0.3601784
0.8193442,0.4002838
0.5980064,0.6082178
0.6077727,0.6082178
0.809578,0.6082176
0.809578,0.5999376
0.8193444,0.5999376
0.8193444,0.6082176
0.809578,0.5999376
0.8095779,0.4002838
0.7883258,0.5999377
0.7883257,0.400284
0.6290245,0.5999378
0.6290243,0.4002841
0.6077727,0.5999378
0.6077724,0.400284
0.8095779,0.277569
0.6077725,0.2775687
0.8095779,0.2988209
0.6077725,0.2988209
0.8273466,0.4481842
0.8273466,0.4399045
0.822463,0.4350214
0.8175801,0.4481842
0.6133333,0.4374627
0.6157748,0.4481842
0.8175801,0.6478379
0.8273466,0.4481842
0.8273465,0.6478379
0.8175801,0.6879433
0.8273465,0.6879435
0.6157747,0.6478379
0.6157748,0.6879436
0.6060086,0.6879435
0.6060086,0.6478379
0.6060086,0.4481842
0.6060086,0.4481842
0.6133333,0.4374627
0.6060086,0.4399043
0.8273466,0.7091955
0.8273465,0.6879435
0.8175801,0.6879433
0.8175803,0.7091955
0.6157748,0.6879436
0.6157748,0.7091954
0.6060086,0.7091955
0.6060086,0.6879435
0.822463,0.4350214
0.8273466,0.4399045
0.8485979,0.4301372
0.8485985,0.4399039
0.8273466,0.4399045
0.8273466,0.4481842
0.8485985,0.4399039
0.8485985,0.4481843
0.8273465,0.6478379
0.8485985,0.6478379
0.8273465,0.6879435
0.8485985,0.6879435
0.5847566,0.4399041
0.5847566,0.4481842
0.6060086,0.4399043
0.6060086,0.4481842
0.5847566,0.6478379
0.6060086,0.6478379
0.5847566,0.6879436
0.6060086,0.6879435
0.5847566,0.4399041
0.6060086,0.4399043
0.5847568,0.4301376
0.6133333,0.4374627
0.6133333,0.4374627
0.822463,0.4350214
0.6157748,0.4186523
0.8175801,0.4186523
0.6157748,0.4694361
0.8175801,0.4694362
0.6157748,0.4481842
0.8175801,0.4481842
0.6157748,0.7091954
0.6060086,0.7091955
0.6060086,0.7493011
0.6157748,0.7493011
0.6060086,0.9489546
0.8175803,0.749301
0.6157748,0.9489546
0.8175803,0.7091955
0.8273466,0.7091955
0.8273465,0.749301
0.6060087,0.9572346
0.6157748,0.9572346
0.8175804,0.9572344
0.8175804,0.9489546
0.8273466,0.9489546
0.8273466,0.9572344
0.8175804,0.9489546
0.8175803,0.749301
0.7963283,0.9489546
0.7963281,0.749301
0.637027,0.9489546
0.6370267,0.749301
0.6157748,0.9489546
0.6157748,0.7493011
0.8175801,0.6265859
0.6157747,0.6265859
0.8175801,0.6478379
0.6157747,0.6478379
0.3621477,0.3265149
0.3679705,0.3265149
0.3621475,0.1291769
0.36797,0.129177
0.4003969,0.3265149
0.4003963,0.129177
0.4058511,0.3265149
0.4058505,0.129177
0.441663,0.3265149
0.4416627,0.1291767
0.446589,0.3265149
0.446585,0.1291767
0.4465886,0.4691749
0.4407658,0.469175
0.4465888,0.6665131
0.440766,0.6665131
0.4083397,0.4691749
0.4083397,0.6665131
0.4028853,0.4691749
0.4028856,0.6665131
0.3670734,0.4691749
0.3670734,0.6665131
0.362151,0.4691749
0.3621475,0.6665131
0.2835291,0.003056996
0.08619097,0.003056996
0.08619107,0.007272793
0.2835291,0.007273193
0.08619097,0.1183272
0.2835291,0.1183273
0.08619097,0.1216613
0.2835291,0.1216613
0.08619087,0.2509326
0.2835289,0.2509326
0.08619087,0.2545688
0.2835289,0.2545688
0.08619087,0.3942583
0.2835289,0.3942589
0.08619087,0.3981254
0.2835289,0.3981258
0.08619067,0.5086926
0.2835289,0.5086928
0.08619067,0.513396
0.2835289,0.513396
0.3739091,0.003056796
0.3680861,0.003056796
0.3739091,0.007272793
0.3680861,0.007272793
0.33566,0.003056796
0.3680863,0.1183268
0.3739091,0.1183268
0.33566,0.007272793
0.330206,0.003056796
0.33566,0.1183268
0.3680863,0.1216609
0.3739091,0.1216609
0.330206,0.007272793
0.2943937,0.003056796
0.330206,0.1183268
0.33566,0.1216609
0.3680863,0.2509324
0.3739091,0.2509324
0.2943937,0.007272793
0.2894679,0.003056796
0.2894679,0.007272793
0.2894677,0.1183268
0.2943937,0.1183268
0.2894677,0.1216609
0.2943937,0.1216609
0.2894677,0.2509324
0.330206,0.1216609
0.2943937,0.2509324
0.2894677,0.2545685
0.330206,0.2509324
0.2943937,0.2545685
0.2894677,0.3942583
0.33566,0.2509324
0.2943937,0.3942583
0.2894677,0.3981252
0.330206,0.2545685
0.33566,0.2545685
0.2943937,0.3981252
0.2894679,0.5086924
0.330206,0.3942583
0.3680863,0.2545685
0.3739091,0.2545685
0.2943937,0.5086924
0.2894679,0.5133955
0.2943937,0.5133955
0.330206,0.3981252
0.33566,0.3942583
0.3680861,0.3942583
0.3739091,0.3942583
0.330206,0.5086924
0.330206,0.5133955
0.33566,0.3981252
0.3680863,0.3981252
0.3739091,0.3981252
0.33566,0.5086924
0.33566,0.5133955
0.3680861,0.5086924
0.3739091,0.5086924
0.3680861,0.5133955
0.3739091,0.5133955
0.2047393,0.6682339
0.1689274,0.6682341
0.2047395,0.7788011
0.1689274,0.7788013
0.4601799,0.8191994
0.4277535,0.8191997
0.4601799,0.9297669
0.4277537,0.9297669
0.1208985,0.7973534
0.1208987,0.6862994
0.08508641,0.7973534
0.08508641,0.6862994
0.409148,0.6645839
0.4091482,0.55353
0.3767214,0.6645837
0.3767214,0.5535299
0.001753083,0.5133955
0.007576047,0.5133955
0.001753083,0.5086926
0.007576047,0.5086926
0.04000201,0.513396
0.001753283,0.3981252
0.04000201,0.5086926
0.04545618,0.513396
0.007576047,0.3981252
0.04545618,0.5086926
0.08126825,0.513396
0.04000221,0.3981254
0.08126825,0.5086926
0.08619067,0.513396
0.08619067,0.5086926
0.08126825,0.3981254
0.08619087,0.3981254
0.04545638,0.3981254
0.08126825,0.3943096
0.08619087,0.3942583
0.08619087,0.2545688
0.04545638,0.3943605
0.04000221,0.3943605
0.08126845,0.2545688
0.007576047,0.3943096
0.001753283,0.3942583
0.007576047,0.2545685
0.08619087,0.2509326
0.001753283,0.2545685
0.08126845,0.2509326
0.04561933,0.2545688
0.04561933,0.2509324
0.04012387,0.2545688
0.04012387,0.2509324
0.08126885,0.1217364
0.007576047,0.2509324
0.001753283,0.2509324
0.007576247,0.1217364
0.08619097,0.1216613
0.001753483,0.1216609
0.08126885,0.1183272
0.08619097,0.1183272
0.04545678,0.1218117
0.08619107,0.007272793
0.04545678,0.1183272
0.08126885,0.007272793
0.08619097,0.003056996
0.08126905,0.003056996
0.04545678,0.003056996
0.04545678,0.007272793
0.04000261,0.1218117
0.04000261,0.003056996
0.04000261,0.1183272
0.04000261,0.007272793
0.007576447,0.003056796
0.007576247,0.1183272
0.001753483,0.1183272
0.007576447,0.007272793
0.001753684,0.003056796
0.001753684,0.007272793
0.001753108,0.632422
0.1689274,0.6324219
0.001753108,0.5218552
0.168927,0.5218547
0.001753108,0.814613
0.1689272,0.8146133
0.001753108,0.7788013
0.1689274,0.7788013
0.001753108,0.7788013
0.1689274,0.7788013
0.001753108,0.6682341
0.1689274,0.6682341
0.001753108,0.6682341
0.1689274,0.6682341
0.001753108,0.632422
0.1689274,0.6324219
0.2605794,0.7867732
0.4277537,0.7867736
0.2605798,0.6762059
0.4277541,0.6762067
0.2605794,0.962193
0.4277537,0.9621928
0.2605794,0.9297669
0.4277537,0.9297669
0.2605794,0.9297669
0.4277537,0.9297669
0.2605794,0.8191997
0.4277535,0.8191997
0.2605794,0.8191997
0.4277535,0.8191997
0.2605794,0.7867732
0.4277537,0.7867736
0.2880723,0.797354
0.1208985,0.7973534
0.2880722,0.8331659
0.1208983,0.8331659
0.2880736,0.5394341
0.1208993,0.5394335
0.2880732,0.6504881
0.1208987,0.6504872
0.2880732,0.6504881
0.1208987,0.6504872
0.288073,0.6863
0.1208987,0.6862994
0.288073,0.6863
0.1208987,0.6862994
0.2880723,0.797354
0.1208985,0.7973534
0.2095473,0.6970107
0.3767214,0.6970099
0.2095473,0.6645841
0.3767214,0.6645837
0.2095473,0.6645841
0.3767214,0.6645837
0.2095473,0.5535299
0.3767214,0.5535299
0.2095473,0.5535299
0.3767214,0.5535299
0.2095475,0.5211035
0.3767214,0.5211035
0.2095485,0.8080647
0.3767225,0.8080637
0.2095473,0.6970107
0.3767214,0.6970099
0.3554657,0.2916062
0.3554658,0.2590587
0.191649,0.2590581
0.1916488,0.2916056
0.3554657,0.2971019
0.1916488,0.2971013
0.3554657,0.3327507
0.1916488,0.3327507
0.1916484,0.4619464
0.3554652,0.4619468
0.1916488,0.3327507
0.3554657,0.3327507
0.191649,0.2590581
0.3554658,0.2590587
0.1916494,0.129862
0.3554667,0.1298626
0.3554652,0.4977585
0.3554652,0.4619468
0.1916484,0.4619464
0.1916484,0.4977585
0.3554652,0.5032127
0.1916484,0.5032127
0.3554652,0.5356388
0.1916484,0.535639
0.4291572,0.3327507
0.39661,0.3327507
0.4291574,0.4619468
0.3967316,0.4618717
0.3912771,0.4618715
0.3911145,0.3327507
0.3554657,0.3327507
0.3554652,0.4619468
0.2056407,0.3294582
0.3716178,0.3294582
0.2056407,0.1897173
0.3716178,0.1897173
0.2056407,0.4031504
0.3716178,0.4031504
0.2056407,0.3706028
0.3716178,0.3706031
0.2056407,0.3651075
0.3716178,0.3651075
0.2056407,0.3294582
0.3716178,0.3294582
0.2056409,0.5428917
0.3716178,0.5428917
0.2056407,0.4031504
0.3716178,0.4031504
0.2056407,0.1897173
0.3716178,0.1897173
0.2056407,0.1539054
0.3716178,0.1539054
0.2056407,0.148451
0.3716178,0.148451
0.2056407,0.1160249
0.3716176,0.1160249
0.4453098,0.3294582
0.4453098,0.1897173
0.4127626,0.3294582
0.4128839,0.1896662
0.4074301,0.1896662
0.4072668,0.3294582
0.3716178,0.1897173
0.3716178,0.3294582
0.7162655,0.9143597
0.7250673,0.7495177
0.6948677,0.9039142
0.6894922,0.9420638
0.7004195,0.7477043
0.6739173,0.7504675
0.6619858,0.9122232
0.7276428,0.9474401
0.6513425,0.9366888
0.7171977,0.968837
0.6627195,0.9697697
0.6841167,0.9802153
1
1656
0
1
2
1
3
2
1
4
3
2
3
5
6
2
5
4
7
3
3
7
5
4
8
7
8
9
7
10
7
9
7
10
5
11
10
9
11
12
10
12
13
10
5
10
13
14
5
13
6
5
14
15
6
14
16
17
18
17
19
18
19
17
20
17
21
20
20
21
22
21
23
22
22
23
24
23
25
24
24
25
26
27
24
26
28
29
30
29
31
30
31
29
32
29
33
32
32
33
34
35
32
34
35
36
32
36
37
32
32
37
38
31
32
38
31
38
39
30
31
39
39
40
30
41
40
39
30
40
42
43
40
41
42
40
44
44
40
43
45
46
47
48
45
47
48
47
49
50
45
48
51
48
49
51
49
52
53
50
48
53
48
51
54
50
53
55
54
53
56
54
55
57
56
55
58
53
51
55
53
58
57
55
59
59
55
58
60
57
59
61
51
52
58
51
61
60
59
62
63
60
62
59
58
64
64
58
61
62
59
64
61
52
65
52
66
65
66
67
65
64
61
68
62
64
68
61
65
68
63
62
69
69
62
68
70
63
69
65
67
71
68
65
71
71
67
72
73
68
71
68
73
69
67
74
72
72
74
75
70
69
76
69
73
76
77
70
76
76
73
78
76
78
79
80
76
79
81
75
74
81
74
82
79
75
83
83
80
79
75
81
83
84
81
82
83
81
84
84
82
85
86
84
85
80
83
87
87
83
84
87
84
86
88
87
86
88
89
87
90
80
87
89
90
87
89
91
90
91
92
90
93
94
95
94
96
95
94
97
96
97
98
96
99
98
97
100
99
97
101
99
100
102
101
100
103
104
105
104
106
105
104
107
106
107
108
106
109
110
111
110
112
111
113
114
115
114
116
115
115
116
117
118
115
117
119
120
121
120
122
121
123
124
125
126
123
125
126
125
127
128
126
127
126
129
130
129
131
130
129
132
131
132
133
131
129
134
132
134
135
132
136
135
134
137
136
134
137
134
128
138
137
128
139
128
140
141
139
140
142
143
144
145
142
144
144
146
145
146
147
145
148
147
146
149
148
146
150
151
152
151
153
152
154
155
156
155
157
156
155
158
157
158
159
157
158
160
159
160
161
159
162
163
164
163
165
164
163
166
165
166
167
165
166
168
167
168
169
167
170
171
172
171
173
172
174
175
176
175
177
176
178
179
180
179
181
180
182
183
184
185
182
184
185
184
186
182
185
187
188
185
186
189
182
187
190
189
187
191
190
187
186
192
188
192
193
188
193
194
188
191
187
195
194
195
188
196
191
195
194
197
195
197
196
195
198
199
200
199
201
200
202
203
204
203
205
204
206
207
208
207
209
208
210
211
212
213
210
212
213
212
214
215
213
214
213
216
217
216
218
217
216
219
218
219
220
218
216
221
219
221
222
219
223
222
221
224
223
221
224
221
215
225
224
215
226
215
227
228
226
227
229
230
231
232
229
231
231
233
232
233
234
232
235
234
233
236
235
233
237
238
239
238
240
239
241
242
243
242
244
243
242
245
244
245
246
244
245
247
246
247
248
246
249
250
251
250
252
251
250
253
252
253
254
252
253
255
254
255
256
254
257
258
259
258
260
259
261
262
263
262
264
263
265
266
267
266
268
267
269
270
271
272
269
271
272
271
273
269
272
274
275
272
273
276
269
274
277
276
274
278
277
274
273
279
275
279
280
275
280
281
275
278
274
282
281
282
275
283
278
282
281
284
282
284
283
282
285
286
287
286
288
287
289
290
291
290
292
291
293
294
295
294
296
295
297
298
299
298
300
299
298
301
300
301
302
300
301
303
302
303
304
302
303
305
304
305
306
304
305
307
306
307
308
306
309
310
311
310
312
311
310
313
312
313
314
312
313
315
314
315
316
314
315
317
316
317
318
316
317
319
318
319
320
318
321
322
323
324
321
323
324
323
325
326
324
325
326
325
327
328
326
327
328
327
329
330
328
329
330
329
331
332
330
331
332
331
333
334
332
333
334
333
335
336
334
335
336
335
337
338
336
337
338
337
339
340
338
339
341
342
343
342
344
343
342
345
344
344
346
343
346
347
343
345
348
344
345
349
348
350
346
344
348
350
344
346
351
347
351
352
347
349
353
348
349
354
353
355
350
348
353
355
348
350
356
346
356
351
346
351
357
352
357
358
352
354
359
353
354
360
359
360
361
359
361
362
359
359
363
353
362
363
359
363
355
353
362
364
363
364
365
363
363
365
355
364
366
365
365
367
355
355
367
350
367
356
350
366
368
365
365
368
367
366
369
368
367
370
356
368
370
367
369
371
368
368
371
370
369
372
371
370
373
356
356
373
351
373
357
351
372
374
371
372
375
374
371
376
370
370
376
373
371
374
376
373
377
357
376
377
373
375
378
374
375
379
378
374
380
376
376
380
377
374
378
380
377
381
357
357
381
358
381
382
358
379
383
378
379
384
383
384
385
383
378
386
380
378
383
386
380
387
377
377
387
381
380
386
387
381
388
382
387
388
381
388
389
382
383
385
390
383
390
386
385
391
390
386
392
387
387
392
388
386
390
392
388
393
389
392
393
388
393
394
389
390
391
395
390
395
392
392
395
393
391
396
395
393
397
394
395
397
393
395
396
397
397
398
394
396
399
397
397
399
398
399
400
398
401
402
403
402
404
403
405
406
407
406
408
407
409
410
411
410
412
411
413
414
415
414
416
415
417
418
419
418
420
419
418
421
420
419
420
422
421
423
420
421
424
423
420
425
422
424
426
423
424
427
426
423
426
428
427
429
426
427
430
429
430
431
429
429
431
432
431
433
432
426
434
428
432
433
435
432
435
434
433
436
435
436
437
435
435
438
434
434
438
428
438
439
428
428
439
425
437
440
435
439
441
425
425
441
422
441
442
422
441
443
442
437
444
440
443
445
442
444
446
440
440
446
447
446
448
447
447
448
449
448
450
449
449
450
443
446
444
451
450
452
443
443
452
445
452
453
445
452
454
453
444
455
451
454
456
453
451
455
457
455
458
457
459
451
457
458
460
457
461
459
457
460
462
457
460
463
462
463
464
462
464
465
462
465
466
462
467
459
461
465
468
466
469
467
461
469
461
466
454
467
469
468
470
466
470
469
466
468
471
470
472
454
469
454
472
456
472
473
456
471
474
470
473
472
474
471
475
474
476
473
474
475
476
474
477
478
479
478
480
479
481
482
483
482
484
483
485
486
487
486
488
487
489
490
491
490
492
491
493
494
495
494
496
495
497
498
499
498
500
499
501
502
503
502
504
503
505
506
507
506
508
507
509
510
511
510
512
511
513
514
515
514
516
515
517
518
519
518
520
519
521
522
523
522
524
523
525
526
527
526
528
527
529
530
531
530
532
531
533
534
535
534
536
535
537
538
539
538
540
539
541
542
543
544
541
543
545
541
544
546
545
544
547
545
546
548
547
546
549
550
551
550
552
551
553
554
555
554
556
555
557
558
559
560
557
559
561
557
560
562
561
560
563
561
562
564
563
562
565
566
567
567
566
568
568
566
569
566
570
569
569
570
571
572
569
571
573
574
575
574
576
575
577
578
579
578
580
579
579
580
581
580
582
581
581
582
583
582
584
583
585
586
587
586
588
587
589
590
591
590
592
591
591
592
593
592
594
593
593
594
595
594
596
595
597
598
599
598
600
599
600
601
599
599
601
602
601
603
602
603
604
602
605
606
607
608
605
607
606
609
607
607
609
610
611
607
610
608
607
611
608
612
605
608
611
613
608
614
612
608
613
615
608
616
614
608
615
616
