MESH3
BathroomSink_Top
278
-0.1456897,-0.3749087,-0.209682
-0.1479131,-0.3128007,-0.21755
-0.02571731,-0.3749087,-0.2113098
-0.02370857,-0.3128007,-0.2192358
0.07899567,-0.3749087,-0.1527338
0.08469841,-0.3128007,-0.1585931
-0.1370459,-0.3151895,-0.1790894
-0.03352775,-0.3151895,-0.1804944
-0.2259927,-0.3151895,-0.1261139
0.05682389,-0.3151895,-0.1299518
-0.2546346,-0.3128007,-0.153988
-0.1456897,-0.3749087,-0.209682
-0.2765351,-0.3151895,-0.03576233
-0.2487747,-0.3749087,-0.1482855
-0.3152768,-0.3128007,-0.04558105
-0.3073508,-0.3749087,-0.04357239
0.1482605,-0.3128007,-0.05187195
0.1097997,-0.3151895,-0.04100525
0.1403918,-0.3749087,-0.04964843
0.07899567,-0.3749087,-0.1527338
0.1420201,-0.3749087,0.07032348
0.1499461,-0.3128007,0.07233215
0.1112045,-0.3151895,0.06251281
0.1420201,-0.3749087,0.07032348
0.1499461,-0.3128007,0.07233215
0.08344391,-0.3749087,0.1750366
0.08930374,-0.3128007,0.1807397
0.1112045,-0.3151895,0.06251281
-0.01964096,-0.3749087,0.2364325
0.06066216,-0.3151895,0.152865
-0.01741775,-0.3128007,0.2443011
-0.02828468,-0.3151895,0.2058405
-0.1416222,-0.3128007,0.2459875
-0.1318028,-0.3151895,0.2072455
-0.1396134,-0.3749087,0.2380615
-0.01964096,-0.3749087,0.2364325
-0.2443263,-0.3749087,0.1794849
-0.2500292,-0.3128007,0.1853448
-0.2221545,-0.3151895,0.1567029
-0.3135913,-0.3128007,0.07862304
-0.2751302,-0.3151895,0.06775635
-0.3057227,-0.3749087,0.07640015
-0.2443263,-0.3749087,0.1794849
-0.3073508,-0.3749087,-0.04357239
-0.3152768,-0.3128007,-0.04558105
-0.2765351,-0.3151895,-0.03576233
0.052071,-0.3447935,-0.1250684
-0.03520202,-0.3447935,-0.1738885
0.03813591,-0.3824986,-0.1107495
-0.04011101,-0.3824986,-0.1545209
-0.1351928,-0.3447935,-0.1725317
-0.1297603,-0.3824986,-0.1533038
-0.221109,-0.3447935,-0.1213605
-0.2067905,-0.3824986,-0.1074261
-0.1098555,-0.4223495,-0.08285706
-0.05809654,-0.4223495,-0.08355957
-0.154329,-0.4223495,-0.05636902
-0.01292061,-0.4223495,-0.05828857
-0.1796002,-0.4223495,-0.01119323
-0.08266525,-0.4418602,0.01337525
0.08401428,-0.3824986,-0.03371948
0.0135672,-0.4223495,-0.01381469
0.1032415,-0.3447935,-0.03915222
0.052071,-0.3447935,-0.1250684
-0.2505615,-0.3824986,-0.02917907
-0.2699291,-0.3447935,-0.03408752
-0.221109,-0.3447935,-0.1213605
-0.2685721,-0.3447935,0.0659027
-0.1788978,-0.4223495,0.0405658
-0.2493449,-0.3824986,0.06047057
-0.2174016,-0.3447935,0.1518195
-0.2034665,-0.3824986,0.1375006
-0.15241,-0.4223495,0.08503967
-0.107234,-0.4223495,0.1103107
-0.01100158,-0.4223495,0.08312012
-0.1252196,-0.3824986,0.1812714
-0.1301285,-0.3447935,0.2006397
-0.2174016,-0.3447935,0.1518195
-0.03013771,-0.3447935,0.1992822
-0.05547508,-0.4223495,0.1096082
-0.0355703,-0.3824986,0.1800549
0.05577843,-0.3447935,0.1481116
0.04145989,-0.3824986,0.1341766
0.01426964,-0.4223495,0.03794434
0.08523094,-0.3824986,0.05592956
0.05577843,-0.3447935,0.1481116
0.1045985,-0.3447935,0.06083862
0.1112045,-0.3151895,0.06251281
0.06066216,-0.3151895,0.152865
0.1097997,-0.3151895,-0.04100525
0.05682389,-0.3151895,-0.1299518
0.052071,-0.3447935,-0.1250684
-0.221109,-0.3447935,-0.1213605
-0.1351928,-0.3447935,-0.1725317
-0.2259927,-0.3151895,-0.1261139
-0.1370459,-0.3151895,-0.1790894
-0.03520202,-0.3447935,-0.1738885
-0.03352775,-0.3151895,-0.1804944
0.052071,-0.3447935,-0.1250684
0.05682389,-0.3151895,-0.1299518
0.05577843,-0.3447935,0.1481116
-0.03013771,-0.3447935,0.1992822
0.06066216,-0.3151895,0.152865
-0.02828468,-0.3151895,0.2058405
-0.1301285,-0.3447935,0.2006397
-0.1318028,-0.3151895,0.2072455
-0.2174016,-0.3447935,0.1518195
-0.2221545,-0.3151895,0.1567029
-0.2174016,-0.3447935,0.1518195
-0.2685721,-0.3447935,0.0659027
-0.2221545,-0.3151895,0.1567029
-0.2751302,-0.3151895,0.06775635
-0.2699291,-0.3447935,-0.03408752
-0.2765351,-0.3151895,-0.03576233
-0.221109,-0.3447935,-0.1213605
-0.2259927,-0.3151895,-0.1261139
0.3936569,-0.4472964,-1.034446
0.3936569,-0.5972964,-1.034446
-0.4063431,-0.4472964,-1.034446
-0.4063431,-0.5972964,-1.034446
0.3936569,-0.4472964,1.034446
0.3936569,-0.5972964,1.034446
0.3936569,-0.5972964,1.02814
0.3936569,-0.4472964,1.02814
0.3936569,-0.5972964,0.567146
-0.4063431,-0.4472964,1.034446
0.3936569,-0.4472964,0.567146
0.3936569,-0.5972964,0.5536301
-0.4063431,-0.4472964,1.02814
0.3936569,-0.4472964,0.5536301
0.3936569,-0.5972964,0.02956909
-0.4063431,-0.4597725,1.02814
-0.4063431,-0.4597725,1.034446
-0.4063431,-0.4472964,0.567146
0.3936569,-0.4472964,0.02956909
0.3936569,-0.5972964,0.01482849
-0.4063431,-0.5972964,1.02814
-0.4063431,-0.5972964,1.034446
-0.4063431,-0.5972964,0.567146
-0.4063431,-0.4597726,0.567146
-0.4063431,-0.5972964,0.5536301
-0.4063431,-0.4472964,0.5536301
-0.4063431,-0.4597726,0.5536301
-0.406343,-0.5972964,0.02956909
0.3936569,-0.4472964,0.01482849
0.3936569,-0.5972964,-0.5514687
-0.4063431,-0.4472964,0.02956909
-0.4063431,-0.4597726,0.02956909
-0.4063431,-0.5972964,0.01482849
0.3936569,-0.4472963,-0.5514687
0.3936569,-0.5972964,-0.5671453
-0.4063431,-0.4472964,0.01482849
-0.4063431,-0.4597726,0.01482849
-0.406343,-0.5972964,-0.5514687
-0.4063431,-0.4472963,-0.5514687
-0.4063431,-0.4597725,-0.5514687
-0.4063431,-0.5972964,-0.5671453
0.3936569,-0.4472964,-0.5671453
-0.4063431,-0.4597726,-0.5671453
-0.4063431,-0.5972964,-1.02739
-0.4063431,-0.4472964,-0.5671453
0.3936569,-0.4472964,-1.02739
0.3936569,-0.5972964,-1.02739
-0.4063431,-0.4597725,-1.02739
-0.4063431,-0.5972964,-1.034446
-0.4063431,-0.4597726,-1.034446
-0.4063431,-0.4472964,-1.034446
-0.4063431,-0.4472964,-1.02739
0.3936569,-0.4472964,-1.034446
0.3936569,-0.5972964,-1.034446
0.3936569,-0.5972964,1.034446
0.3936569,-0.4472964,1.034446
-0.4063431,-0.5972964,1.034446
-0.4063431,-0.4472964,1.034446
0.2636144,-0.4565026,-0.2769458
0.2636144,-0.3435723,-0.2769458
0.2636144,-0.4565026,-0.05782104
0.2636144,-0.3435723,-0.05782104
0.2636144,-0.4565026,0.0918225
0.2636144,-0.3365026,-0.2769458
0.2636144,-0.3435723,0.0918225
0.2636144,-0.4565026,0.3130542
0.2636144,-0.3435723,0.3130542
0.2636144,-0.3365026,0.3130542
0.2636144,-0.3365026,-0.05782104
0.2636144,-0.3365026,0.0918225
0.1351746,-0.3365026,-0.1946039
0.1311066,-0.3365026,-0.04932068
0.119184,-0.3365026,0.082677
0.0174131,-0.3365027,-0.1783362
0.03006775,-0.3365026,-0.2769458
0.2636144,-0.3435723,-0.2769458
0.132273,-0.3365026,0.1863782
0.006748428,-0.3365027,0.2129626
0.03006775,-0.3365026,0.3130542
0.03006775,-0.3435723,0.3130542
0.2636144,-0.3435723,0.3130542
-0.1660098,-0.3365026,0.3130542
-0.1622163,-0.3365026,0.2294708
0.03006775,-0.4565026,0.3130542
0.2636144,-0.4565026,0.3130542
-0.1660098,-0.4565026,0.3130542
-0.1660098,-0.3435723,0.3130542
-0.3363856,-0.4565026,0.3130542
-0.3363856,-0.3435723,0.3130542
-0.3363856,-0.3365026,0.3130542
-0.2790018,-0.3365026,0.2294708
-0.2790018,-0.3365026,0.1030841
-0.3363856,-0.3365026,0.0918225
-0.2790018,-0.3365026,-0.06723877
-0.3363856,-0.3435723,0.0918225
-0.3363856,-0.3435723,0.3130542
-0.3363856,-0.4565026,0.0918225
-0.3363856,-0.4565026,0.3130542
-0.3363856,-0.4565026,-0.05782104
-0.3363856,-0.3435723,-0.05782104
-0.3363856,-0.4565026,-0.2769458
-0.3363856,-0.3435723,-0.2769458
-0.3363856,-0.3365026,-0.2769458
-0.3363856,-0.3365026,-0.05782104
-0.2790018,-0.3365026,-0.1933624
-0.1613924,-0.3365026,-0.1937152
-0.1660098,-0.3365026,-0.2769458
-0.3363856,-0.3435723,-0.2769458
-0.1660098,-0.3435723,-0.2769458
-0.3363856,-0.4565026,-0.2769458
-0.1660098,-0.4565026,-0.2769458
0.03006775,-0.3435723,-0.2769458
0.03006775,-0.4565026,-0.2769458
0.2636144,-0.4565026,-0.2769458
0.3808104,0.5794215,0.7159155
0.3808104,0.5794215,-0.7340844
0.3808105,-0.1205786,0.7159155
0.3808105,-0.1205786,-0.7340844
0.3808105,-0.1205786,0.7159155
0.3637432,-0.1205786,0.7159155
0.3808104,0.5794215,0.7159155
0.3637432,0.5794215,0.7159155
0.3808104,0.5794215,0.7159155
0.3637432,0.5794215,0.7159155
0.3808104,0.5794215,-0.7340844
0.3637432,0.5794215,-0.7340844
0.3808105,-0.1205786,-0.7340844
0.3637432,-0.1205786,-0.7340844
0.3808105,-0.1205786,0.7159155
0.3637432,-0.1205786,0.7159155
0.3808104,0.5794215,-0.7340844
0.3637432,0.5794215,-0.7340844
0.3808105,-0.1205786,-0.7340844
0.3637432,-0.1205786,-0.7340844
0.3637432,-0.1384535,0.7365738
0.4063431,-0.1384535,0.7365738
0.3637432,0.5972964,0.7365738
0.406343,0.5972964,0.7365738
0.3637432,0.5972964,0.7365738
0.406343,0.5972964,0.7365738
0.3637432,0.5972964,-0.7547427
0.406343,0.5972964,-0.7547427
0.3637432,-0.1384535,-0.7547427
0.4063431,-0.1384535,-0.7547427
0.3637432,-0.1384535,0.7365738
0.4063431,-0.1384535,0.7365738
0.3637432,0.5972964,-0.7547427
0.406343,0.5972964,-0.7547427
0.3637432,-0.1384535,-0.7547427
0.4063431,-0.1384535,-0.7547427
0.4063431,-0.1384535,0.7365738
0.4063431,-0.1384535,-0.7547427
0.406343,0.5972964,-0.7547427
0.406343,0.5972964,0.7365738
0.3637432,-0.1205786,-0.7340844
0.3637432,-0.1384535,-0.7547427
0.3637432,-0.1205786,0.7159155
0.3637432,0.5972964,-0.7547427
0.3637432,-0.1384535,0.7365738
0.3637432,0.5794215,-0.7340844
0.3637432,0.5794215,0.7159155
0.3637432,0.5972964,0.7365738
278
0.2354348,0.3677684
0.2182837,0.3616564
0.2354439,0.3934673
0.2238617,0.3934945
0.2354524,0.4158977
0.2204909,0.4230376
0.2114699,0.371542
0.2170224,0.393012
0.1959264,0.3557242
0.2110959,0.4143818
0.2002291,0.3494787
0.211857,0.3370772
0.1745561,0.3497978
0.1987079,0.3373317
0.1758001,0.3461476
0.1762818,0.3377648
0.1987444,0.4355401
0.1952782,0.4299256
0.1977771,0.4470137
0.2198546,0.4465868
0.1720827,0.4475105
0.1725643,0.4391278
0.1738079,0.4354782
0.1340267,0.334221
0.132907,0.3425424
0.1564208,0.335499
0.1570109,0.347727
0.1313888,0.3460869
0.1695509,0.3362485
0.1522443,0.3536264
0.1740843,0.3612465
0.1665362,0.3705831
0.1772175,0.3934173
0.170435,0.3924142
0.1887686,0.3942737
0.1907188,0.3686484
0.1870658,0.4166394
0.1716037,0.4226169
0.1628956,0.4132698
0.1489673,0.4334242
0.1459389,0.427562
0.1471271,0.4447908
0.169173,0.4460491
0.1214697,0.4433267
0.1225891,0.4350056
0.1241077,0.4314606
0.1043333,0.3429315
0.08262306,0.3432056
0.1036419,0.3572848
0.0815205,0.3507362
0.05774897,0.3435192
0.05921829,0.351028
0.03637624,0.3437889
0.03742051,0.3581096
0.0641697,0.3667006
0.07704657,0.3665258
0.05310547,0.3732905
0.08828551,0.3728131
0.04681867,0.3845295
0.07093412,0.3906414
0.1107969,0.3789127
0.09487522,0.3838775
0.1185554,0.3774311
0.1182868,0.3560579
0.03078008,0.3800685
0.02300036,0.3789784
0.02272767,0.3572682
0.02331281,0.4038522
0.04699326,0.3974063
0.03107131,0.4023709
0.02358145,0.4252253
0.03822702,0.4239987
0.05358285,0.4084705
0.06482208,0.4147575
0.08876294,0.407993
0.06034797,0.4305471
0.05924571,0.4380779
0.03753507,0.4383518
0.08411938,0.4377639
0.07769889,0.4145824
0.08265024,0.4302549
0.1054922,0.4374943
0.104448,0.4231737
0.09504968,0.3967537
0.1110886,0.4012152
0.1191409,0.4240151
0.1188682,0.4023047
0.1262378,0.4026287
0.1265201,0.4251052
0.1259139,0.3768776
0.1256363,0.3547507
0.1182868,0.3560579
0.03637624,0.3437889
0.05774897,0.3435192
0.03506857,0.3364396
0.05719513,0.3361609
0.08262306,0.3432056
0.08294624,0.335836
0.1043333,0.3429315
0.1054227,0.3355524
0.1054922,0.4374943
0.08411938,0.4377639
0.1067999,0.4448436
0.0846734,0.4451222
0.05924571,0.4380779
0.05892175,0.4454472
0.03753507,0.4383518
0.03644598,0.4457309
0.02358145,0.4252253
0.02331281,0.4038522
0.01623231,0.4265325
0.01595402,0.404406
0.02300036,0.3789784
0.0156309,0.3786547
0.02272767,0.3572682
0.01534808,0.3561784
0.9467096,0.2363959
0.9886586,0.2363959
0.9467096,0.01266961
0.9886581,0.0126702
0.680519,0.01244687
0.6388928,0.01244687
0.6388928,0.01718985
0.680519,0.01718985
0.6388928,0.1421273
0.9025271,0.01244687
0.680519,0.1421273
0.6388928,0.145878
0.9025277,0.01718985
0.680519,0.145878
0.6388928,0.2913106
0.9059901,0.01718985
0.9059895,0.01244687
0.9025271,0.1421279
0.680519,0.2913106
0.6388928,0.2954008
0.944154,0.01718985
0.944154,0.01244687
0.944154,0.1421279
0.9059895,0.1421279
0.944154,0.145878
0.9025271,0.145878
0.9059895,0.145878
0.944154,0.2913106
0.680519,0.2954008
0.6388928,0.4525544
0.9025271,0.2913106
0.9059895,0.2913106
0.944154,0.2954008
0.680519,0.4525544
0.6388928,0.4569045
0.9025271,0.2954008
0.9059895,0.2954008
0.944154,0.4525544
0.9025271,0.4525544
0.9059895,0.4525544
0.944154,0.4569045
0.680519,0.4569045
0.9059895,0.4569045
0.9441535,0.5812947
0.9025271,0.4569045
0.680519,0.5812943
0.6388928,0.5812943
0.9059895,0.5812947
0.9441535,0.5865856
0.9059895,0.5865856
0.9025271,0.5865856
0.9025271,0.5812947
0.680519,0.5865856
0.6388928,0.5865856
0.9480618,0.4816966
0.9900103,0.4816966
0.9480618,0.2579703
0.9900103,0.2579703
0.373067,0.3544648
0.3551854,0.3544647
0.373067,0.3891619
0.3551854,0.389162
0.373067,0.4128569
0.3540657,0.3544647
0.3551854,0.4128569
0.373067,0.4478876
0.3551856,0.4478875
0.3540658,0.4478875
0.3540657,0.3891619
0.3540657,0.4128569
0.3337283,0.367503
0.3330839,0.3905078
0.3311964,0.4114087
0.3150816,0.3700788
0.317085,0.3544648
0.3540658,0.3533458
0.333269,0.4278291
0.3133931,0.4320388
0.3170851,0.4478875
0.3170851,0.4490067
0.3540658,0.4490069
0.286038,0.4478875
0.2866383,0.4346527
0.3170851,0.4668886
0.3540658,0.4668886
0.286038,0.4668886
0.2860379,0.4490068
0.2590598,0.4668885
0.2590599,0.4490067
0.2590598,0.4478874
0.2681464,0.4346527
0.2681463,0.4146402
0.2590598,0.412857
0.2681463,0.3876707
0.2579405,0.412857
0.2579405,0.4478874
0.2400585,0.4128569
0.2400586,0.4478874
0.2400586,0.3891619
0.2579405,0.389162
0.2400586,0.3544648
0.25794,0.3544648
0.2590598,0.3544648
0.2590598,0.389162
0.2681464,0.3676997
0.2867689,0.3676439
0.2860379,0.3544648
0.2590598,0.3533457
0.2860379,0.3533457
0.2590598,0.3354636
0.2860378,0.3354636
0.3170851,0.3533457
0.3170851,0.3354635
0.3540658,0.3354635
0.01750731,0.02401613
0.01750731,0.3028326
0.1521083,0.02401613
0.1521083,0.3028326
0.1740404,0.162146
0.1775322,0.162146
0.1740404,0.01893758
0.1775322,0.01893758
0.1747943,0.3113526
0.1782859,0.3113526
0.1747943,0.01470644
0.1782859,0.01470644
0.1731354,0.3079678
0.1766271,0.3079678
0.1731354,0.01132163
0.1766271,0.01132163
0.1728612,0.1519914
0.1763529,0.1519914
0.1728612,0.008782975
0.1763529,0.008782975
0.1793456,0.008782975
0.1706304,0.008782975
0.1793456,0.1593052
0.1706304,0.1593052
0.18024,0.008782931
0.1715248,0.008782931
0.18024,0.3138817
0.1715248,0.3138817
0.1804786,0.009629183
0.1717634,0.009629183
0.1804786,0.314728
0.1717634,0.314728
0.1802044,0.01216783
0.1714892,0.01216783
0.1802044,0.1626901
0.1714892,0.1626901
0.1698113,0.4449084
0.3548388,0.4449083
0.3548388,0.3536239
0.1698114,0.3536239
0.01288859,0.0130093
0.009231661,0.008782975
0.01288859,0.3096555
0.1597539,0.008782975
0.009231661,0.3138818
0.156097,0.0130093
0.156097,0.3096555
0.1597539,0.3138818
1
936
0
1
2
1
3
2
2
3
4
3
5
4
3
1
6
7
3
6
5
3
7
6
1
8
9
5
7
1
10
8
10
1
11
8
10
12
13
10
11
10
14
12
14
10
13
15
14
13
16
5
9
17
16
9
5
16
18
19
5
18
18
16
20
16
21
20
21
16
17
22
21
17
23
24
25
24
26
25
26
24
27
25
26
28
29
26
27
26
30
28
30
26
29
31
30
29
32
30
31
33
32
31
30
32
34
35
30
34
34
32
36
32
37
36
37
32
33
38
37
33
39
37
38
40
39
38
37
39
41
42
37
41
41
39
43
39
44
43
44
39
40
45
44
40
46
47
48
48
47
49
47
50
49
49
50
51
50
52
51
51
52
53
49
51
54
48
49
55
55
49
54
51
53
56
54
51
56
57
48
55
55
54
57
56
58
54
56
53
58
54
59
57
58
59
54
60
48
57
61
57
59
61
60
57
60
62
48
63
48
62
53
64
58
53
65
64
66
65
53
65
67
64
58
64
68
58
68
59
64
67
69
64
69
68
67
70
69
69
70
71
68
69
72
69
71
72
72
73
68
73
59
68
72
71
73
74
59
73
61
59
74
71
75
73
71
76
75
77
76
71
76
78
75
73
75
79
79
74
73
75
78
80
75
80
79
79
80
74
78
81
80
80
81
82
80
82
74
83
61
74
74
82
83
83
84
61
82
84
83
84
60
61
82
85
84
84
86
60
85
86
84
86
62
60
86
85
87
85
88
87
86
87
89
62
86
89
62
89
90
91
62
90
92
93
94
93
95
94
93
96
95
96
97
95
96
98
97
98
99
97
100
101
102
101
103
102
101
104
103
104
105
103
104
106
105
106
107
105
108
109
110
109
111
110
109
112
111
112
113
111
112
114
113
114
115
113
116
117
118
117
119
118
120
121
122
123
120
122
123
122
124
120
123
125
126
123
124
126
124
127
123
128
125
123
126
128
129
126
127
129
127
130
125
128
131
132
125
131
126
133
128
126
129
133
128
133
131
134
129
130
134
130
135
132
131
136
137
132
136
138
136
131
139
138
131
133
139
131
140
138
139
129
141
133
133
141
139
129
134
141
142
140
139
141
142
139
143
140
142
144
134
135
144
135
145
134
146
141
141
146
142
134
144
146
147
143
142
146
147
142
148
143
147
149
144
145
149
145
150
144
151
146
146
151
147
144
149
151
152
148
147
151
152
147
153
148
152
149
154
151
151
154
152
155
153
152
154
155
152
156
153
155
157
149
150
149
157
154
158
156
155
159
156
158
154
160
155
157
160
154
160
158
155
161
157
150
157
161
160
162
161
150
163
159
158
164
159
163
165
164
163
166
165
163
160
167
158
167
163
158
167
166
163
161
167
160
168
166
167
161
168
167
168
161
162
169
168
162
170
171
172
171
173
172
174
175
176
175
177
176
176
177
178
175
179
177
177
180
178
181
178
180
182
181
180
183
182
180
177
184
180
179
184
177
185
183
180
184
185
180
179
186
184
184
187
185
186
187
184
187
188
185
187
186
189
179
190
186
190
189
186
179
191
190
188
192
185
192
183
185
193
192
188
183
192
194
192
193
194
183
194
195
196
183
195
194
193
197
194
197
195
193
198
197
196
195
199
200
196
199
201
199
195
202
201
195
197
202
195
203
201
202
204
203
202
205
204
202
197
205
202
198
206
197
206
205
197
207
206
198
206
207
208
205
206
208
208
207
209
205
208
210
211
205
210
211
210
212
213
211
212
212
210
214
210
215
214
210
208
215
216
214
215
217
216
215
218
217
215
208
219
215
219
208
209
219
218
215
209
220
219
220
218
219
221
220
209
218
220
222
220
221
222
222
221
189
223
218
222
190
222
189
224
223
222
224
222
190
225
223
224
226
225
224
227
224
190
226
224
227
191
227
190
228
226
227
191
229
227
229
228
227
230
231
232
231
233
232
234
235
236
235
237
236
238
239
240
239
241
240
242
243
244
243
245
244
246
247
248
247
249
248
250
251
252
251
253
252
254
255
256
255
257
256
258
259
260
259
261
260
262
263
264
263
265
264
266
267
268
266
268
269
270
271
272
273
271
270
271
274
272
275
273
270
272
274
276
277
273
275
274
277
276
276
277
275
