MESH3
BedBase
691
0.8483018,-0.2283009,1.122106
0.846059,-0.223064,1.160407
0.8272824,-0.2283009,1.122106
0.8272824,-0.2283009,1.162356
0.8366302,-0.1938043,1.204547
0.8712145,-0.1867963,1.185751
-0.8193728,-0.2283009,1.162356
-0.8193728,-0.2283009,1.122106
-0.8448274,-0.1938043,1.200427
-0.8450621,0.01985592,1.200312
0.8390332,0.02109234,1.208021
0.8745229,0.01876629,1.189855
-0.8418874,0.08052769,1.195702
0.8723254,0.07653926,1.186798
0.8366482,0.08220257,1.204667
-0.835883,0.1043682,1.183187
0.8672224,0.09779201,1.174521
0.8349442,0.1028695,1.18696
-0.8664107,0.09689869,1.170881
-0.8690743,0.07369591,1.176694
-0.8450621,0.01985592,1.200312
0.8850757,0.08266956,1.144821
0.8874384,0.02134724,1.149377
0.8745229,0.01876629,1.189855
0.8712145,-0.1867963,1.185751
0.8844517,-0.1941439,1.149892
0.846059,-0.223064,1.160407
0.8483018,-0.2283009,1.122106
0.8863403,-0.1949656,-1.105924
0.8893697,0.02201344,-1.109248
0.8747238,0.1038531,1.136763
0.8870147,0.08386657,-1.106086
0.8510571,0.113002,1.155086
0.8483018,-0.2283009,-1.088746
0.8272824,-0.2283009,-1.088746
0.8272824,-0.2283009,1.122106
0.8465084,-0.2243155,-1.125293
0.8737216,-0.1879565,-1.152271
0.8722854,0.01671478,-1.15228
0.8683957,0.07417618,-1.147765
0.8760979,0.1045583,-1.097894
0.8526819,0.1156637,1.122075
0.8618432,0.09685288,-1.138828
0.8272824,0.1241446,1.122106
0.853108,0.1154197,-1.088645
0.8454975,0.1109366,-1.12384
0.8272824,0.1166991,1.162356
-0.8193728,0.1166991,1.162356
-0.8193728,0.1241446,1.122106
-0.8498509,0.116475,1.161166
0.8272824,0.1241446,-1.088746
-0.8193728,0.1241446,-1.088746
0.8314085,0.1050082,-1.151959
0.8272824,0.1166991,-1.126851
-0.8193728,0.1166991,-1.126851
0.8330106,0.08118057,-1.169252
-0.8389975,0.1036804,-1.14697
-0.8493516,0.1143648,-1.124943
-0.8509052,0.1166991,-1.088746
-0.8509052,0.1166991,1.122106
-0.8787361,0.104531,-1.099049
-0.8786229,0.104452,1.133962
-0.8608246,0.09756744,-1.13701
-0.8866739,0.08298264,1.143772
-0.8898843,0.02129379,1.147182
-0.8896843,0.08381496,-1.108276
-0.8432295,0.08220257,-1.164987
-0.8672464,0.07741829,-1.144653
-0.8456143,0.02109234,-1.168297
-0.8456143,0.02109234,-1.168297
-0.8921561,0.02190533,-1.111468
0.8354122,0.02033787,-1.172804
0.8722854,0.01671478,-1.15228
0.8737216,-0.1879565,-1.152271
0.8330941,-0.1938043,-1.169885
-0.8431696,-0.2038937,-1.134966
0.8465084,-0.2243155,-1.125293
-0.8193728,-0.2383902,-1.097065
-0.8709694,0.0197456,-1.148834
-0.8719842,-0.1855476,-1.118141
-0.8431696,-0.2038937,-1.134966
0.8272824,-0.2283009,-1.126851
0.8272824,-0.2283009,-1.088746
0.8483018,-0.2283009,-1.088746
-0.8193728,-0.2383902,-1.058959
-0.8894529,-0.2053193,-1.078418
-0.84563,-0.2342222,-1.095204
-0.8193728,-0.2383902,-1.097065
-0.8193728,-0.2383902,-1.058959
-0.8509052,-0.2383902,-1.058959
-0.8193728,-0.2283009,1.122106
-0.8509052,-0.2283009,1.122106
-0.8892659,-0.195219,1.14452
-0.8474905,-0.22291,1.155342
-0.8193728,-0.2283009,1.162356
-0.8448274,-0.1938043,1.200427
-0.872138,-0.1848256,1.183598
-0.8723595,0.0171888,1.181826
0.8272824,-0.2283009,-1.088746
0.8272824,-0.2283009,1.122106
-0.8193728,-0.2383902,-1.058959
-0.8193728,-0.2283009,1.122106
-0.9572109,-0.3342366,1.202706
-0.9091086,-0.3707465,1.197761
-0.9152074,-0.3595643,1.236656
-0.9567884,-0.3318528,1.234437
-0.952649,-0.1112654,1.202709
-0.9475284,-0.3291438,1.264745
-0.9519305,-0.1104948,1.229578
-0.9389534,-0.09515484,1.201542
-0.9421832,-0.1094569,1.260014
-0.9240815,-0.3317062,1.278862
-0.9223375,-0.1055113,1.27635
-0.9345544,-0.09404133,1.234155
-0.9203796,-0.08388866,1.200258
-0.9122514,-0.08192257,1.24276
-0.9273427,-0.09440926,1.248909
-0.9162675,-0.09075691,1.260944
-0.9152074,-0.3595643,1.236656
-0.9240815,-0.3317062,1.278862
-0.9475284,-0.3291438,1.264745
-0.8966566,-0.3338867,1.285979
-0.8866494,-0.3707465,1.240769
-0.9091086,-0.3707465,1.197761
0.8728126,-0.3707465,1.240769
0.9000614,-0.3338867,1.281605
-0.8866494,-0.3707465,1.197761
-0.9091086,-0.3707465,1.196706
0.9032694,-0.3641673,1.237529
0.9195288,-0.3284103,1.270851
0.8728126,-0.3707465,1.197761
0.9065053,-0.3707465,1.197761
-0.8866494,-0.3707465,1.196706
-0.9091086,-0.3707465,1.195512
0.8728126,-0.3707465,1.196706
0.9065053,-0.3707465,1.196706
-0.8866494,-0.3707465,1.195512
-0.9091086,-0.3707465,-1.162349
0.8728126,-0.3707465,1.195512
0.9065053,-0.3707465,1.195512
0.9065053,-0.3707465,-1.162349
-0.8866494,-0.3707465,-1.162349
-0.9091087,-0.3707465,-1.190458
0.8728126,-0.3707465,-1.162349
-0.8866494,-0.3707465,-1.190458
-0.8943946,-0.3689062,-1.223927
-0.8722993,-0.3689062,-1.223927
0.8728128,-0.3707465,-1.190458
0.9065053,-0.3707465,-1.190458
0.8586457,-0.3689062,-1.223927
0.8917923,-0.3689062,-1.223927
-0.9203796,-0.08388866,1.200258
-0.9122514,-0.08192257,1.24276
-0.8979204,-0.08388866,1.201867
-0.8919439,-0.07855594,1.254851
-0.9162675,-0.09075691,1.260944
0.8903804,-0.08276169,1.252399
0.9014224,-0.08388866,1.210214
-0.8941512,-0.08530407,1.27204
-0.8966373,-0.1019689,1.285851
-0.9223375,-0.1055113,1.27635
0.8949095,-0.08753201,1.268671
0.9000111,-0.1019689,1.281448
0.9165388,-0.09097591,1.259423
0.9187376,-0.105828,1.274215
0.9145868,-0.08583698,1.241363
0.9292814,-0.09603027,1.249423
0.917587,-0.08388866,1.210701
0.9335679,-0.09526569,1.233339
0.9412343,-0.09608215,1.209608
0.9195288,-0.3284103,1.270851
0.9187376,-0.105828,1.274215
0.9000111,-0.1019689,1.281448
0.9000614,-0.3338867,1.281605
-0.8966373,-0.1019689,1.285851
-0.8966566,-0.3338867,1.285979
-0.9223375,-0.1055113,1.27635
-0.9240815,-0.3317062,1.278862
-0.9203796,-0.08388866,-1.175443
-0.9203796,-0.08388866,1.198006
-0.8979204,-0.08388866,-1.162337
-0.8979204,-0.08388866,1.199603
0.9014224,-0.08388866,1.207942
0.917587,-0.08388866,1.208439
0.9014224,-0.08388866,-1.162337
0.917587,-0.08388866,-1.175443
0.9014224,-0.3079006,1.207942
0.9014224,-0.3079006,-1.162349
-0.8979204,-0.3079006,-1.162349
-0.8979204,-0.3079006,1.207942
0.9014224,-0.3079006,1.209148
-0.8979204,-0.3079006,1.209148
0.9014224,-0.3079006,1.210214
-0.8979204,-0.3079006,1.210214
-0.8979204,-0.08388866,-1.162337
-0.8979204,-0.08388866,1.199603
-0.8979204,-0.1194447,-1.16234
-0.8979204,-0.1194447,1.201281
-0.8979204,-0.3079006,-1.162349
-0.8979204,-0.3079006,1.207942
-0.8979204,-0.08614601,1.200806
-0.8979204,-0.1212477,1.202484
-0.8979204,-0.3079006,1.209148
-0.8979204,-0.3079006,1.210214
-0.8979204,-0.1194447,1.203547
-0.8979204,-0.08388866,1.201867
0.9014224,-0.08388866,-1.162337
0.9014224,-0.1194447,-1.16234
0.9014224,-0.08388866,1.207942
0.9014224,-0.1194447,1.207942
0.9014224,-0.3079006,-1.162349
0.9014224,-0.3079006,1.207942
0.9014224,-0.08614601,1.209148
0.9014224,-0.1212477,1.209148
0.9014224,-0.3079006,1.209148
0.9014224,-0.3079006,1.210214
0.9014224,-0.1194447,1.210214
0.9014224,-0.08388866,1.210214
0.9014224,-0.08388866,1.210214
0.9014224,-0.1194447,1.210214
-0.8979204,-0.08388866,1.201867
-0.8979204,-0.1194447,1.203547
0.9014224,-0.3079006,1.210214
-0.8979204,-0.3079006,1.210214
0.917587,-0.08614601,1.20964
0.9014224,-0.08614601,1.209148
0.9014224,-0.08388866,1.210214
0.917587,-0.08388866,1.210701
0.9412343,-0.09608215,1.209608
0.9326318,-0.1046598,1.208543
0.9535016,-0.1101167,1.208615
0.9463121,-0.1214942,1.207545
0.9572109,-0.3354494,1.205912
0.9465317,-0.3354495,1.204844
0.9065053,-0.3707465,1.197761
0.9065053,-0.3707465,1.196706
-0.9203796,-0.08388866,1.200258
-0.8979204,-0.08388866,1.201867
-0.8979204,-0.08614601,1.200806
-0.9203796,-0.08614601,1.199202
-0.9389534,-0.09515484,1.201542
-0.9342568,-0.1052612,1.200481
-0.952649,-0.1112654,1.202709
-0.9468752,-0.1226426,1.201644
-0.9572109,-0.3342366,1.202706
-0.946854,-0.3342372,1.20164
-0.9091086,-0.3707465,1.197761
-0.9091086,-0.3707465,1.196706
0.917587,-0.08388866,1.208439
0.9014224,-0.08388866,1.207942
0.9014224,-0.08614601,1.209148
0.917587,-0.08614601,1.20964
0.9377121,-0.09705391,1.207337
0.9326318,-0.1046598,1.208543
0.9474942,-0.1192368,1.206335
0.9463121,-0.1214942,1.207545
-0.9203796,-0.08614601,1.199202
-0.8979204,-0.08614601,1.200806
-0.8979204,-0.08388866,1.199603
-0.9203796,-0.08388866,1.198006
-0.9380019,-0.09680405,1.19928
-0.9342568,-0.1052612,1.200481
-0.9477372,-0.1203848,1.200437
-0.9468752,-0.1226426,1.201644
-0.9091086,-0.3707465,1.196706
-0.946854,-0.3342372,1.20164
-0.9091086,-0.3707465,1.195512
-0.9477164,-0.3342379,1.200434
-0.9468752,-0.1226426,1.201644
-0.9477372,-0.1203848,1.200437
-0.9504713,-0.3356634,-1.162349
-0.9091086,-0.3707465,-1.162349
-0.9497513,-0.1195084,-1.162347
-0.9380019,-0.09680405,1.19928
-0.9504705,-0.3356629,-1.190458
-0.9091087,-0.3707465,-1.190458
-0.927264,-0.333694,-1.223927
-0.8943946,-0.3689062,-1.223927
-0.9265584,-0.1216626,-1.223925
-0.949749,-0.1195062,-1.190456
-0.9390544,-0.0963422,-1.190451
-0.9238517,-0.09817901,-1.223921
-0.9390569,-0.09634502,-1.162342
-0.9203796,-0.08388866,1.198006
-0.9203796,-0.08388866,-1.175443
-0.9248708,-0.08388516,-1.190446
-0.9203735,-0.08388104,-1.223915
-0.9203796,0.2434756,-1.205083
-0.937445,0.2434792,-1.221381
-0.9203796,0.4426696,-1.251059
-0.9203735,0.2434833,-1.240453
-0.9248708,0.44974,-1.264808
-0.9203735,0.4485114,-1.281948
0.9065053,-0.3707465,1.196706
0.9065053,-0.3707465,1.195512
0.9465317,-0.3354495,1.204844
0.9477139,-0.3354496,1.203634
0.9463121,-0.1214942,1.207545
0.9474942,-0.1192368,1.206335
0.9479407,-0.3356094,-1.162349
0.9065053,-0.3707465,-1.162349
0.9065053,-0.3707465,-1.190458
0.9476937,-0.119225,-1.162347
0.9377121,-0.09705391,1.207337
0.9479398,-0.3356089,-1.190458
0.9378164,-0.09704769,-1.162342
0.917587,-0.08388866,1.208439
0.917587,-0.08388866,-1.175443
0.9247331,-0.3336413,-1.223927
0.8917923,-0.3689062,-1.223927
0.9244884,-0.1213863,-1.223925
0.947691,-0.1192229,-1.190456
0.9378134,-0.09704502,-1.190451
0.9225894,-0.09887062,-1.223921
0.9220776,-0.08388538,-1.190446
0.9175797,-0.08388149,-1.223915
0.9346518,0.2434789,-1.218077
0.9175797,0.2434828,-1.240453
0.917587,0.2434756,-1.201592
0.9014224,0.2434756,-1.187194
0.9014224,-0.08388866,-1.162337
0.9014224,0.4426696,-1.247028
0.917587,0.4426696,-1.254321
0.9220776,0.4497399,-1.264808
0.9175797,0.4485109,-1.278686
0.901415,0.2434828,-1.254851
0.901415,0.4547158,-1.285979
0.9292814,-0.09603027,1.249423
0.9165388,-0.09097591,1.259423
0.9187376,-0.105828,1.274215
0.9408355,-0.1115628,1.259199
0.9359199,-0.3221873,1.254363
0.9195288,-0.3284103,1.270851
0.9032694,-0.3641673,1.237529
0.9504344,-0.1107562,1.232872
0.9335679,-0.09526569,1.233339
0.9412343,-0.09608215,1.209608
0.9535016,-0.1101167,1.208615
0.950079,-0.3293711,1.230074
0.9065053,-0.3707465,1.197761
0.9572109,-0.3354494,1.205912
0.9014224,-0.3079006,-1.162349
0.9014224,-0.1194447,-1.16234
-0.8979204,-0.3079006,-1.162349
-0.8979204,-0.1194447,-1.16234
0.9014224,-0.08388866,-1.162337
-0.8979204,-0.08388866,-1.162337
-0.8979142,0.4547164,-1.285979
0.901415,0.4547158,-1.285979
0.901415,0.2434828,-1.254851
-0.8979142,0.2434833,-1.254851
-0.9203735,0.4485114,-1.281948
-0.9203735,0.2434833,-1.240453
0.901415,-0.08388149,-1.223915
0.9175797,0.2434828,-1.240453
0.9175797,-0.08388149,-1.223915
-0.8979142,-0.08388104,-1.223915
-0.9203735,-0.08388104,-1.223915
0.9014158,-0.1025055,-1.223917
0.9225894,-0.09887062,-1.223921
0.9244884,-0.1213863,-1.223925
-0.8979148,-0.1025051,-1.223917
-0.9238517,-0.09817901,-1.223921
0.9014165,-0.11944,-1.230814
-0.8979153,-0.1194398,-1.230814
-0.9265584,-0.1216626,-1.223925
0.9014201,-0.3321795,-1.230824
0.9247331,-0.3336413,-1.223927
0.8917923,-0.3689062,-1.223927
0.8586457,-0.3689062,-1.223927
-0.8979184,-0.3321795,-1.230824
-0.927264,-0.333694,-1.223927
-0.8722993,-0.3689062,-1.223927
-0.8943946,-0.3689062,-1.223927
-0.8979204,0.4426696,-1.247028
-0.9203796,0.4426696,-1.251059
-0.9203796,0.2434756,-1.205083
-0.8979204,0.2434756,-1.193273
-0.9203796,-0.08388866,-1.175443
0.9014224,0.4426696,-1.247028
-0.8979204,-0.08388866,-1.162337
0.9014224,0.2434756,-1.187194
0.9014224,-0.08388866,-1.162337
0.772591,-0.3704883,-1.191652
0.772591,-0.3704883,-1.193405
0.7730929,-0.3718769,-1.192903
0.7730929,-0.3718769,-1.191142
0.8032353,-0.4552765,-1.16276
0.7730929,-0.3718769,-1.07814
0.772591,-0.3704883,-1.077649
0.8032353,-0.4552765,-1.160498
0.8037636,-0.4567383,-1.162232
0.8037636,-0.4567383,-1.159961
0.8032353,-0.4552765,-1.107636
0.8037636,-0.4567383,-1.108153
0.8037636,-0.4567383,-1.106577
0.8032353,-0.4552765,-1.106049
0.7730929,-0.3718769,-1.075907
0.8056968,-0.4552765,-1.106049
0.8062318,-0.4567383,-1.106577
0.7751839,-0.3718769,-1.075907
0.8587641,-0.4552765,-1.106049
0.8582577,-0.4567383,-1.106577
0.8594184,-0.4567383,-1.106577
0.8876494,-0.3718769,-1.075907
0.8599467,-0.4552765,-1.106049
0.8599467,-0.4552765,-1.107636
0.8594184,-0.4567383,-1.108153
0.8599467,-0.4552765,-1.160498
0.8594184,-0.4567383,-1.159961
0.8594184,-0.4567383,-1.162232
0.8599467,-0.4552765,-1.16276
0.8900891,-0.3718769,-1.07814
0.8900891,-0.3718769,-1.191142
0.8900891,-0.3718769,-1.192903
0.8905909,-0.3704883,-1.191652
0.8905909,-0.3704883,-1.193405
0.8905909,-0.3704883,-1.077649
0.8900891,-0.3718769,-1.075907
0.8881303,-0.3704883,-1.075405
0.8905909,-0.3704883,-1.075405
0.7746757,-0.3704883,-1.075405
0.8881303,-0.3704883,-1.077649
0.8905909,-0.3704883,-1.191652
0.772591,-0.3704883,-1.075405
0.7746757,-0.3704883,-1.077649
0.8881303,-0.3704883,-1.191652
0.8905909,-0.3704883,-1.193405
0.7746757,-0.3704883,-1.191652
0.772591,-0.3704883,-1.191652
0.8881303,-0.3704883,-1.193405
0.8900891,-0.3718769,-1.192903
0.7746757,-0.3704883,-1.193405
0.772591,-0.3704883,-1.193405
0.7730929,-0.3718769,-1.192903
0.8876494,-0.3718769,-1.192903
0.8599467,-0.4552765,-1.16276
0.7751839,-0.3718769,-1.192903
0.8032353,-0.4552765,-1.16276
0.8056968,-0.4552765,-1.16276
0.8037636,-0.4567383,-1.162232
0.8587641,-0.4552765,-1.16276
0.8594184,-0.4567383,-1.162232
0.8062318,-0.4567383,-1.162232
0.8582577,-0.4567383,-1.162232
0.8594184,-0.4567383,-1.159961
0.8582577,-0.4567383,-1.159961
0.8594184,-0.4567383,-1.108153
0.8062318,-0.4567383,-1.159961
0.8037636,-0.4567383,-1.159961
0.8582577,-0.4567383,-1.108153
0.8594184,-0.4567383,-1.106577
0.8582577,-0.4567383,-1.106577
0.8062318,-0.4567383,-1.106577
0.8062318,-0.4567383,-1.108153
0.8037636,-0.4567383,-1.108153
0.8037636,-0.4567383,-1.106577
0.772591,-0.3704883,1.08193
0.772591,-0.3704883,1.080177
0.7730929,-0.3718769,1.080679
0.7730929,-0.3718769,1.08244
0.8032353,-0.4552765,1.110821
0.7730929,-0.3718769,1.195442
0.772591,-0.3704883,1.195933
0.8032353,-0.4552765,1.113084
0.8037636,-0.4567383,1.11135
0.8037636,-0.4567383,1.113621
0.8032353,-0.4552765,1.165946
0.8037636,-0.4567383,1.165429
0.8037636,-0.4567383,1.167005
0.8032353,-0.4552765,1.167533
0.7730929,-0.3718769,1.197675
0.8056968,-0.4552765,1.167533
0.8062318,-0.4567383,1.167005
0.7751839,-0.3718769,1.197675
0.8587641,-0.4552765,1.167533
0.8582577,-0.4567383,1.167005
0.8594184,-0.4567383,1.167005
0.8876494,-0.3718769,1.197675
0.8599467,-0.4552765,1.167533
0.8599467,-0.4552765,1.165946
0.8594184,-0.4567383,1.165429
0.8599467,-0.4552765,1.113084
0.8594184,-0.4567383,1.113621
0.8594184,-0.4567383,1.11135
0.8599467,-0.4552765,1.110821
0.8900891,-0.3718769,1.195442
0.8900891,-0.3718769,1.08244
0.8900891,-0.3718769,1.080679
0.8905909,-0.3704883,1.08193
0.8905909,-0.3704883,1.080177
0.8905909,-0.3704883,1.195933
0.8900891,-0.3718769,1.197675
0.8881303,-0.3704883,1.198177
0.8905909,-0.3704883,1.198177
0.7746757,-0.3704883,1.198177
0.8881303,-0.3704883,1.195933
0.8905909,-0.3704883,1.08193
0.772591,-0.3704883,1.198177
0.7746757,-0.3704883,1.195933
0.8881303,-0.3704883,1.08193
0.8905909,-0.3704883,1.080177
0.7746757,-0.3704883,1.08193
0.772591,-0.3704883,1.08193
0.8881303,-0.3704883,1.080177
0.8900891,-0.3718769,1.080679
0.7746757,-0.3704883,1.080177
0.772591,-0.3704883,1.080177
0.7730929,-0.3718769,1.080679
0.8876494,-0.3718769,1.080679
0.8599467,-0.4552765,1.110821
0.7751839,-0.3718769,1.080679
0.8032353,-0.4552765,1.110821
0.8056968,-0.4552765,1.110821
0.8037636,-0.4567383,1.11135
0.8587641,-0.4552765,1.110821
0.8594184,-0.4567383,1.11135
0.8062318,-0.4567383,1.11135
0.8582577,-0.4567383,1.11135
0.8594184,-0.4567383,1.113621
0.8582577,-0.4567383,1.113621
0.8594184,-0.4567383,1.165429
0.8062318,-0.4567383,1.113621
0.8037636,-0.4567383,1.113621
0.8582577,-0.4567383,1.165429
0.8594184,-0.4567383,1.167005
0.8582577,-0.4567383,1.167005
0.8062318,-0.4567383,1.167005
0.8062318,-0.4567383,1.165429
0.8037636,-0.4567383,1.165429
0.8037636,-0.4567383,1.167005
-0.8942731,-0.3704883,1.08193
-0.8942731,-0.3704883,1.080177
-0.8937712,-0.3718769,1.080679
-0.8937712,-0.3718769,1.08244
-0.8636288,-0.4552765,1.110821
-0.8937712,-0.3718769,1.195442
-0.8942731,-0.3704883,1.195933
-0.8636288,-0.4552765,1.113084
-0.8631005,-0.4567383,1.11135
-0.8631005,-0.4567383,1.113621
-0.8636288,-0.4552765,1.165946
-0.8631005,-0.4567383,1.165429
-0.8631005,-0.4567383,1.167005
-0.8636288,-0.4552765,1.167533
-0.8937712,-0.3718769,1.197675
-0.8611673,-0.4552765,1.167533
-0.8606323,-0.4567383,1.167005
-0.8916803,-0.3718769,1.197675
-0.8081,-0.4552765,1.167533
-0.8086063,-0.4567383,1.167005
-0.8074458,-0.4567383,1.167005
-0.7792147,-0.3718769,1.197675
-0.8069175,-0.4552765,1.167533
-0.8069175,-0.4552765,1.165946
-0.8074458,-0.4567383,1.165429
-0.8069175,-0.4552765,1.113084
-0.8074458,-0.4567383,1.113621
-0.8074458,-0.4567383,1.11135
-0.8069175,-0.4552765,1.110821
-0.7767751,-0.3718769,1.195442
-0.7767751,-0.3718769,1.08244
-0.7767751,-0.3718769,1.080679
-0.7762732,-0.3704883,1.08193
-0.7762732,-0.3704883,1.080177
-0.7762732,-0.3704883,1.195933
-0.7767751,-0.3718769,1.197675
-0.7787338,-0.3704883,1.198177
-0.7762732,-0.3704883,1.198177
-0.8921884,-0.3704883,1.198177
-0.7787338,-0.3704883,1.195933
-0.7762732,-0.3704883,1.08193
-0.8942731,-0.3704883,1.198177
-0.8921884,-0.3704883,1.195933
-0.7787338,-0.3704883,1.08193
-0.7762732,-0.3704883,1.080177
-0.8921884,-0.3704883,1.08193
-0.8942731,-0.3704883,1.08193
-0.7787338,-0.3704883,1.080177
-0.7767751,-0.3718769,1.080679
-0.8921884,-0.3704883,1.080177
-0.8942731,-0.3704883,1.080177
-0.8937712,-0.3718769,1.080679
-0.7792147,-0.3718769,1.080679
-0.8069175,-0.4552765,1.110821
-0.8916803,-0.3718769,1.080679
-0.8636288,-0.4552765,1.110821
-0.8611673,-0.4552765,1.110821
-0.8631005,-0.4567383,1.11135
-0.8081,-0.4552765,1.110821
-0.8074458,-0.4567383,1.11135
-0.8606323,-0.4567383,1.11135
-0.8086063,-0.4567383,1.11135
-0.8074458,-0.4567383,1.113621
-0.8086063,-0.4567383,1.113621
-0.8074458,-0.4567383,1.165429
-0.8606323,-0.4567383,1.113621
-0.8631005,-0.4567383,1.113621
-0.8086063,-0.4567383,1.165429
-0.8074458,-0.4567383,1.167005
-0.8086063,-0.4567383,1.167005
-0.8606323,-0.4567383,1.167005
-0.8606323,-0.4567383,1.165429
-0.8631005,-0.4567383,1.165429
-0.8631005,-0.4567383,1.167005
-0.8942681,-0.3704883,-1.191652
-0.8942681,-0.3704883,-1.193405
-0.8937662,-0.3718769,-1.192903
-0.8937662,-0.3718769,-1.191142
-0.8636237,-0.4552765,-1.16276
-0.8937662,-0.3718769,-1.07814
-0.8942681,-0.3704883,-1.077649
-0.8636237,-0.4552765,-1.160498
-0.8630955,-0.4567383,-1.162232
-0.8630955,-0.4567383,-1.159961
-0.8636237,-0.4552765,-1.107636
-0.8630955,-0.4567383,-1.108153
-0.8630955,-0.4567383,-1.106577
-0.8636237,-0.4552765,-1.106049
-0.8937662,-0.3718769,-1.075907
-0.8611622,-0.4552765,-1.106049
-0.8606273,-0.4567383,-1.106577
-0.8916752,-0.3718769,-1.075907
-0.808095,-0.4552765,-1.106049
-0.8086013,-0.4567383,-1.106577
-0.8074407,-0.4567383,-1.106577
-0.7792097,-0.3718769,-1.075907
-0.8069124,-0.4552765,-1.106049
-0.8069124,-0.4552765,-1.107636
-0.8074407,-0.4567383,-1.108153
-0.8069124,-0.4552765,-1.160498
-0.8074407,-0.4567383,-1.159961
-0.8074407,-0.4567383,-1.162232
-0.8069124,-0.4552765,-1.16276
-0.77677,-0.3718769,-1.07814
-0.77677,-0.3718769,-1.191142
-0.77677,-0.3718769,-1.192903
-0.7762681,-0.3704883,-1.191652
-0.7762681,-0.3704883,-1.193405
-0.7762681,-0.3704883,-1.077649
-0.77677,-0.3718769,-1.075907
-0.7787288,-0.3704883,-1.075405
-0.7762681,-0.3704883,-1.075405
-0.8921834,-0.3704883,-1.075405
-0.7787288,-0.3704883,-1.077649
-0.7762681,-0.3704883,-1.191652
-0.8942681,-0.3704883,-1.075405
-0.8921834,-0.3704883,-1.077649
-0.7787288,-0.3704883,-1.191652
-0.7762681,-0.3704883,-1.193405
-0.8921834,-0.3704883,-1.191652
-0.8942681,-0.3704883,-1.191652
-0.7787288,-0.3704883,-1.193405
-0.77677,-0.3718769,-1.192903
-0.8921834,-0.3704883,-1.193405
-0.8942681,-0.3704883,-1.193405
-0.8937662,-0.3718769,-1.192903
-0.7792097,-0.3718769,-1.192903
-0.8069124,-0.4552765,-1.16276
-0.8916752,-0.3718769,-1.192903
-0.8636237,-0.4552765,-1.16276
-0.8611622,-0.4552765,-1.16276
-0.8630955,-0.4567383,-1.162232
-0.808095,-0.4552765,-1.16276
-0.8074407,-0.4567383,-1.162232
-0.8606273,-0.4567383,-1.162232
-0.8086013,-0.4567383,-1.162232
-0.8074407,-0.4567383,-1.159961
-0.8086013,-0.4567383,-1.159961
-0.8074407,-0.4567383,-1.108153
-0.8606273,-0.4567383,-1.159961
-0.8630955,-0.4567383,-1.159961
-0.8086013,-0.4567383,-1.108153
-0.8074407,-0.4567383,-1.106577
-0.8086013,-0.4567383,-1.106577
-0.8606273,-0.4567383,-1.106577
-0.8606273,-0.4567383,-1.108153
-0.8630955,-0.4567383,-1.108153
-0.8630955,-0.4567383,-1.106577
-0.8979204,0.4426696,-1.247028
-0.8979174,0.4567383,-1.264808
-0.9203796,0.4426696,-1.251059
-0.9248708,0.44974,-1.264808
-0.9203735,0.4485114,-1.281948
0.9014224,0.4426696,-1.247028
-0.8979142,0.4547164,-1.285979
0.901419,0.4567381,-1.264808
0.917587,0.4426696,-1.254321
0.901415,0.4547158,-1.285979
0.9220776,0.4497399,-1.264808
0.9175797,0.4485109,-1.278686
691
0.7239726,0.5965772
0.7237028,0.6014494
0.7266479,0.5966159
0.7265739,0.6017391
0.7259607,0.6071003
0.7209442,0.6062941
0.9361636,0.6047676
0.9362378,0.5996447
0.9412953,0.6097014
0.9403343,0.6375993
0.7259697,0.6351714
0.7214561,0.6348131
0.942435,0.6455334
0.7190469,0.6448809
0.7261763,0.6431564
0.9417877,0.6471229
0.7213907,0.6469661
0.7263796,0.6454115
0.9442096,0.6487035
0.9485146,0.6479877
0.9555639,0.6450207
0.7185191,0.650728
0.7105136,0.6500949
0.7102106,0.6449403
0.6821059,0.6452756
0.6823681,0.649842
0.6781147,0.6484753
0.6778831,0.6533493
0.6803502,0.9369901
0.7086878,0.9376019
0.7212793,0.6517722
0.7167693,0.9372533
0.7243054,0.6494572
0.6760108,0.9347746
0.673335,0.9347569
0.6752074,0.6533316
0.6761258,0.9394279
0.6796742,0.9444263
0.7079591,0.9430752
0.7171932,0.9438463
0.7194788,0.9362283
0.7240746,0.6536582
0.7198522,0.9419803
0.7273076,0.6536728
0.7224119,0.9350677
0.7233551,0.9395533
0.727337,0.648549
0.9369453,0.649747
0.9369162,0.6548706
0.9418702,0.6499267
0.7256992,0.9350996
0.9353078,0.9362975
0.7251549,0.9429175
0.7256714,0.93995
0.93528,0.941148
0.7243303,0.9456161
0.9403484,0.943738
0.9390976,0.9409269
0.9393216,0.9363203
0.9418944,0.6548991
0.9428567,0.9376523
0.9444667,0.6534044
0.942144,0.9424806
0.9472782,0.6521714
0.9553379,0.6517829
0.945556,0.9388422
0.9407636,0.9460339
0.9463652,0.9434774
0.9385573,0.9540024
0.9537053,0.9465282
0.9536397,0.9392936
0.7240576,0.9535676
0.7203885,0.9539227
0.7191131,0.9822546
0.7247785,0.9814858
0.9409494,0.9833657
0.7227537,0.9871863
0.9352149,0.9882493
0.9538953,0.9440518
0.9828586,0.9403131
0.9858893,0.9424636
0.725573,0.9869543
0.7256309,0.9918046
0.7229553,0.9918362
0.9352729,0.9930996
0.9833422,0.9352536
0.9877243,0.9374126
0.9916856,0.9376535
0.99169,0.9328029
0.987676,0.9327999
0.9919347,0.6551634
0.9879208,0.6551591
0.9836158,0.6522807
0.9877998,0.6509264
0.9919392,0.6500398
0.9867412,0.6451762
0.9837555,0.6473144
0.9558992,0.6473758
0.391526,0.3421288
0.3924044,0.5271496
0.5293424,0.3439673
0.5302089,0.5264955
0.2420877,0.4900589
0.2425023,0.4869978
0.2392415,0.4879354
0.2394273,0.4902587
0.2420874,0.5087528
0.2368864,0.4904858
0.2398348,0.5088174
0.2421853,0.5101036
0.237283,0.5089045
0.2357028,0.490271
0.2359134,0.5092353
0.239451,0.5101969
0.2422929,0.5110481
0.2387294,0.5112129
0.238214,0.510166
0.2372051,0.5104722
0.4872527,0.6050925
0.4865087,0.601554
0.4845428,0.6027374
0.4888079,0.6009572
0.489647,0.6047477
0.487764,0.6083534
0.6371608,0.6047477
0.6394453,0.601324
0.489647,0.6083534
0.4877639,0.6084419
0.6397144,0.6050193
0.6410775,0.6022256
0.6371608,0.6083535
0.6399857,0.6083534
0.489647,0.6084419
0.4877639,0.608542
0.6371608,0.6084419
0.6399856,0.6084419
0.489647,0.6085421
0.4877639,0.8062258
0.6371608,0.608542
0.6399856,0.6085421
0.6399856,0.8062258
0.4896469,0.8062259
0.4877639,0.8085825
0.6371608,0.8062259
0.489647,0.8085825
0.4889976,0.8113886
0.4908501,0.8113886
0.6371608,0.8085825
0.6399856,0.8085825
0.6359731,0.8113886
0.638752,0.8113886
0.3811057,0.5295781
0.3804242,0.5260147
0.3792227,0.5294433
0.3787217,0.525001
0.380761,0.5244904
0.229291,0.5252067
0.2283653,0.5287436
0.3789067,0.5235599
0.3791152,0.522402
0.3812699,0.5231987
0.2289113,0.5238425
0.2284836,0.5227713
0.2270978,0.5246178
0.2269135,0.5233775
0.2272615,0.5261319
0.2260295,0.5254562
0.22701,0.5287027
0.2256702,0.5268047
0.2250274,0.5287943
0.1690951,0.5141906
0.1690288,0.4955291
0.1674588,0.4952056
0.167463,0.5146496
0.01682717,0.4952056
0.0168255,0.5146496
0.01467243,0.4955026
0.01452622,0.5144668
0.6281173,0.5391851
0.6281173,0.3401943
0.6262342,0.5380863
0.6262342,0.3400604
0.623839,0.3408522
0.6224838,0.3408105
0.623839,0.5395772
0.6224838,0.540676
0.4537498,0.9812535
0.6524757,0.9812535
0.6524757,0.8303959
0.4537498,0.8303959
0.4536486,0.9812535
0.4536486,0.8303959
0.4535593,0.9812535
0.4535592,0.8303959
0.2119661,0.5305541
0.01394025,0.5305541
0.2119664,0.5335351
0.01379958,0.5335351
0.2119671,0.5493354
0.01324121,0.5493354
0.01383946,0.5307434
0.01369867,0.5336863
0.01314003,0.5493354
0.01305071,0.5493354
0.01360962,0.5335351
0.01375041,0.5305541
0.2453073,0.5441084
0.2453072,0.5470894
0.4440323,0.5441084
0.4440323,0.5470894
0.2453064,0.5628896
0.4440324,0.5628896
0.4441335,0.5442977
0.4441335,0.5472406
0.4441335,0.5628896
0.4442229,0.5628896
0.4442229,0.5470894
0.4442228,0.5441084
0.1642666,0.4819827
0.1642666,0.4790017
0.01340914,0.4819828
0.01340914,0.4790018
0.1642666,0.4632014
0.01340908,0.4632014
0.2088531,0.4749674
0.2102083,0.4749674
0.2102083,0.4747782
0.2088531,0.4747782
0.2068705,0.4758005
0.2075917,0.4765196
0.205842,0.4769771
0.2064448,0.477931
0.205531,0.4958691
0.2064263,0.4958691
0.2097821,0.4988284
0.2097821,0.4988284
0.214165,0.4747782
0.212282,0.4747782
0.212282,0.4749674
0.214165,0.4749674
0.2157223,0.4757227
0.2153285,0.47657
0.2168705,0.4770735
0.2163865,0.4780273
0.217253,0.4957674
0.2163846,0.4957675
0.2132201,0.4988284
0.2132201,0.4988284
0.203433,0.489155
0.203433,0.4877997
0.2032438,0.4877997
0.2032438,0.489155
0.2023292,0.4908423
0.2016916,0.4904164
0.2004694,0.4916624
0.2002802,0.4915633
0.2033401,0.4960943
0.2033401,0.4979773
0.2035293,0.4979773
0.2035293,0.4960943
0.2024465,0.4946169
0.2017374,0.4949309
0.2004695,0.4938006
0.2002802,0.4938729
0.5353563,0.548056
0.5384172,0.5484697
0.5353563,0.5479559
0.5384171,0.5483685
0.5561573,0.5484699
0.5563466,0.5483688
0.5382976,0.350272
0.5353563,0.350272
0.5564202,0.3502722
0.5583237,0.5482717
0.5382977,0.3479154
0.5353563,0.3479154
0.5384626,0.3451092
0.5355106,0.3451092
0.5562395,0.3451095
0.5564203,0.3479155
0.5583625,0.3479159
0.5582085,0.3451098
0.5583622,0.3502726
0.5594064,0.548165
0.5594064,0.3491742
0.5594068,0.3479164
0.5594072,0.3451103
0.5868528,0.3466892
0.5868531,0.3453227
0.6035533,0.3428345
0.5868535,0.3437238
0.6041461,0.3416818
0.604043,0.3402448
0.5635021,0.3669924
0.5635021,0.3670925
0.5664614,0.3663102
0.5664614,0.3664115
0.5843995,0.3660836
0.5845888,0.3661851
0.566448,0.5647764
0.5635021,0.5647764
0.5635021,0.5671331
0.5845898,0.5647762
0.5864486,0.3661011
0.566448,0.5671331
0.5864491,0.5647758
0.5875524,0.3660088
0.5875524,0.5658742
0.566613,0.5699391
0.5636564,0.5699391
0.5844085,0.5699389
0.5845899,0.5671328
0.5864493,0.5671324
0.5862963,0.5699385
0.5875526,0.567132
0.587553,0.5699381
0.6149989,0.5694486
0.6149993,0.5713246
0.6149986,0.5680665
0.6149986,0.5668593
0.5875524,0.5647753
0.6316991,0.5718759
0.6316991,0.5724872
0.6322919,0.5733666
0.632189,0.5745301
0.6149993,0.5725317
0.6327091,0.5751415
0.2400341,0.4847958
0.2408725,0.4852195
0.2421127,0.4839743
0.2408538,0.4834935
0.2404482,0.4658347
0.2418306,0.465313
0.239037,0.4623151
0.2386465,0.4835612
0.2386856,0.4848599
0.236696,0.4847914
0.2366127,0.4836148
0.2384119,0.4652324
0.2357028,0.4617634
0.2363861,0.4647228
0.6049767,0.1624143
0.6207769,0.1624143
0.6049767,0.01155676
0.6207769,0.01155676
0.6237578,0.1624143
0.6237578,0.01155676
0.5602287,0.1772224
0.5602287,0.3280787
0.5779386,0.3280787
0.5779386,0.1772224
0.5607489,0.1753394
0.5779386,0.1753394
0.6053849,0.3280787
0.5779386,0.329434
0.6053849,0.329434
0.6053849,0.1772224
0.6053849,0.1753394
0.6069463,0.3280788
0.6066417,0.329854
0.6085293,0.3300132
0.6069463,0.1772223
0.6065837,0.1750477
0.6083661,0.3280788
0.6083661,0.1772222
0.6085525,0.1748208
0.6262023,0.3280791
0.6263249,0.3300337
0.6292815,0.3272719
0.6292815,0.3244929
0.6262023,0.177222
0.6263292,0.1747616
0.6292815,0.1793699
0.6292815,0.1775174
0.5521673,0.1786703
0.5521673,0.1767874
0.5354668,0.1767874
0.5354668,0.1786703
0.5080205,0.1767874
0.5521673,0.3295279
0.5080205,0.1786703
0.5354668,0.3295279
0.5080205,0.3295279
0.5861421,0.02068132
0.586521,0.02015892
0.5859784,0.01999184
0.5855772,0.02048071
0.5553087,0.005652264
0.5548743,0.05086321
0.5549865,0.05153222
0.5547057,0.006237678
0.5547915,0.005369604
0.5541542,0.005996346
0.5421985,0.02037218
0.5418894,0.01985832
0.5415631,0.02032793
0.5418526,0.02081643
0.5542726,0.05106408
0.5411173,0.02102435
0.5409539,0.02045166
0.5535323,0.05084736
0.5243526,0.02074967
0.524548,0.0201822
0.5242283,0.0201783
0.5103337,0.05225692
0.5239951,0.02074566
0.5236722,0.02040383
0.5238911,0.01984121
0.5099198,0.008863136
0.5104011,0.008519769
0.5095713,0.008132212
0.5091156,0.00854712
0.5089232,0.0522999
0.4902382,0.02434662
0.4901057,0.02388559
0.4897473,0.02449439
0.489659,0.0240343
0.5086198,0.05291558
0.5094858,0.05250001
0.509989,0.05267838
0.5092245,0.05273479
0.5538737,0.05125027
0.5097355,0.05329714
0.5121028,0.09528968
0.5544865,0.05137563
0.5541149,0.05185962
0.5130085,0.09519749
0.5121531,0.09591785
0.5551084,0.09371969
0.5558756,0.09370466
0.5130496,0.0958435
0.5123689,0.0964299
0.5551332,0.09436299
0.5558988,0.09433234
0.5557391,0.09487262
0.5132631,0.09638103
0.5249221,0.1284017
0.5549672,0.09491175
0.5458422,0.1281116
0.5449326,0.1281556
0.5456914,0.128751
0.5253558,0.1283785
0.5251185,0.1289373
0.5447673,0.1287579
0.5255461,0.128917
0.5251059,0.1297309
0.5255534,0.1297045
0.5267134,0.1472286
0.5448017,0.1296342
0.5457004,0.1297469
0.5270955,0.1471331
0.5268159,0.147701
0.527156,0.1476343
0.5418216,0.1508626
0.5421335,0.1502702
0.5430261,0.1504118
0.5428116,0.1510272
0.5897662,0.02208312
0.5901574,0.02156989
0.5896192,0.02138993
0.5892062,0.02186915
0.559299,0.006325103
0.5577896,0.05151298
0.5578859,0.05218444
0.5586821,0.006896064
0.5587887,0.006030217
0.5581365,0.006641693
0.5458423,0.02072914
0.5455458,0.02020812
0.5452083,0.02066981
0.545486,0.02116513
0.5571834,0.05169952
0.544746,0.02135539
0.5445962,0.02077906
0.5564484,0.05146524
0.5279925,0.02068217
0.5282015,0.02011954
0.527882,0.02010807
0.5132285,0.05184723
0.5276353,0.02066965
0.5273207,0.02032023
0.5275529,0.01976303
0.5138466,0.00845588
0.514336,0.008123957
0.5135154,0.007716864
0.5130501,0.00812082
0.5118175,0.05185665
0.4938024,0.02346701
0.4936809,0.0230029
0.4933081,0.02360298
0.4932308,0.02314102
0.5114995,0.05246489
0.5123752,0.05207007
0.5128739,0.05226036
0.5121083,0.05229858
0.5567802,0.05187613
0.5126058,0.05287293
0.513974,0.09490982
0.5573897,0.052016
0.5570067,0.05249107
0.5148815,0.09483924
0.5140092,0.0955391
0.5570046,0.09436285
0.5577719,0.09436607
0.5149072,0.09548602
0.5142128,0.0960561
0.5570142,0.0950066
0.5577803,0.09499414
0.5576077,0.09553046
0.5151079,0.0960285
0.5260022,0.1283173
0.5568351,0.09555124
0.5469232,0.1285246
0.5460129,0.128547
0.5467575,0.1291603
0.5264363,0.1283044
0.5261858,0.1288574
0.5458332,0.1291452
0.5266137,0.1288472
0.5261545,0.1296506
0.5266024,0.1296348
0.5273453,0.1471815
0.5458471,0.1300222
0.5467428,0.1301562
0.5277295,0.1470951
0.5274366,0.1476562
0.5277781,0.1475976
0.5423629,0.1511737
0.5426887,0.1505888
0.5435778,0.1507517
0.5433486,0.1513618
0.5873054,0.0223955
0.5876961,0.02188192
0.5871575,0.02170239
0.5867451,0.02218197
0.5568246,0.006663539
0.5553539,0.05185268
0.5554509,0.05252406
0.5562082,0.00723508
0.5563141,0.006369039
0.5556623,0.006981142
0.5433803,0.02107911
0.5430834,0.02055832
0.5427462,0.02102028
0.5430244,0.02151532
0.5547478,0.05203975
0.5422846,0.02170629
0.5421342,0.02113002
0.5540127,0.05180613
0.5255305,0.02104741
0.5257391,0.02048462
0.5254195,0.0204734
0.5107931,0.05222511
0.5251733,0.02103519
0.5248583,0.02068605
0.5250899,0.02012865
0.5113741,0.008833252
0.5118633,0.008500889
0.5110422,0.008094512
0.5105773,0.008498915
0.5093821,0.05223573
0.4913427,0.02386153
0.4912208,0.02339754
0.4908486,0.02399797
0.4907708,0.02353606
0.5090646,0.05284431
0.50994,0.05244866
0.5104389,0.05263853
0.5096733,0.05267739
0.5543448,0.05221669
0.5101714,0.05325136
0.5115754,0.09528709
0.5549545,0.05235604
0.5545719,0.05283143
0.512483,0.09521571
0.5116113,0.09591631
0.5546057,0.09470327
0.555373,0.09470575
0.5125094,0.09586243
0.5118154,0.09643309
0.5546157,0.09534697
0.5553818,0.09533387
0.5552096,0.0958703
0.5127105,0.09640481
0.5236325,0.1286842
0.554437,0.09589171
0.5445536,0.1288737
0.5436433,0.1288968
0.5443882,0.1295094
0.5240664,0.128671
0.5238165,0.1292242
0.5434642,0.1294951
0.5242442,0.1292137
0.5237858,0.1300173
0.5242338,0.1300012
0.5249916,0.1475472
0.5434786,0.1303722
0.5443745,0.1305054
0.5253759,0.1474605
0.5250834,0.1480219
0.5254248,0.147963
0.5400127,0.1515267
0.5403379,0.1509414
0.5412272,0.1511035
0.5409986,0.1517139
0.5820028,0.03070953
0.5822749,0.03043215
0.5819719,0.03007833
0.5816264,0.03037525
0.562976,0.009832196
0.5611521,0.04974428
0.5615005,0.05026585
0.562228,0.0100502
0.5626194,0.00930199
0.5617946,0.009623177
0.5480376,0.01878458
0.5478691,0.01819515
0.5475073,0.01857677
0.547704,0.01914259
0.5605551,0.04986184
0.5469784,0.01921215
0.5468751,0.01860417
0.5598096,0.04957015
0.5306506,0.01708795
0.5308894,0.01652417
0.530574,0.01648773
0.5144295,0.0477001
0.5302967,0.01705069
0.5300023,0.01667507
0.5302618,0.0161136
0.5174045,0.005264543
0.5179054,0.004920624
0.5171782,0.004469723
0.516724,0.004869275
0.5129644,0.04765288
0.4945287,0.02288647
0.4942613,0.02248741
0.4940816,0.02315538
0.4938669,0.02277068
0.5125917,0.04820054
0.5135392,0.04788155
0.5140369,0.04809344
0.5132519,0.04808689
0.5601971,0.04998374
0.5137256,0.04868893
0.5124668,0.09169333
0.5608714,0.05014686
0.5604966,0.05058517
0.5134068,0.09169752
0.5124585,0.09234743
0.5569294,0.09409282
0.5577189,0.09415875
0.5133901,0.09236609
0.5126347,0.0928969
0.5568873,0.09475605
0.557677,0.09480492
0.5574545,0.09534323
0.5135615,0.09293939
0.5225804,0.1271062
0.5566586,0.09530421
0.5441021,0.1284546
0.5431646,0.1284092
0.5438814,0.129064
0.5230296,0.1271264
0.5227542,0.1277044
0.5429344,0.1289985
0.5231962,0.127715
0.5227249,0.128543
0.5231657,0.1285562
0.5218406,0.1474896
0.5428825,0.1298781
0.5438102,0.1300104
0.5222595,0.1474664
0.5218456,0.1480232
0.5222324,0.1480217
0.5396988,0.1506716
0.5399064,0.1500796
0.5408301,0.1502307
0.5406686,0.1508436
0.3777118,0.5321535
0.3777115,0.5336441
0.3795948,0.5324914
0.3799713,0.5336441
0.3795943,0.535081
0.2268543,0.5321534
0.3777113,0.535419
0.2268546,0.5336441
0.2254991,0.5327649
0.226855,0.535419
0.2251225,0.5336441
0.2254997,0.5348078
1
2700
0
1
2
1
3
2
4
3
1
5
4
1
3
6
2
3
4
6
6
7
2
4
8
6
9
8
4
4
5
10
10
9
4
5
11
10
12
9
10
11
13
10
14
12
10
13
14
10
15
12
14
14
13
16
17
15
14
17
14
16
15
18
12
18
19
12
12
19
20
13
21
16
22
21
13
23
22
13
22
23
24
25
22
24
24
26
25
26
27
25
25
28
22
25
27
28
22
29
21
28
29
22
21
30
16
29
31
21
21
31
30
16
30
32
16
32
17
27
33
28
33
27
34
27
35
34
33
36
28
36
37
28
28
37
29
37
38
29
38
39
29
39
31
29
31
40
30
30
41
32
30
40
41
31
39
42
40
31
42
32
41
43
40
44
41
41
44
43
44
40
45
40
42
45
46
32
43
32
46
17
46
47
17
47
15
17
48
47
46
43
48
46
47
49
15
47
48
49
49
18
15
44
50
43
44
45
50
51
48
43
50
51
43
42
52
45
45
53
50
52
53
45
53
54
50
54
51
50
53
52
54
55
52
42
39
55
42
52
56
54
52
55
56
54
57
51
54
56
57
51
58
48
57
58
51
58
59
48
48
59
49
58
57
60
59
58
60
49
59
61
61
59
60
18
49
61
56
62
57
57
62
60
61
63
18
63
19
18
19
63
64
60
65
61
65
63
61
60
62
65
63
65
64
56
66
62
55
66
56
62
67
65
66
67
62
68
66
55
66
69
67
65
67
70
65
70
64
71
68
55
55
39
71
39
72
71
72
73
71
71
74
68
73
74
71
74
75
68
73
76
74
77
75
74
69
78
67
67
78
70
79
78
69
78
79
70
80
79
69
76
81
74
81
77
74
81
76
82
81
82
77
76
83
82
82
84
77
79
85
70
70
85
64
86
79
80
85
79
86
87
86
80
86
87
88
89
86
88
89
85
86
89
88
90
85
89
91
91
89
90
92
85
91
85
92
64
93
91
90
92
91
93
94
93
90
94
95
93
96
92
93
95
96
93
92
96
64
96
95
20
96
97
64
97
96
20
97
19
64
19
97
20
98
99
100
99
101
100
102
103
104
105
102
104
106
102
105
107
105
104
108
106
105
105
107
108
109
106
108
107
110
108
110
107
111
112
110
111
113
109
108
108
110
113
114
109
113
115
114
113
110
112
116
110
116
113
113
116
115
112
117
116
116
117
115
118
119
120
119
118
121
118
122
121
118
123
122
122
124
121
124
125
121
123
126
122
123
127
126
124
128
125
128
129
125
130
124
122
124
130
128
126
130
122
130
131
128
127
132
126
130
126
132
127
133
132
131
130
134
134
130
132
135
131
134
133
136
132
134
132
136
133
137
136
135
134
138
138
134
136
139
135
138
140
139
138
137
141
136
137
142
141
143
138
136
143
140
138
141
143
136
142
144
141
141
144
143
142
145
144
145
146
144
143
147
140
144
147
143
144
146
147
147
148
140
146
149
147
148
147
150
147
149
150
151
152
153
152
154
153
152
155
154
154
156
153
156
157
153
155
158
154
154
158
156
159
158
155
160
159
155
158
159
161
158
161
156
159
162
161
161
162
163
161
163
156
162
164
163
156
165
157
163
165
156
165
163
166
165
167
157
168
165
166
165
168
167
168
169
167
170
171
172
173
170
172
173
172
174
175
173
174
175
174
176
177
175
176
178
179
180
179
181
180
182
183
184
183
185
184
186
187
188
189
186
188
190
186
189
191
190
189
192
190
191
193
192
191
194
195
196
195
197
196
196
197
198
197
199
198
195
200
197
197
201
199
200
201
197
201
202
199
203
202
201
204
203
201
204
201
200
205
204
200
206
207
208
207
209
208
207
210
209
210
211
209
208
209
212
209
211
213
209
213
212
211
214
213
214
215
213
215
216
213
213
216
212
216
217
212
218
219
220
219
221
220
219
222
221
222
223
221
224
225
226
227
224
226
227
228
224
228
229
224
228
230
229
230
231
229
230
232
231
232
233
231
232
234
233
234
235
233
236
237
238
239
236
238
236
239
240
239
241
240
240
241
242
241
243
242
244
242
243
245
244
243
244
245
246
245
247
246
248
249
250
251
248
250
252
248
251
253
252
251
254
252
253
255
254
253
256
257
258
259
256
258
256
259
260
261
256
260
260
262
261
262
263
261
264
265
266
265
267
266
267
265
268
269
267
268
267
270
266
270
271
266
267
269
272
270
267
272
272
269
273
270
274
271
274
275
271
274
276
275
276
277
275
278
276
274
279
274
270
279
278
274
272
279
270
278
279
280
279
272
280
281
278
280
282
272
273
272
282
280
273
283
282
283
284
282
282
284
280
280
285
281
284
285
280
285
286
281
284
287
285
285
288
286
287
288
285
287
289
288
288
290
286
289
291
288
288
291
290
291
292
290
293
294
295
294
296
295
295
296
297
296
298
297
296
294
299
294
300
299
300
301
299
298
296
302
296
299
302
298
302
303
301
304
299
299
304
302
302
305
303
303
305
306
305
307
306
304
301
308
301
309
308
304
308
310
304
311
302
302
311
305
311
304
310
311
312
305
311
310
312
305
312
307
310
313
312
312
313
314
312
314
307
313
315
314
314
315
316
315
317
316
318
307
314
316
318
314
307
318
319
320
307
319
319
318
321
318
322
321
322
318
316
323
322
316
316
317
323
317
324
323
317
325
324
325
326
324
327
328
329
330
327
329
331
330
329
332
331
329
333
331
332
330
334
327
330
331
334
334
335
327
335
334
336
334
337
336
333
338
331
331
338
334
334
338
337
333
339
338
338
340
337
339
340
338
341
342
343
342
344
343
342
345
344
345
346
344
347
348
349
350
347
349
351
347
350
352
351
350
350
349
353
353
349
354
355
353
354
352
350
356
356
350
353
357
352
356
358
353
355
356
353
358
359
358
355
358
359
360
356
361
357
361
356
358
361
362
357
363
358
360
361
358
363
361
364
362
364
361
363
364
365
362
366
363
360
364
363
366
367
366
360
366
367
368
369
366
368
364
370
365
370
364
366
370
366
369
370
371
365
372
370
369
371
370
373
370
372
373
374
375
376
377
374
376
377
376
378
379
374
377
380
377
378
381
379
377
380
382
377
382
381
377
383
384
385
386
383
385
385
387
386
383
386
388
389
383
388
387
390
386
388
386
390
387
391
390
391
392
390
390
392
393
393
388
390
392
394
393
394
395
393
393
396
388
395
396
393
388
397
389
396
397
388
398
396
395
399
398
395
400
397
396
398
400
396
401
398
399
402
401
399
402
403
401
401
404
398
404
400
398
403
405
401
401
405
404
405
403
406
403
407
406
406
407
408
407
409
408
409
410
408
410
411
408
405
406
412
412
406
408
408
411
413
413
412
408
411
414
413
413
414
415
414
416
415
415
417
413
417
412
413
418
405
412
405
418
404
412
417
418
404
418
419
404
419
400
417
420
418
418
420
419
420
417
419
419
421
400
400
421
397
417
422
419
419
422
421
417
423
422
421
424
397
397
424
389
421
425
424
422
425
421
425
389
424
423
426
422
422
426
425
423
427
426
425
428
389
426
428
425
428
429
389
427
430
426
426
430
428
427
431
430
428
432
429
430
432
428
432
433
429
433
432
434
431
435
430
430
435
432
431
436
435
432
437
434
435
437
432
434
437
438
437
439
438
437
435
439
438
439
440
436
441
435
435
441
439
436
442
441
439
443
440
439
441
443
442
444
441
441
444
443
442
445
444
445
446
444
444
446
443
445
447
446
443
448
440
446
448
443
448
449
440
447
450
446
446
450
448
447
451
450
451
452
450
452
453
450
448
454
449
450
454
448
453
454
450
454
455
449
453
456
454
456
455
454
457
458
459
460
457
459
459
461
460
457
460
462
463
457
462
461
464
460
462
460
464
461
465
464
465
466
464
464
466
467
467
462
464
466
468
467
468
469
467
467
470
462
469
470
467
462
471
463
470
471
462
472
470
469
473
472
469
474
471
470
472
474
470
475
472
473
476
475
473
476
477
475
475
478
472
478
474
472
477
479
475
475
479
478
479
477
480
477
481
480
480
481
482
481
483
482
483
484
482
484
485
482
479
480
486
486
480
482
482
485
487
487
486
482
485
488
487
487
488
489
488
490
489
489
491
487
491
486
487
492
479
486
479
492
478
486
491
492
478
492
493
478
493
474
491
494
492
492
494
493
494
491
493
493
495
474
474
495
471
491
496
493
493
496
495
491
497
496
495
498
471
471
498
463
495
499
498
496
499
495
499
463
498
497
500
496
496
500
499
497
501
500
499
502
463
500
502
499
502
503
463
501
504
500
500
504
502
501
505
504
502
506
503
504
506
502
506
507
503
507
506
508
505
509
504
504
509
506
505
510
509
506
511
508
509
511
506
508
511
512
511
513
512
511
509
513
512
513
514
510
515
509
509
515
513
510
516
515
513
517
514
513
515
517
516
518
515
515
518
517
516
519
518
519
520
518
518
520
517
519
521
520
517
522
514
520
522
517
522
523
514
521
524
520
520
524
522
521
525
524
525
526
524
526
527
524
522
528
523
524
528
522
527
528
524
528
529
523
527
530
528
530
529
528
531
532
533
534
531
533
533
535
534
531
534
536
537
531
536
535
538
534
536
534
538
535
539
538
539
540
538
538
540
541
541
536
538
540
542
541
542
543
541
541
544
536
543
544
541
536
545
537
544
545
536
546
544
543
547
546
543
548
545
544
546
548
544
549
546
547
550
549
547
550
551
549
549
552
546
552
548
546
551
553
549
549
553
552
553
551
554
551
555
554
554
555
556
555
557
556
557
558
556
558
559
556
553
554
560
560
554
556
556
559
561
561
560
556
559
562
561
561
562
563
562
564
563
563
565
561
565
560
561
566
553
560
553
566
552
560
565
566
552
566
567
552
567
548
565
568
566
566
568
567
568
565
567
567
569
548
548
569
545
565
570
567
567
570
569
565
571
570
569
572
545
545
572
537
569
573
572
570
573
569
573
537
572
571
574
570
570
574
573
571
575
574
573
576
537
574
576
573
576
577
537
575
578
574
574
578
576
575
579
578
576
580
577
578
580
576
580
581
577
581
580
582
579
583
578
578
583
580
579
584
583
580
585
582
583
585
580
582
585
586
585
587
586
585
583
587
586
587
588
584
589
583
583
589
587
584
590
589
587
591
588
587
589
591
590
592
589
589
592
591
590
593
592
593
594
592
592
594
591
593
595
594
591
596
588
594
596
591
596
597
588
595
598
594
594
598
596
595
599
598
599
600
598
600
601
598
596
602
597
598
602
596
601
602
598
602
603
597
601
604
602
604
603
602
605
606
607
608
605
607
607
609
608
605
608
610
611
605
610
609
612
608
610
608
612
609
613
612
613
614
612
612
614
615
615
610
612
614
616
615
616
617
615
615
618
610
617
618
615
610
619
611
618
619
610
620
618
617
621
620
617
622
619
618
620
622
618
623
620
621
624
623
621
624
625
623
623
626
620
626
622
620
625
627
623
623
627
626
627
625
628
625
629
628
628
629
630
629
631
630
631
632
630
632
633
630
627
628
634
634
628
630
630
633
635
635
634
630
633
636
635
635
636
637
636
638
637
637
639
635
639
634
635
640
627
634
627
640
626
634
639
640
626
640
641
626
641
622
639
642
640
640
642
641
642
639
641
641
643
622
622
643
619
639
644
641
641
644
643
639
645
644
643
646
619
619
646
611
643
647
646
644
647
643
647
611
646
645
648
644
644
648
647
645
649
648
647
650
611
648
650
647
650
651
611
649
652
648
648
652
650
649
653
652
650
654
651
652
654
650
654
655
651
655
654
656
653
657
652
652
657
654
653
658
657
654
659
656
657
659
654
656
659
660
659
661
660
659
657
661
660
661
662
658
663
657
657
663
661
658
664
663
661
665
662
661
663
665
664
666
663
663
666
665
664
667
666
667
668
666
666
668
665
667
669
668
665
670
662
668
670
665
670
671
662
669
672
668
668
672
670
669
673
672
673
674
672
674
675
672
670
676
671
672
676
670
675
676
672
676
677
671
675
678
676
678
677
676
679
680
681
680
682
681
682
680
683
679
684
680
680
685
683
684
686
680
680
686
685
684
687
686
686
688
685
687
689
686
688
686
690
686
689
690
