MESH3
BedBlanket
675
0.8985262,-0.0122139,0.8674424
0.8738042,-0.01908604,0.8997395
0.7153538,0.02449497,0.8501261
0.7164633,0.0007081222,0.9038861
0.8689472,-0.03265839,0.9327734
0.568191,0.01809128,0.8559577
0.7185147,-0.01983219,0.9396188
0.8596809,-0.04643471,0.9609224
0.5722368,-0.01305286,0.9097381
0.4049772,-0.01582951,0.9063365
0.4051409,0.02504826,0.878787
0.2362487,-0.003035698,0.8969828
0.2403041,0.03393039,0.8742114
0.0701534,0.01856541,0.8646721
0.5757748,-0.0310078,0.9496583
0.4036041,-0.03606968,0.9486898
0.2328305,-0.0301128,0.9347572
0.06620378,-0.006536751,0.9104683
0.7207677,-0.03795387,0.9679345
-0.1035076,0.003909874,0.8957679
-0.1056426,0.03870945,0.8472909
-0.2605736,0.02730919,0.8493577
-0.2718434,0.003827858,0.8852171
-0.440692,0.01888348,0.8459131
-0.1055232,-0.01986786,0.9346215
0.06538408,-0.02479172,0.9356573
-0.4400508,0.0007941055,0.8898129
-0.5995784,0.01506588,0.845341
-0.276846,-0.006059074,0.9263119
0.2297144,-0.03594452,0.962727
-0.1060294,-0.02357551,0.9548145
0.06569732,-0.02944916,0.9533738
0.4011872,-0.04273067,0.9855267
0.5798284,-0.0376675,0.9843509
0.5752551,-0.004240646,0.9649675
0.4026687,-0.009797592,0.9556375
0.232591,0.003664131,0.9369156
0.7233849,-0.009513893,0.9508073
0.4064316,0.02260845,0.9260498
0.575389,0.01283535,0.9183018
0.4127989,0.06154537,0.8399553
0.2355528,0.03135853,0.9031345
0.06566591,0.01112362,0.9281611
-0.1039041,0.01344837,0.9278835
-0.2783748,-0.005082435,0.9558374
-0.4381544,-0.009091645,0.9310834
-0.5995395,-0.007066459,0.8979489
-0.7997491,-0.02558598,0.9007584
-0.8163363,-0.0002586746,0.8292813
-0.8518505,-0.04623996,0.8966771
-0.8762143,-0.03458778,0.8440396
-0.9002911,-0.05785641,0.8656868
-0.8847516,-0.07254367,0.8946861
-0.8729545,-0.08700504,0.9375116
-0.8392086,-0.05390896,0.9404053
-0.8640658,-0.08773334,0.9667563
-0.7886482,-0.03514034,0.9430478
-0.8305458,-0.05471657,0.9691927
-0.8683053,-0.07955532,0.9928209
-0.5993332,-0.01897617,0.9385911
-0.7830516,-0.03642338,0.9823453
-0.4374435,-0.003174248,0.9621168
-0.8373788,-0.03789333,0.981792
-0.5985073,-0.0172908,0.9763789
-0.2777395,0.02193436,0.9253345
-0.4420684,0.02427811,0.9316112
-0.6054448,0.01143162,0.9497952
-0.7865322,-0.01683582,0.9812248
-0.8790041,-0.06377407,0.9599066
-0.8438575,-0.02002659,0.956432
-0.7932187,0.002229958,0.9456817
-0.6105717,0.02289886,0.9019131
-0.4437138,0.03521504,0.8800538
-0.2768592,0.03368332,0.8749282
-0.9076166,-0.09837177,0.9607738
-0.9028104,-0.1146941,0.9943815
-0.9218453,-0.1340178,0.9828309
-0.1005784,0.03269218,0.8819293
0.06777153,0.03821545,0.8960065
-0.1000335,0.05956596,0.8373671
0.2377409,0.0611348,0.8299722
0.06819128,0.05986404,0.8231372
0.2398711,0.09186283,0.7849556
-0.2767172,0.0611816,0.8236477
-0.1021369,0.08264954,0.7944023
0.06800427,0.08876728,0.7809617
-0.4448562,0.05901825,0.8257556
-0.6172617,0.04808735,0.8475468
-0.8065126,0.03381268,0.8976449
-0.8596015,0.01587849,0.9056389
-0.8851802,-0.035313,0.915197
-0.9142997,-0.07322895,0.9170209
-0.2728098,0.08860394,0.7825707
-0.4452158,0.08901291,0.7849163
-0.6210083,0.08029743,0.7959092
-0.80493,0.05155598,0.8401157
-0.8644517,0.04186336,0.8438182
-0.8942128,-0.004071464,0.8573425
-0.9215333,-0.03979778,0.8600413
-0.1039192,0.09152454,0.7483466
-0.6222816,0.1002296,0.7494399
-0.8175322,0.07992977,0.7695531
-0.8695508,0.0498859,0.7758904
-0.9048231,0.0200362,0.7809317
-0.4458756,0.1012731,0.7415097
-0.6225713,0.08973179,0.6945693
-0.83154,0.06510494,0.6900395
-0.2711476,0.09703365,0.7412507
-0.926992,-0.00368866,0.7876248
-0.8776287,0.03772266,0.6896253
-0.913694,0.01341457,0.6886712
-0.1022121,0.0804906,0.6933131
-0.2701659,0.09271023,0.6884215
-0.4482986,0.09333141,0.689916
0.06834658,0.09766246,0.7340215
0.2410039,0.09840702,0.7366698
0.2412581,0.08689022,0.6797884
0.06890699,0.08702938,0.6795411
-0.100528,0.0755323,0.5941334
-0.2721996,0.08444767,0.5979092
-0.4511576,0.08876652,0.6043601
0.4154775,0.09083248,0.786805
-0.626142,0.08425502,0.604199
-0.4559097,0.08554783,0.4299876
0.4156272,0.09856869,0.7371734
0.5895544,0.07829571,0.7938759
-0.8458702,0.05424221,0.5856544
-0.2761793,0.08515415,0.4268499
-0.2812459,0.07523677,0.2509353
-0.6328266,0.08498737,0.4286868
-0.889246,0.02939937,0.5817243
-0.1000804,0.08242428,0.4183594
-0.4583261,0.07556099,0.2539901
-0.8442283,0.05370945,0.4205357
-0.6364079,0.07498387,0.2513627
0.07157385,0.08447041,0.579009
-0.4601723,0.07758159,0.08151306
-0.9215748,0.008057022,0.5765758
-0.8832943,0.03284611,0.4172549
-0.8507745,0.04150432,0.2429605
-0.6386366,0.06772506,0.08533386
-0.9419869,-0.01341019,0.6883496
-0.9408333,-0.04440998,0.7843054
-0.9399063,-0.07740429,0.8571804
-0.9393086,-0.1091466,0.9150381
-0.9327771,-0.1321082,0.9556024
-0.9471952,-0.01901379,0.5662031
-0.9580919,-0.046017,0.6859393
-0.934111,-0.1016157,0.7804742
-0.9275845,-0.1165316,0.8572166
-0.9206803,-0.1420431,0.9135187
-0.9114487,-0.1398621,0.9491733
-0.8899928,-0.121912,0.9618452
-0.9028104,-0.1146941,0.9943815
-0.8993226,-0.1136192,0.9240799
-0.8640658,-0.08773334,0.9667563
-0.8683053,-0.07955532,0.9928209
-0.8729545,-0.08700504,0.9375116
-0.8847516,-0.07254367,0.8946861
-0.912851,-0.09760445,0.8735079
-0.9002911,-0.05785641,0.8656868
-0.9224364,-0.08533432,0.8008372
-0.9307003,-0.04399258,0.683053
-0.9234454,-0.08001442,0.678139
-0.9015996,-0.05386211,0.5408537
-0.940485,-0.1027486,0.6830731
-0.9475218,-0.05483784,0.5529034
-0.9299834,-0.1216385,0.5509611
-0.9130214,-0.09126667,0.5439868
-0.8876953,-0.0997168,0.3983156
-0.8837314,-0.06004028,0.3962223
-0.9019244,-0.1335586,0.4002737
-0.9089907,-0.1066109,0.2572713
-0.8932125,-0.06985695,0.2510571
-0.8960425,-0.07282448,0.1004551
-0.9280823,-0.05691303,0.4067139
-0.9346693,-0.01647167,0.4103751
-0.917116,0.01193504,0.4137305
-0.8888856,0.01892303,0.2432481
-0.9229971,-0.002468452,0.2438924
-0.9369595,-0.03464527,0.2465327
-0.9350723,-0.07339924,0.253976
-0.9183988,-0.1430751,0.2620133
-0.9122121,-0.1140135,0.09444298
-0.9311501,-0.1527462,0.08959587
-0.9373927,-0.08358875,0.0872675
-0.9375808,-0.04180645,0.0852259
-0.9160746,-0.08945934,-0.07285574
-0.9031902,-0.05258503,-0.07097166
-0.933044,-0.1252249,-0.07496157
-0.9121001,-0.08301868,-0.2479053
-0.8856513,-0.05198418,-0.2476174
-0.9078203,-0.04828464,-0.4135876
-0.9348837,-0.1165818,-0.2484865
-0.9195358,-0.0852531,-0.4149866
-0.9228069,-0.03994732,-0.5985609
-0.9406238,-0.06381271,-0.07120424
-0.9198537,-0.07856304,-0.6021072
-0.8995182,-0.0287912,-0.7882226
-0.9421936,-0.06534141,-0.2453564
-0.9399714,-0.02315258,-0.07873186
-0.9502292,-0.1244067,-0.4161804
-0.9692563,-0.0700988,-0.4152146
-0.9090655,-0.05923279,-0.7939048
-0.9083914,-0.05955414,-0.8049811
-0.9230321,-0.09119732,-0.8024299
-0.9466649,-0.1156307,-0.6051995
-0.9262193,-0.08975048,-0.7579234
-0.9231629,-0.008856926,0.08360565
-0.9294227,-0.02737583,-0.2454567
-0.9513717,-0.03482654,-0.4174183
-0.9566752,-0.07032409,-0.6092848
-0.9662743,-0.07544937,-0.7430184
-0.9664603,-0.07656436,-0.7806445
-0.9207354,0.00989788,-0.08125986
-0.8885081,0.01361324,0.08121032
-0.8471755,0.03546078,0.08153553
-0.885083,0.03247249,-0.07743958
-0.9114688,0.007187195,-0.2465761
-0.8417721,0.0563414,-0.07718145
-0.9490917,-0.1092077,-0.8023696
-0.9224356,-0.0932539,-0.8187159
-0.9260975,-0.001350594,-0.421681
-0.8753603,0.03002621,-0.2472847
-0.6380737,0.08132942,-0.08093021
-0.8909209,0.03001606,-0.426964
-0.8331069,0.05423416,-0.2487401
-0.9529449,-0.03611408,-0.6121687
-0.9273145,-0.004699135,-0.615288
-0.9638003,-0.04499149,-0.7249977
-0.9620055,-0.04629105,-0.7819139
-0.932723,-0.00179081,-0.7312559
-0.8891791,0.02243286,-0.6190018
-0.8389339,0.06207928,-0.4323372
-0.6455886,0.08208252,-0.2606967
-0.4647224,0.08183715,-0.0936496
-0.2859551,0.07173618,0.07346436
-0.8702672,0.03673309,-0.7302168
-0.8394544,0.04934978,-0.6233883
-0.6485553,0.07631916,-0.4426754
-0.4749987,0.06618015,-0.2746876
-0.2934622,0.08062588,-0.1077378
-0.9326112,-0.003653602,-0.7806678
-0.1136652,0.08028286,0.06958168
-0.1230592,0.08169491,-0.1135035
-0.1054906,0.07493953,0.2477819
0.07576802,0.07360408,0.4063379
0.2408957,0.08388156,0.5725376
0.05819272,0.06814739,0.06688568
0.04972159,0.08099445,-0.1156894
0.06851526,0.074576,0.2457037
-0.1363624,0.0802943,-0.2960408
0.03918364,0.081053,-0.2972973
-0.3065791,0.08054008,-0.2916516
-0.4787795,0.06000053,-0.4502763
-0.6315931,0.07484798,-0.6383655
-0.8261133,0.05737758,-0.7315813
-0.868868,0.03962456,-0.7811696
0.2249873,0.08091404,-0.1141609
0.2170591,0.0812424,-0.2940394
0.2304714,0.0682072,0.06603885
0.2331943,0.06844013,0.243951
0.2371078,0.06245342,0.4035293
0.4059156,0.0560638,0.2396683
0.409532,0.06086681,0.4054046
0.4158558,0.07552219,0.5737653
0.41586,0.08683464,0.6795446
0.5929537,0.07769447,0.6809853
0.5917907,0.07164615,0.5646407
0.5940168,0.08897648,0.7415988
0.7322791,0.0713639,0.68188
0.7332819,0.08106342,0.7540421
0.4052606,0.06729488,0.0658474
0.5852593,0.05954319,0.2334358
0.5890816,0.05657131,0.4042711
0.7266129,0.06624145,0.5559115
0.8486233,0.08369701,0.676284
0.7245988,0.06880485,0.3950479
0.4018153,0.07435505,-0.1104516
0.8464217,0.07303981,0.543547
0.3959688,0.08036731,-0.2858229
0.8566123,0.08396351,0.7642823
0.890794,0.06348606,0.6732665
0.7298878,0.06747631,0.8167076
0.5817904,0.05063068,0.8544006
0.7283688,0.04273849,0.8815936
0.8595364,0.06179687,0.8327304
0.7268699,0.01683113,0.92256
0.9000024,0.06073711,0.7599562
0.8611419,0.03738495,0.8878922
0.863817,-0.01511074,0.9516646
0.9042106,0.0402932,0.8245237
0.8634914,0.01524429,0.9277386
0.9108966,-0.02936096,0.9300402
0.9000518,-0.06637909,0.9485096
0.9066663,0.01384949,0.876124
0.9332339,0.03655876,0.7522938
0.9379199,-0.06456051,0.9178438
0.9282555,-0.08549587,0.9386941
0.9105883,-0.007801323,0.9058959
0.9366434,0.01534023,0.8139197
0.9377424,-0.04694717,0.8908461
0.9360231,-0.01730289,0.8596126
0.953409,-0.1007221,0.9071097
0.9416447,-0.1138771,0.942566
0.9564037,-0.08768654,0.875579
0.9545167,-0.05627899,0.844262
0.9545321,-0.02184109,0.8061522
0.9404582,-0.1155342,0.8989028
0.9585586,0.002656822,0.7498368
0.9449663,-0.068279,0.7785503
0.9433138,-0.09192333,0.8151923
0.933646,-0.08865158,0.9081515
0.9282555,-0.08549587,0.9386941
0.9437981,-0.1168079,0.854892
0.9357292,-0.077906,0.8708785
0.9080669,-0.06283519,0.9234424
0.9000518,-0.06637909,0.9485096
0.8689472,-0.03265839,0.9327734
0.8596809,-0.04643471,0.9609224
0.8738042,-0.01908604,0.8997395
0.9122292,-0.05384914,0.8894697
0.8985262,-0.0122139,0.8674424
0.9161407,-0.03554333,0.8506634
0.8985577,0.01215588,0.8203452
0.9343862,-0.05819168,0.8319199
0.9175186,-0.0132373,0.8077047
0.9352617,-0.03367706,0.7894681
0.9193457,0.003550377,0.7465501
0.8985921,0.03669079,0.7492722
0.8986256,0.02569988,0.6497722
0.9449575,-0.06230434,0.7380129
0.9372955,-0.02432903,0.7356646
0.9211093,-0.006445427,0.652606
0.9516138,0.001113167,0.6717573
0.9242823,-0.01897495,0.5300738
0.8986,0.01938969,0.5264624
0.9337685,-0.07036709,0.6661886
0.9302091,-0.03781242,0.6541899
0.9238173,0.0377013,0.6696236
0.9229596,-0.01881451,0.366682
0.8985779,0.01690044,0.3651764
0.8985822,0.001978721,0.1940315
0.9385625,-0.05020386,0.5309762
0.9517038,-0.07809833,0.54098
0.9494114,-0.004773407,0.5401457
0.8888705,0.05535892,0.5398679
0.9231915,-0.03346752,0.1963056
0.8985856,-0.001717911,0.07837963
0.9392883,-0.05094475,0.3638421
0.9585998,-0.08113994,0.36856
0.9228098,0.03195507,0.5359607
0.849456,0.06898281,0.385
0.95306,-0.01119968,0.3718259
0.8945789,0.04968899,0.3794062
0.9281566,0.02492802,0.3725165
0.7274269,0.07186634,0.2272613
0.8516126,0.07225429,0.220773
0.8958366,0.0510712,0.2161002
0.9275782,0.02357258,0.2086519
0.9493615,-0.01751957,0.2067666
0.583295,0.06602413,0.06499965
0.7265562,0.06707058,0.06530132
0.8504934,0.06757931,0.06981213
0.9460924,-0.09565159,0.1982114
0.5788956,0.0677763,-0.1076481
0.7269725,0.07847236,-0.1048603
0.5699452,0.08522201,-0.2807038
0.8951016,0.04779976,0.06921551
0.9501355,-0.0255162,0.07647045
0.8574188,0.07879063,-0.09637981
0.7273074,0.09381786,-0.2770433
0.9011188,0.06359665,-0.09198017
0.9281736,0.0183894,0.06888577
0.8629548,0.07954204,-0.2735716
0.9313897,0.04234123,-0.08908531
0.9065103,0.07161114,-0.2744098
0.9353126,0.05399429,-0.2772451
0.9545333,0.008278847,-0.08318971
0.9000816,0.0759227,-0.4470025
0.8587795,0.08792172,-0.4489268
0.9588526,0.02274437,-0.2724262
0.7127376,0.103443,-0.45048
0.5637736,0.08373539,-0.4527818
0.3888011,0.08561908,-0.4556906
0.2105708,0.08546901,-0.4655155
0.03198358,0.08266624,-0.4717684
-0.1456892,0.07694614,-0.4666789
-0.312226,0.0600993,-0.4581699
-0.477512,0.05679634,-0.6467943
-0.3107867,0.05635181,-0.6526863
-0.6274758,0.07510322,-0.7314816
-0.1398619,0.07487515,-0.6578636
-0.479332,0.05773952,-0.7343851
-0.8186243,0.0594331,-0.7819277
-0.3118417,0.06520641,-0.7606859
-0.6251635,0.07476483,-0.7903053
-0.869251,0.0387418,-0.7976205
-0.4772216,0.05799007,-0.7927633
-0.8100472,0.05771442,-0.7977723
-0.9342813,-0.009290657,-0.7955778
-0.6246335,0.07065212,-0.8018382
-0.8719569,0.04540745,-0.798098
-0.961993,-0.05136478,-0.7978973
-0.9382747,-0.007379226,-0.7975227
-0.9667825,-0.07849422,-0.79362
-0.9643035,-0.04889004,-0.8015705
-0.9673192,-0.08170864,-0.8152322
-0.9491498,-0.1117189,-0.8173953
-0.9430099,-0.01214577,-0.825146
-0.9648868,-0.05341175,-0.8188905
-0.968146,-0.08666061,-0.8485264
-0.9492745,-0.1170987,-0.8495847
-0.9656232,-0.05911842,-0.8522486
-0.9689944,-0.09174202,-0.8826908
-0.9494302,-0.1238228,-0.8898178
-0.949457,-0.01959492,-0.8598993
-0.873654,0.0541201,-0.8388135
-0.8987868,0.06634117,-0.8810658
-0.9560601,-0.02760967,-0.8947638
-0.9664425,-0.06546665,-0.8893571
-0.9678782,-0.1020117,-0.9356769
-0.8095339,0.0635442,-0.7976435
-0.9451339,-0.1180341,-0.9700781
-0.9196206,-0.1029597,-0.8955766
-0.9197939,-0.1229604,-0.9831759
-0.6264264,0.07408794,-0.8037921
-0.8987836,0.06928608,-0.9206674
-0.95247,-0.03676952,-0.9440992
-0.8312139,0.1064813,-0.8763031
-0.9669577,-0.07035175,-0.9445699
-0.9611761,-0.07582973,-0.9683025
-0.8158585,0.09062237,-0.8335794
-0.62365,0.09239536,-0.8387578
-0.4788883,0.05849125,-0.8053589
-0.9191198,-0.06019493,-0.9880098
-0.9450653,-0.03887234,-0.9763281
-0.9057789,-0.06676129,-0.9515825
-0.9196206,-0.1029597,-0.8955766
-0.6295248,0.1189625,-0.8749954
-0.4768934,0.05446644,-0.8038505
-0.8919284,0.06357616,-0.9598013
-0.8523676,0.01183418,-0.9922454
-0.8796587,0.04949085,-0.9943815
-0.8227203,0.09731518,-0.9562657
-0.8138157,0.07414509,-0.9903943
-0.8331419,0.1167881,-0.9196696
-0.6332562,0.1248763,-0.9180108
-0.6358454,0.09972659,-0.954347
-0.8511941,0.01043537,-0.9435883
-0.8039703,0.02806187,-0.9877021
-0.6395878,0.06816635,-0.9893709
-0.9032924,-0.06198437,-0.8887554
-0.9211342,-0.09774075,-0.8542474
-0.9494302,-0.1238228,-0.8898178
-0.9492745,-0.1170987,-0.8495847
-0.9218636,-0.09522583,-0.8343316
-0.9491498,-0.1117189,-0.8173953
-0.9051508,-0.06109863,-0.858223
-0.8516422,0.009096565,-0.8852652
-0.9224356,-0.0932539,-0.8187159
-0.9490917,-0.1092077,-0.8023696
-0.9066494,-0.0603844,-0.8336017
-0.800902,0.02672352,-0.9387004
-0.855675,0.006510963,-0.8361264
-0.9078999,-0.05978836,-0.8130548
-0.9230321,-0.09119732,-0.8024299
-0.9083914,-0.05955414,-0.8049811
-0.8576377,0.005252571,-0.8122117
-0.8602664,0.003567009,-0.7801793
-0.8995182,-0.0287912,-0.7882226
-0.8099488,0.02976498,-0.7660038
-0.8007197,0.02499695,-0.880421
-0.6507546,0.04594822,-0.7668619
-0.6515327,0.02487709,-0.8954436
-0.4828907,0.006192551,-0.7667619
-0.6479856,0.01881306,-0.9479919
-0.4816961,0.04025333,-0.8989654
-0.3102389,0.03167519,-0.7677333
-0.6432632,0.02209515,-0.9870975
-0.3095627,0.03601933,-0.8977529
-0.1377685,0.03814362,-0.7684529
-0.4805169,0.02198051,-0.9516947
-0.4795831,0.02727516,-0.9872041
-0.3090144,0.02039059,-0.9501308
-0.1377918,0.02378368,-0.9000231
-0.4785853,0.07091816,-0.9898579
-0.4764579,0.1005607,-0.9555654
-0.3095148,0.06799034,-0.9908987
-0.3087493,0.02456825,-0.98817
-0.4730933,0.1236921,-0.9182628
-0.3093421,0.09529392,-0.9576676
0.03415946,0.02238125,-0.8948066
0.03371671,0.02348568,-0.7684363
0.2043372,0.02633274,-0.7681029
-0.1372579,0.02292614,-0.9494618
-0.1373587,0.06911869,-0.990607
0.03440223,0.02195824,-0.9483144
-0.1371057,0.02631634,-0.989077
0.2058557,0.02450005,-0.8968729
0.3739684,0.04431324,-0.8929336
0.3723315,0.04819279,-0.7678088
0.5351188,0.05896427,-0.8916398
0.5369604,0.04294437,-0.7674953
0.692995,0.04616978,-0.88483
0.6939706,0.05283077,-0.767397
0.8254698,0.03391621,-0.87089
0.8339539,0.03901745,-0.7674374
0.8768519,0.02024349,-0.7853956
0.8626884,0.02127491,-0.8658352
0.9012812,0.01042934,-0.8074466
0.8924353,-0.003153648,-0.8651845
0.8640843,0.01656654,-0.9165788
0.8923706,-0.008235511,-0.9160827
0.8281397,0.02981087,-0.923226
0.8673012,0.01174084,-0.9586161
0.895166,-0.0107402,-0.9552346
0.6894126,0.04278171,-0.9372677
0.8771193,0.0191399,-0.9858543
0.9028493,-0.009473228,-0.9854298
0.8316256,0.02615345,-0.9662973
0.5336502,0.05578739,-0.9437295
0.6874812,0.03985123,-0.9809002
0.3748812,0.04208008,-0.9460933
0.5324659,0.05384956,-0.986156
0.6892616,0.07512996,-0.9896649
0.8420245,0.0441795,-0.988547
0.2066257,0.02354839,-0.9490811
0.03453649,0.02501232,-0.9891789
0.2071776,0.02580643,-0.9888759
0.03512844,0.06797279,-0.9905497
0.3753661,0.04144527,-0.9885217
0.2047441,0.06797393,-0.9905604
0.3707518,0.08338024,-0.9903849
0.532475,0.09401958,-0.9900737
0.2036981,0.09529667,-0.960857
0.03547867,0.09498455,-0.9601485
0.6905649,0.109329,-0.9715604
0.5320052,0.1257629,-0.9686972
0.6926603,0.1368,-0.9362118
0.8555171,0.0828257,-0.9835576
0.3670638,0.1119679,-0.9634278
0.5314001,0.1527462,-0.9357073
0.3635902,0.1368309,-0.9277394
-0.1374404,0.09533344,-0.9593198
0.2030009,0.1175114,-0.9243099
0.8996616,0.05128338,-0.9910944
0.5318557,0.1483145,-0.8970937
0.03551881,0.1159062,-0.9229645
-0.3081003,0.1152446,-0.9199615
-0.1376829,0.1141919,-0.9209226
0.03566305,0.1098858,-0.8794311
0.2047287,0.1129743,-0.8807431
-0.1394515,0.1071968,-0.8766646
-0.3095314,0.1070754,-0.8757755
0.03663355,0.1034495,-0.836148
0.3663005,0.1325244,-0.8836512
-0.4738657,0.1173164,-0.8741816
-0.1415451,0.1123716,-0.8332425
-0.3156089,0.09711048,-0.8360865
-0.4770428,0.0950037,-0.8395196
-0.3117442,0.06718666,-0.803645
-0.1398614,0.08487255,-0.8021621
-0.3096339,0.06275234,-0.8023599
-0.3098467,0.06586647,-0.7914961
-0.1373852,0.080592,-0.801331
0.03830815,0.07720935,-0.8038096
-0.1388609,0.08335369,-0.7605647
-0.1372319,0.08385997,-0.790921
0.03821499,0.07153843,-0.7623876
0.04020849,0.07342876,-0.7926854
0.03794122,0.07643516,-0.6491346
0.2121769,0.0714082,-0.7624156
0.2135817,0.06631634,-0.6371983
0.04041982,0.07154483,-0.8030369
0.213986,0.0748587,-0.792998
0.3843332,0.06361137,-0.6410967
0.3779767,0.08403732,-0.7666174
0.5537347,0.06670567,-0.6466718
0.5379933,0.08451255,-0.7703367
0.3795944,0.08915249,-0.7968442
0.214013,0.07453495,-0.8036343
0.2117169,0.08175964,-0.8046917
0.7012722,0.08098187,-0.6452639
0.685742,0.0890284,-0.7679101
0.8537572,0.06550098,-0.6376203
0.8546343,0.06917957,-0.768437
0.8950608,0.04820194,-0.6330736
0.5387987,0.09103054,-0.8046794
0.6871824,0.09404278,-0.8018747
0.9321918,0.05768635,-0.4481473
0.9500858,0.01592747,-0.4398431
0.5378221,0.09377437,-0.8127899
0.6868407,0.09528293,-0.8096071
0.8591893,0.074808,-0.8075448
0.8989335,0.04499569,-0.7729971
0.939354,0.03461387,-0.6323851
0.94669,-0.01200546,-0.6200608
0.3794301,0.09049351,-0.8071247
0.3769427,0.09938289,-0.8078263
0.5345225,0.1040667,-0.8144646
0.3728658,0.124171,-0.8409369
0.6841759,0.1040715,-0.8109035
0.207298,0.10668,-0.8377178
0.5328531,0.1317492,-0.8561326
0.6878986,0.1281404,-0.8488753
0.6922499,0.1374722,-0.8934431
0.8624121,0.08606495,-0.8126932
0.8681516,0.1059335,-0.8563342
0.8696657,0.113972,-0.9043236
0.8619622,0.07666229,-0.8109758
0.9096528,0.05955501,-0.8234611
0.9044691,0.04984875,-0.8141741
0.8676033,0.1088629,-0.946106
0.9134119,0.06982433,-0.8711749
0.9082224,0.05092766,-0.8196744
0.9285101,0.01821014,-0.7819302
0.9154324,0.07225116,-0.9157664
0.9087779,0.06424008,-0.9550294
0.9448458,0.0285231,-0.8366414
0.9359178,0.02164784,-0.8248001
0.9424577,-0.02746757,-0.7811106
0.9484806,0.03479813,-0.8876818
0.9498228,0.03211536,-0.9309093
0.9444907,0.02222691,-0.9684288
0.9415433,0.02131123,-0.831439
0.9685613,-0.01194126,-0.8896991
0.9524128,-0.07774715,-0.6028469
0.9515582,-0.02740177,-0.8282036
0.963331,-0.01594749,-0.8371553
0.9466649,-0.09170338,-0.8513194
0.9585159,-0.02356174,-0.8315083
0.9472433,-0.09642814,-0.7919156
0.9626327,-0.02077,-0.9295434
0.9578084,-0.05601963,-0.4305325
0.936792,-0.04909977,-0.606493
0.9277759,-0.07285076,-0.7991538
0.9463331,-0.09709983,-0.8888739
0.9574968,-0.04054306,-0.26528
0.9153425,-0.07760868,-0.8619871
0.9593749,-0.05663586,-0.09291714
0.9692563,-0.09886494,0.07008495
0.9430618,-0.06878421,0.06797229
0.9409327,-0.03116295,-0.09050976
0.9408581,-0.01381832,-0.27005
0.9261149,-0.06785827,0.1919957
0.9228069,-0.03794209,0.0737521
0.9261508,-0.004036903,-0.07727655
0.8985769,0.02268799,-0.07396188
0.8985815,0.03455196,-0.2633553
0.92879,0.01385975,-0.2665975
0.8985823,0.04213978,-0.4266144
0.9207938,0.007203674,-0.4270377
0.9007458,0.01371777,-0.6129628
0.9395448,-0.02436817,-0.4320917
0.9186174,-0.02005428,-0.6054307
0.9153333,-0.03953655,-0.7988393
0.9012812,0.01042934,-0.8074466
0.8924353,-0.003153648,-0.8651845
0.9136742,-0.0447636,-0.8629609
0.9096523,-0.05226582,-0.9086508
0.8923706,-0.008235511,-0.9160827
0.9147921,-0.0857714,-0.9023297
0.9073294,-0.05939213,-0.946306
0.895166,-0.0107402,-0.9552346
0.918888,-0.08991321,-0.940184
0.9466017,-0.1076482,-0.9217333
0.9161592,-0.06390789,-0.9768515
0.9028493,-0.009473228,-0.9854298
0.9250885,-0.1140964,-0.9771013
0.9424917,-0.1058823,-0.9671534
0.9161592,-0.06390789,-0.9768515
0.9575201,-0.02985687,-0.9575599
0.933859,-0.05120746,-0.9781869
0.9214745,0.00522541,-0.991411
675
0.4400751,0.6214138
0.4342859,0.6268751
0.4494733,0.6565398
0.4381683,0.6574427
0.4274643,0.6284771
0.4512263,0.6853631
0.4301706,0.6578724
0.4215463,0.6307846
0.439359,0.6852715
0.4399892,0.7170425
0.4492116,0.7178357
0.4364678,0.7493418
0.4444939,0.7499602
0.4380825,0.7800481
0.4311866,0.6851059
0.4313502,0.7168735
0.4279387,0.7484276
0.4286814,0.7793439
0.423569,0.6581784
0.42874,0.8096139
0.4391599,0.8108504
0.4352339,0.8373707
0.4277172,0.8391759
0.4364947,0.8678803
0.4206594,0.8093173
0.4230321,0.7787338
0.4280723,0.8685753
0.4397334,0.8961493
0.420298,0.8398944
0.4226256,0.7482133
0.4170587,0.8092111
0.4197378,0.7786039
0.4247312,0.7167258
0.4246049,0.6849989
0.41749,0.6856764
0.416803,0.7167991
0.4136561,0.7478015
0.4169324,0.6581689
0.4089012,0.716333
0.4084401,0.6857603
0.3919884,0.7156661
0.405532,0.7474017
0.4108861,0.7783656
0.4088998,0.8087153
0.4150796,0.8400475
0.4205242,0.8688607
0.4295988,0.8972226
0.4310631,0.9335949
0.4449152,0.9344911
0.4320569,0.9436278
0.442297,0.94638
0.4381911,0.9519959
0.4323315,0.9510724
0.4247338,0.9512326
0.4234783,0.9428967
0.4199663,0.9508895
0.4229657,0.9324979
0.4176747,0.9419256
0.4160247,0.9516903
0.4221804,0.8978846
0.415731,0.9317229
0.41483,0.8691224
0.4130655,0.9423416
0.4155378,0.8982525
0.4078037,0.8398738
0.4073056,0.8695083
0.4085158,0.8988007
0.4121497,0.9319117
0.4092545,0.951717
0.4070769,0.9418329
0.4049378,0.9319364
0.3999176,0.8990991
0.3977927,0.8693231
0.3984558,0.8395829
0.4104648,0.9596731
0.417315,0.9610217
0.4152421,0.9662293
0.4000295,0.808104
0.4031656,0.7778709
0.3906619,0.8079266
0.3909838,0.7474149
0.3894061,0.7778479
0.3810329,0.7471581
0.3878231,0.8394409
0.3818506,0.8082106
0.3801095,0.7778654
0.3871277,0.869038
0.3892879,0.8994122
0.3947642,0.9323814
0.3957162,0.9417715
0.3999027,0.9506768
0.4016107,0.9586014
0.3788707,0.8385757
0.3780241,0.8687482
0.3785706,0.8992617
0.384602,0.931193
0.3846367,0.9412124
0.388325,0.9500514
0.3901009,0.957716
0.3733921,0.8084483
0.3696356,0.8991461
0.3716671,0.9319875
0.3731939,0.9419709
0.3744254,0.9499555
0.3699202,0.8686534
0.3598613,0.8990334
0.3582434,0.9351517
0.3713036,0.8381225
0.3760755,0.9556485
0.3584202,0.9445416
0.3586237,0.9521906
0.3633127,0.8080394
0.3617389,0.8377631
0.3605843,0.8687981
0.3714702,0.7778922
0.3722292,0.7471199
0.3617248,0.7474765
0.3614197,0.7777773
0.3454427,0.80769
0.3453005,0.8377823
0.3453143,0.868982
0.3810612,0.7154479
0.343966,0.8994564
0.3140216,0.8696589
0.3720596,0.7155694
0.3829321,0.6837505
0.3402138,0.9380381
0.3144761,0.8383375
0.2828118,0.8391556
0.3127636,0.9002988
0.3397132,0.946777
0.3137144,0.8074244
0.2824051,0.8701116
0.3112905,0.9376609
0.2812175,0.9010709
0.3432952,0.7772716
0.2516868,0.8704097
0.3391371,0.9534513
0.3107052,0.9454988
0.2796521,0.9391595
0.251815,0.9014856
0.3591131,0.9590991
0.3769055,0.963514
0.3914193,0.9653658
0.40279,0.9656832
0.410372,0.9664692
0.3374366,0.9600225
0.3589807,0.9656427
0.3785554,0.9752299
0.394266,0.9725159
0.4046862,0.9709109
0.4102682,0.9700437
0.4137469,0.9736148
0.4192658,0.9704469
0.4071616,0.975762
0.4169174,0.9806331
0.4220311,0.97947
0.4109429,0.9816635
0.402102,0.9831101
0.3973016,0.9770031
0.3957266,0.9850255
0.3829779,0.9788882
0.360384,0.988485
0.3586992,0.9817185
0.3342408,0.9919978
0.3588652,0.9764042
0.3351573,0.9663367
0.3344234,0.9785967
0.3339747,0.9849293
0.3075882,0.9871815
0.3082583,0.994326
0.3072516,0.9805452
0.281856,0.9872559
0.281483,0.9946871
0.253549,0.9948361
0.3088614,0.9659865
0.3095037,0.9585938
0.3100995,0.9525647
0.279663,0.9469934
0.2797481,0.9541087
0.2801428,0.9602033
0.2812322,0.9672619
0.2821971,0.9803486
0.2528308,0.9869751
0.2524396,0.9794064
0.25192,0.9674953
0.2515602,0.9601431
0.2227121,0.9831122
0.2224632,0.9899741
0.2230286,0.9761307
0.1920756,0.9800804
0.1923444,0.9868239
0.1635135,0.9879326
0.1918829,0.9732995
0.1631524,0.9816225
0.1302484,0.9866598
0.2236269,0.9650891
0.1301762,0.9798372
0.09671462,0.9855837
0.1925701,0.9640042
0.2223351,0.9579053
0.1629096,0.9750972
0.1625162,0.9639959
0.09613681,0.9798228
0.09427983,0.9798682
0.09465142,0.9744879
0.1304233,0.9721844
0.1024816,0.9739194
0.2511704,0.9537103
0.1927351,0.9568321
0.1622432,0.957682
0.1289547,0.9640403
0.1045501,0.9656903
0.09711704,0.9658115
0.2218495,0.9512398
0.2505976,0.9466585
0.2507545,0.9384101
0.2225291,0.9440019
0.1925031,0.9500563
0.2226231,0.9355528
0.09036572,0.9721189
0.09322847,0.9769111
0.1616431,0.9509553
0.1924184,0.9425204
0.2220638,0.9007329
0.1608702,0.9433475
0.1923208,0.9340746
0.1283908,0.9579366
0.1280328,0.9508288
0.1078732,0.9600309
0.09733059,0.9597971
0.1071623,0.9503678
0.1277299,0.9426582
0.160182,0.9332452
0.1906804,0.9016363
0.2207117,0.870738
0.2510514,0.8399919
0.1081223,0.9373636
0.1269949,0.9327345
0.1592042,0.9009615
0.1887922,0.8721336
0.2189188,0.8409362
0.09827663,0.9501187
0.2511016,0.8097862
0.2184189,0.8113701
0.2830065,0.808244
0.312095,0.7762911
0.3423656,0.7473801
0.2513331,0.7791243
0.2187376,0.7801
0.2832584,0.7774249
0.1861425,0.8128335
0.1864726,0.7815499
0.1864895,0.8425834
0.1582299,0.8719047
0.1255095,0.8968739
0.1082843,0.9287467
0.09932661,0.9363227
0.2197217,0.7483442
0.1878977,0.7493039
0.2517026,0.7477956
0.2833508,0.7477558
0.31183,0.7475071
0.2829995,0.716053
0.3124157,0.7159647
0.3425012,0.7153546
0.3614917,0.7155486
0.362152,0.6830953
0.3411832,0.6828606
0.3733017,0.683053
0.3630964,0.6578721
0.376078,0.6579134
0.2522552,0.7156014
0.2825152,0.6828709
0.3126532,0.6827156
0.3405699,0.6580723
0.3629381,0.6367754
0.3120489,0.6576754
0.2211705,0.7158275
0.3394568,0.6359376
0.1902793,0.7165438
0.3779452,0.6364293
0.3630471,0.6282913
0.3876648,0.658466
0.3949908,0.6849186
0.4003109,0.658295
0.3900834,0.6355036
0.4094535,0.6579313
0.3780199,0.6278375
0.4004639,0.6346124
0.4153897,0.6321218
0.3895549,0.6267777
0.408333,0.6333243
0.411889,0.6223567
0.4200657,0.6196427
0.3995747,0.6254471
0.3776034,0.6205152
0.4117552,0.6137493
0.4173349,0.6114545
0.406037,0.6237195
0.3888251,0.6192595
0.4057413,0.615017
0.3984106,0.6173406
0.4108432,0.6062911
0.4178391,0.6044909
0.4052151,0.6072443
0.3980824,0.6093704
0.3893169,0.6114082
0.4100305,0.6026872
0.3783011,0.6127559
0.3874064,0.6002934
0.3961439,0.6009532
0.4117166,0.5978909
0.4174045,0.5976157
0.4035191,0.6020446
0.4050217,0.5958666
0.4146296,0.5915446
0.4192092,0.5914204
0.4174045,0.5827888
0.4230811,0.5841769
0.4106345,0.5808824
0.408223,0.5902811
0.402802,0.5825981
0.4002935,0.5884008
0.3933903,0.5803335
0.3973226,0.5941954
0.3915429,0.5864554
0.388441,0.5920374
0.3800388,0.5846114
0.3805677,0.5771732
0.362531,0.5779177
0.3784489,0.5990294
0.3780997,0.5911536
0.3625412,0.5854064
0.3641452,0.611908
0.3397789,0.5853199
0.3399628,0.5766519
0.3636988,0.598038
0.362244,0.5915946
0.3629217,0.6205444
0.3101788,0.582492
0.3106757,0.5743989
0.2786376,0.5735548
0.3392668,0.5916897
0.3403801,0.5975835
0.3399309,0.6112351
0.3392939,0.6272478
0.2787259,0.5816215
0.2565756,0.5744591
0.3089717,0.5892943
0.3091837,0.5960894
0.3389294,0.6196434
0.3112157,0.6345459
0.3095666,0.6094097
0.3105361,0.6254078
0.3095136,0.6176257
0.2821534,0.6565142
0.2816765,0.6338565
0.2811304,0.6249135
0.2800858,0.61724
0.2799859,0.6086814
0.2527088,0.6826643
0.253228,0.6560963
0.2545406,0.6331903
0.2783952,0.5943889
0.2223302,0.6830066
0.2230359,0.6554694
0.191525,0.6842598
0.2547403,0.6242497
0.257061,0.6077009
0.2246086,0.6313186
0.1923799,0.655062
0.225547,0.6227756
0.2550302,0.6162687
0.1931395,0.6299145
0.2263375,0.6159151
0.1931086,0.6217461
0.1923331,0.6153051
0.2280202,0.6081758
0.1624067,0.6227832
0.1620317,0.6305939
0.1933461,0.6079911
0.1618285,0.6573925
0.1611411,0.6851097
0.1601688,0.7174659
0.1574138,0.749983
0.1554608,0.7819785
0.1558301,0.813511
0.1570361,0.8428863
0.1240571,0.8698441
0.1228883,0.8411608
0.1092326,0.8947905
0.1218833,0.8112798
0.1088239,0.8694766
0.09980799,0.9267486
0.1038824,0.840742
0.09915492,0.893663
0.09649087,0.9362184
0.09873657,0.868746
0.09710577,0.9251539
0.09549215,0.9508393
0.09705257,0.8934717
0.09528093,0.9359687
0.09426048,0.9603781
0.09465897,0.9510039
0.09446113,0.9661773
0.09336421,0.9600463
0.08979924,0.9658439
0.08771248,0.9720948
0.08972773,0.9518239
0.09005074,0.960479
0.08320573,0.9656163
0.08144768,0.9721695
0.08374201,0.9605439
0.07670979,0.9650235
0.07283887,0.9717427
0.08354592,0.9528845
0.08837801,0.9352348
0.08043315,0.9365245
0.07732002,0.953405
0.0770217,0.9601536
0.06767848,0.9629673
0.09613431,0.9248209
0.06028185,0.9623783
0.06759281,0.976653
0.05503533,0.9633474
0.0963672,0.893752
0.07419685,0.9356753
0.06866935,0.9522908
0.08151487,0.9247702
0.06793016,0.9577506
0.06409894,0.957125
0.08859134,0.9243112
0.08952186,0.8926344
0.09598731,0.8689846
0.05702366,0.9516733
0.06325337,0.9509893
0.05029193,0.9506449
0.04021508,0.9558686
0.08168069,0.8931357
0.09673287,0.8686427
0.06767735,0.9342906
0.05426917,0.9333737
0.06141073,0.9337614
0.06791587,0.9233704
0.0606135,0.9230787
0.07451558,0.9245748
0.07439543,0.8937172
0.06656912,0.8940337
0.046969,0.9330876
0.05300944,0.9234027
0.05844653,0.8948673
0.03947468,0.9485818
0.03413755,0.9545041
0.03912466,0.9608164
0.03350307,0.9597567
0.03111886,0.954205
0.02855197,0.9591566
0.03462041,0.948011
0.03771578,0.933233
0.02874391,0.9540368
0.02621782,0.9589578
0.03065841,0.9480828
0.04520572,0.9236305
0.03000887,0.934182
0.02739597,0.9482222
0.02626418,0.9539268
0.02611924,0.9483767
0.02625566,0.9347204
0.02132173,0.9355118
0.02255443,0.9436421
0.01734978,0.9262998
0.03597148,0.9238919
0.01531411,0.8981677
0.03597746,0.8980343
0.01275246,0.8677589
0.04431525,0.8971044
0.03475404,0.868383
0.01287733,0.8373731
0.05061517,0.8960326
0.03405483,0.8384936
0.01149598,0.8058887
0.04415773,0.8681598
0.05022093,0.8679951
0.04331272,0.8384926
0.03417987,0.8079339
0.0577838,0.8678215
0.06559253,0.8674744
0.05746995,0.8388649
0.04983284,0.838557
0.07317519,0.8674064
0.06500733,0.8389665
0.03225337,0.7773085
0.01003437,0.7754987
0.0085277,0.7448889
0.04275102,0.8082807
0.05740919,0.8087239
0.04175571,0.7779093
0.04970239,0.8084287
0.03177256,0.746613
0.03088864,0.7152025
0.007989723,0.7132586
0.03132639,0.6848017
0.008346055,0.682007
0.03153408,0.654402
0.009937201,0.6517962
0.03172079,0.6289911
0.0127309,0.6254647
0.0170786,0.6173746
0.03167522,0.621649
0.02151487,0.6128352
0.03257996,0.6145559
0.04098562,0.6218631
0.04135698,0.6148213
0.0415838,0.6292716
0.04900393,0.6209468
0.04820893,0.6135794
0.0409859,0.656142
0.05480026,0.619656
0.0544025,0.610688
0.04968073,0.6292104
0.04076404,0.6861005
0.04892628,0.6573743
0.04059168,0.7160739
0.04844353,0.6872347
0.05542,0.658677
0.05528342,0.6289042
0.04119712,0.747157
0.04901526,0.7782552
0.04846105,0.7475873
0.05690499,0.7785111
0.04826548,0.7165817
0.05629027,0.7481282
0.0560948,0.7173713
0.0559077,0.6879201
0.06369157,0.7485031
0.06423235,0.7787122
0.06260945,0.6595787
0.06295903,0.688579
0.07107945,0.6607326
0.06297734,0.6291324
0.06339382,0.7179632
0.07084042,0.6893004
0.07144997,0.7193261
0.06464672,0.8088674
0.07158661,0.7488804
0.06219145,0.6199167
0.0779971,0.6896858
0.07185188,0.7790288
0.07257873,0.8392411
0.07219321,0.8095094
0.07968257,0.7793424
0.07957904,0.7488979
0.08007436,0.8099878
0.08046488,0.8395811
0.08750814,0.7795314
0.07956424,0.7193741
0.08068703,0.8675438
0.0878341,0.8108529
0.08780862,0.8410178
0.08761202,0.8681892
0.09567812,0.840709
0.09526011,0.8107945
0.09652255,0.8404064
0.09849389,0.8403859
0.09606667,0.8104014
0.0951093,0.7792816
0.1034317,0.8106579
0.09801564,0.8103806
0.1034551,0.7794713
0.09803219,0.7789842
0.1237852,0.7801729
0.1039955,0.7487216
0.1265833,0.7488215
0.09615187,0.7789039
0.09845258,0.7482364
0.1270052,0.7179332
0.1040955,0.7185031
0.1268499,0.6866078
0.1048988,0.6893885
0.09856375,0.7179989
0.09653348,0.7481923
0.095156,0.7485071
0.1273423,0.6589021
0.1056156,0.6617398
0.1280746,0.6300382
0.1043175,0.6296812
0.1284904,0.6214748
0.0986253,0.689062
0.099462,0.6615632
0.1621457,0.6160042
0.1631974,0.6074344
0.09707101,0.6891942
0.09804954,0.6616566
0.0970577,0.6294664
0.1030187,0.6195784
0.1288366,0.6128851
0.1303721,0.6036977
0.09668566,0.7179544
0.09500314,0.7182946
0.09511812,0.689729
0.08745843,0.7185789
0.09642453,0.6622458
0.08754091,0.7487012
0.0859831,0.689815
0.08804476,0.6619201
0.07918952,0.6611369
0.09462087,0.6296565
0.08614944,0.6299873
0.0779644,0.6304171
0.09626941,0.6290931
0.09252638,0.619947
0.09522757,0.6193452
0.07090037,0.6299269
0.08383895,0.6203111
0.09400938,0.6189673
0.100847,0.6115237
0.07598801,0.6203429
0.06892563,0.6202332
0.08959159,0.611542
0.09252819,0.6112105
0.1003563,0.6020045
0.08048138,0.6120588
0.07293297,0.6118152
0.06602931,0.6112729
0.09101447,0.6106303
0.07956874,0.6033517
0.1328735,0.5910344
0.09172864,0.6014258
0.08888938,0.6029721
0.08626452,0.5879616
0.0901949,0.6016735
0.09785628,0.5886313
0.07214905,0.6026144
0.1642196,0.5939916
0.1328781,0.584788
0.09664088,0.5826495
0.07847461,0.5874383
0.1950225,0.5958952
0.08434519,0.5810947
0.2279459,0.5954464
0.2571056,0.5948747
0.2563631,0.5888951
0.227518,0.5894941
0.1939946,0.5899147
0.2778633,0.5880049
0.2565767,0.5823638
0.2288212,0.5833987
0.2285554,0.5763897
0.1956498,0.577727
0.1949489,0.5843713
0.1681279,0.572948
0.1668085,0.5804492
0.1338939,0.5710442
0.1648514,0.5870306
0.134075,0.5784345
0.09774098,0.5758672
0.09751308,0.5656354
0.08584225,0.5661513
0.08529033,0.5748483
0.07638866,0.5744752
0.07599671,0.5658441
0.07651688,0.5809036
0.06906666,0.574903
0.06862208,0.56574
0.06894942,0.5808159
0.072078,0.5867653
0.06326906,0.57561
0.06308594,0.5653437
0.060775,0.5852568
0.06352472,0.5877105
0.0570488,0.595989
0.06671834,0.601613
0.05995532,0.5985677
0.05925133,0.6107119
1
3738
0
1
2
1
3
2
1
4
3
5
2
3
4
6
3
4
7
6
8
5
3
3
6
8
5
8
9
10
5
9
10
9
11
12
10
11
13
12
11
6
14
8
15
9
8
14
15
8
16
11
9
15
16
9
17
13
11
17
11
16
7
18
6
14
6
18
13
17
19
20
13
19
21
20
19
22
21
19
23
21
22
24
19
17
22
19
24
25
17
16
25
24
17
26
23
22
27
23
26
28
22
24
26
22
28
25
16
29
29
16
15
24
25
30
28
24
30
31
25
29
25
31
30
32
29
15
32
15
14
33
32
14
33
14
18
32
33
34
34
33
18
29
32
35
35
32
34
36
29
35
29
36
31
37
34
18
37
18
7
35
34
38
35
38
36
39
34
37
34
39
38
38
39
40
38
41
36
41
38
40
36
42
31
42
36
41
42
43
31
43
30
31
30
43
44
44
28
30
28
44
45
45
26
28
26
45
46
46
27
26
27
46
47
48
27
47
47
49
48
49
50
48
51
50
49
52
51
49
53
52
49
54
53
49
54
49
47
55
53
54
47
46
56
56
54
47
57
55
54
54
56
57
55
57
58
45
59
46
46
59
56
56
60
57
60
56
59
45
61
59
44
61
45
57
62
58
62
57
60
63
60
59
61
63
59
44
64
61
43
64
44
63
61
65
64
65
61
60
63
66
66
63
65
67
62
60
67
60
66
58
62
68
62
67
69
62
69
68
67
66
70
67
70
69
71
66
65
66
71
70
72
65
64
72
71
65
64
43
73
73
72
64
68
74
58
74
75
58
75
74
76
43
77
73
77
43
42
78
77
42
78
42
41
73
77
79
77
78
79
41
80
78
80
41
40
80
81
78
78
81
79
82
80
40
80
82
81
83
73
79
84
79
81
79
84
83
82
85
81
85
84
81
83
86
73
86
72
73
72
86
87
71
72
87
71
87
88
70
71
88
70
88
89
69
70
89
89
90
69
90
68
69
68
90
91
74
68
91
84
92
83
86
83
93
83
92
93
94
87
86
93
94
86
88
87
95
87
94
95
96
89
88
95
96
88
90
89
97
89
96
97
98
91
90
97
98
90
84
99
92
99
84
85
94
93
100
101
95
94
100
101
94
96
95
102
95
101
102
103
97
96
102
103
96
104
93
92
93
104
100
100
105
101
100
104
105
102
101
106
105
106
101
99
107
92
107
104
92
103
108
97
108
98
97
102
109
103
109
102
106
103
110
108
109
110
103
107
99
111
104
107
112
112
107
111
104
113
105
113
104
112
99
114
111
114
99
85
114
85
115
115
116
114
85
82
115
114
117
111
116
117
114
112
111
118
118
111
117
112
119
113
119
112
118
105
113
120
119
120
113
82
121
115
121
82
40
122
105
120
105
122
106
123
120
119
120
123
122
121
124
115
116
115
124
121
40
125
124
121
125
122
126
106
106
126
109
127
123
119
127
128
123
119
118
127
123
129
122
126
122
129
126
130
109
109
130
110
118
131
127
128
127
131
128
132
123
123
132
129
133
126
129
126
133
130
132
134
129
129
134
133
118
135
131
135
118
117
117
116
135
132
128
136
134
132
136
130
137
110
133
138
130
137
130
138
134
139
133
133
139
138
140
134
136
139
134
140
141
110
137
110
141
108
142
108
141
98
108
142
143
98
142
98
143
91
143
144
91
91
144
74
144
145
74
74
145
76
146
141
137
147
142
141
141
146
147
142
148
143
148
142
147
144
143
149
148
149
143
144
150
145
150
144
149
76
145
151
150
151
145
76
151
152
153
76
152
150
154
151
154
152
151
152
155
153
155
156
153
157
155
152
154
157
152
157
154
158
159
154
150
154
159
158
149
159
150
160
158
159
159
149
161
161
160
159
162
160
161
149
148
161
163
162
161
163
161
148
164
162
163
165
163
148
165
148
147
165
147
166
146
166
147
163
165
167
167
165
166
168
164
163
168
163
167
164
168
169
170
164
169
167
171
168
171
169
168
170
169
172
172
169
171
173
170
172
174
173
172
167
166
175
171
167
175
146
176
166
176
175
166
177
176
146
137
177
146
177
137
138
138
178
177
139
178
138
177
179
176
178
179
177
175
176
180
179
180
176
175
181
171
181
175
180
182
172
171
181
182
171
183
172
182
183
174
172
184
182
181
184
183
182
181
180
185
185
184
181
186
180
179
180
186
185
174
183
187
188
174
187
184
189
183
184
185
189
189
187
183
188
187
190
191
188
190
192
191
190
193
190
187
189
193
187
194
192
190
190
193
194
195
192
194
185
196
189
185
186
196
197
195
194
195
197
198
196
199
189
199
193
189
186
200
196
199
196
200
193
201
194
197
194
201
202
201
193
199
202
193
197
203
198
198
203
204
205
204
203
206
197
201
201
202
206
203
197
207
207
205
203
197
206
207
186
208
200
208
186
179
179
178
208
209
199
200
210
202
199
209
210
199
202
211
206
211
202
210
212
207
206
211
212
206
205
207
213
207
212
213
208
214
200
200
214
209
178
215
208
214
208
215
216
215
178
139
216
178
216
139
140
217
214
215
217
215
216
214
218
209
214
217
218
216
140
219
219
217
216
220
205
213
220
221
205
218
222
209
222
210
209
217
223
218
223
217
219
140
224
219
224
140
136
223
225
218
225
222
218
226
223
219
219
224
226
223
226
225
227
210
222
227
211
210
228
227
222
228
222
225
227
229
211
229
227
228
229
212
211
212
229
230
213
212
230
231
229
228
230
229
231
232
228
225
231
228
232
226
233
225
232
225
233
224
234
226
226
234
233
224
235
234
235
224
136
235
136
236
128
236
136
237
231
232
238
232
233
237
232
238
234
239
233
238
233
239
235
240
234
239
234
240
241
235
236
240
235
241
231
237
242
242
230
231
243
236
128
244
241
236
243
244
236
245
243
128
245
128
131
131
246
245
135
246
131
246
135
247
116
247
135
243
245
248
249
244
243
248
249
243
246
250
245
245
250
248
241
244
251
249
252
244
252
251
244
253
241
251
253
240
241
240
253
254
254
239
240
239
254
255
255
238
239
238
255
256
256
237
238
237
256
257
237
257
242
249
248
258
258
259
249
259
252
249
248
260
258
260
248
250
261
260
250
250
246
261
246
262
261
262
246
247
261
262
263
261
263
260
264
262
247
262
264
263
265
264
247
265
247
116
266
265
116
266
116
124
265
266
267
267
266
124
264
265
268
268
265
267
269
267
124
269
124
125
270
267
269
267
270
268
269
125
271
271
270
269
263
272
260
273
263
264
272
263
273
274
264
268
274
273
264
270
275
268
274
268
275
270
271
276
275
270
276
277
274
275
273
274
277
272
278
260
278
258
260
279
275
276
277
275
279
258
278
280
259
258
280
271
281
276
276
282
279
276
281
282
281
271
283
125
283
271
283
125
284
40
284
125
39
284
40
285
283
284
284
39
285
286
281
283
283
285
286
39
287
285
287
39
37
281
288
282
281
286
288
285
289
286
285
287
289
287
37
290
290
37
7
286
291
288
291
286
289
287
292
289
292
287
290
290
7
293
290
293
292
7
294
293
289
292
295
295
291
289
296
288
291
282
288
296
293
294
297
294
298
297
293
299
292
292
299
295
291
295
300
300
296
291
299
293
301
293
297
301
302
295
299
295
302
300
301
302
299
297
298
303
298
304
303
301
297
305
297
303
305
302
301
306
301
305
306
307
300
302
306
307
302
308
303
304
305
303
308
300
307
309
296
300
309
307
306
310
307
310
309
306
305
311
306
311
310
312
308
304
313
312
304
314
305
308
305
314
311
314
308
315
311
314
315
308
312
315
312
313
316
313
317
316
318
316
317
319
318
317
316
318
320
312
316
321
321
316
320
315
312
321
320
322
321
322
323
321
315
321
323
322
324
323
325
311
315
325
315
323
310
311
325
324
326
323
325
323
326
327
310
325
327
325
326
328
326
324
326
328
327
329
328
324
329
330
328
331
310
327
310
331
309
328
332
327
332
331
327
330
333
328
332
328
333
334
309
331
309
334
296
335
333
330
336
335
330
331
332
337
337
334
331
338
332
333
338
333
335
332
338
337
334
339
296
339
282
296
335
336
340
336
341
340
341
342
340
343
338
335
335
340
343
337
338
344
338
343
344
334
337
345
339
334
345
337
344
345
282
339
346
282
346
279
342
347
340
342
348
347
340
349
343
349
340
347
350
344
343
349
350
343
351
339
345
339
351
346
352
279
346
352
277
279
345
344
353
344
350
353
346
351
354
354
352
346
351
345
355
345
353
355
351
355
354
277
352
356
356
273
277
357
352
354
352
357
356
358
354
355
358
357
354
359
355
353
359
358
355
353
350
360
360
359
353
273
356
361
361
272
273
362
356
357
356
362
361
357
358
363
363
362
357
350
364
360
350
349
364
272
361
365
278
272
365
361
362
366
365
361
366
365
367
278
367
280
278
358
368
363
358
359
368
360
369
359
369
360
364
362
363
370
366
362
370
365
366
371
367
365
371
368
372
363
372
370
363
359
373
368
369
373
359
366
370
374
371
366
374
373
375
368
375
372
368
372
376
370
376
374
370
377
376
372
375
377
372
375
373
378
373
369
378
376
379
374
379
376
377
371
374
380
379
380
374
378
381
375
381
377
375
382
371
380
371
382
367
382
383
367
280
367
383
384
280
383
280
384
259
384
385
259
259
385
252
385
386
252
251
252
386
387
251
386
251
387
253
387
388
253
253
388
254
389
254
388
254
389
255
388
387
390
390
389
388
255
389
391
255
391
256
392
387
386
387
392
390
389
390
393
389
393
391
394
256
391
256
394
257
390
392
395
390
395
393
396
391
393
396
394
391
257
394
397
257
397
242
398
393
395
398
396
393
399
394
396
394
399
397
397
400
242
230
242
400
401
396
398
401
399
396
397
402
400
397
399
402
403
230
400
230
403
213
402
404
400
403
400
404
213
403
405
405
220
213
406
403
404
403
406
405
405
407
220
407
408
220
406
404
409
404
402
409
406
410
405
410
407
405
410
406
409
407
411
408
411
412
408
410
413
407
413
411
407
411
414
412
411
413
414
414
415
412
409
416
410
416
413
410
402
417
409
418
416
409
417
418
409
416
419
413
416
418
419
413
420
414
419
420
413
415
414
421
421
414
420
402
422
417
399
422
402
423
415
421
415
423
424
423
425
424
422
399
426
399
401
426
418
427
419
419
428
420
419
427
428
418
417
429
427
418
429
430
421
420
428
430
420
421
430
431
430
428
431
423
421
431
422
432
417
417
432
429
422
426
433
432
422
433
434
426
401
433
426
434
423
431
435
423
435
425
428
436
431
431
436
435
437
425
435
425
437
438
439
429
432
433
439
432
440
434
401
440
401
398
436
428
441
427
441
428
435
436
442
437
435
442
443
436
441
436
443
442
441
427
444
441
444
443
443
445
442
444
445
443
427
446
444
446
427
429
446
429
447
446
447
444
429
439
447
444
448
445
447
448
444
449
437
442
445
450
442
449
442
450
448
451
445
445
451
450
452
437
449
437
452
438
453
438
452
454
438
453
455
454
453
455
453
456
457
455
456
458
453
452
456
453
458
459
452
449
459
458
452
457
456
460
461
457
460
462
456
458
460
456
462
463
449
450
459
449
463
459
464
458
464
462
458
465
460
462
466
460
465
467
466
465
468
465
462
464
468
462
465
469
467
468
469
465
467
469
470
471
469
468
471
468
464
464
459
472
472
471
464
472
459
463
471
472
473
472
474
473
472
463
474
475
473
474
463
476
474
463
450
476
477
475
474
477
474
476
478
475
477
450
479
476
451
479
450
480
478
477
481
478
480
482
477
476
476
479
482
477
482
480
479
451
483
479
483
482
482
484
480
482
483
484
485
481
480
485
480
484
451
486
483
486
451
448
487
486
448
487
448
447
483
486
488
488
486
487
483
489
484
489
483
488
490
487
447
447
439
490
491
488
487
491
487
490
481
485
492
493
481
492
494
493
492
495
485
484
484
489
495
489
488
496
496
488
491
497
492
485
495
497
485
489
498
495
498
489
496
495
498
497
499
494
492
499
492
497
494
499
500
501
494
500
501
500
502
503
501
502
503
502
504
505
503
504
505
504
506
507
505
506
508
507
506
509
508
506
510
508
509
511
510
509
509
512
511
509
506
512
512
513
511
514
506
504
506
514
512
513
512
515
515
512
514
516
513
515
517
504
502
517
514
504
516
515
518
519
516
518
520
515
514
520
514
517
515
520
518
521
517
502
521
502
500
522
520
517
517
521
522
523
521
500
523
500
499
521
524
522
524
521
523
522
525
520
522
524
525
520
526
518
525
526
520
527
523
499
527
499
497
497
528
527
498
528
497
527
529
523
528
529
527
528
498
530
498
496
530
529
531
523
531
524
523
529
528
532
531
529
532
528
530
532
531
533
524
533
531
532
524
534
525
533
534
524
535
532
530
533
532
535
536
530
496
536
535
530
537
525
534
525
537
526
538
534
533
538
537
534
537
538
539
537
540
526
540
537
539
541
538
533
541
533
535
538
541
542
538
542
539
541
535
543
541
543
542
544
536
496
544
496
491
535
536
545
535
545
543
526
540
546
518
526
546
539
542
547
547
542
543
536
544
548
536
548
545
544
491
549
549
491
490
544
550
548
550
544
549
545
548
551
551
548
550
543
545
552
552
545
551
553
550
549
553
551
550
554
549
490
554
553
549
551
553
555
552
551
555
556
543
552
556
547
543
557
554
490
439
557
490
557
439
433
553
554
558
553
558
555
554
557
559
554
559
558
560
557
433
557
560
559
560
433
434
560
434
559
434
561
559
559
561
558
434
440
561
561
562
558
555
558
562
440
563
561
562
561
563
440
398
563
398
564
563
564
398
395
565
562
563
565
563
564
566
555
562
566
562
565
395
567
564
392
567
395
567
568
564
568
565
564
567
392
569
567
569
568
568
570
565
569
570
568
392
571
569
571
392
386
572
569
571
570
569
572
571
386
573
573
572
571
386
385
573
570
574
565
574
566
565
575
570
572
574
570
575
576
573
385
384
576
385
572
573
577
572
577
575
573
576
577
578
576
384
383
578
384
577
576
579
576
578
579
577
580
575
577
579
580
581
574
575
575
580
581
566
574
582
574
581
582
583
578
383
382
583
383
579
578
584
578
583
584
585
583
382
380
585
382
583
585
586
584
583
586
585
380
587
586
585
587
380
379
587
579
584
588
579
588
580
589
584
586
584
589
588
379
590
587
590
379
377
591
590
377
381
591
377
588
592
580
589
593
588
593
592
588
594
589
586
593
589
594
595
586
587
594
586
595
590
596
587
587
596
595
590
591
597
596
590
597
592
598
580
580
598
581
598
599
581
599
582
581
592
600
598
600
599
598
582
599
601
601
599
600
602
600
592
593
602
592
603
582
601
566
582
603
555
566
603
603
552
555
552
603
556
603
601
556
556
601
604
604
601
600
547
556
604
600
602
605
604
600
605
547
604
606
604
605
606
606
539
547
602
593
607
605
602
607
605
608
606
608
605
607
606
609
539
608
609
606
593
610
607
610
593
594
607
611
608
611
607
610
610
594
612
612
594
595
609
613
539
613
540
539
609
608
614
611
614
608
615
611
610
615
610
612
612
595
616
596
616
595
609
617
613
617
609
614
613
618
540
617
618
613
618
546
540
614
611
619
611
615
619
620
612
616
615
612
620
621
616
596
616
621
620
597
621
596
614
622
617
622
614
619
618
617
623
622
623
617
618
624
546
624
618
623
625
615
620
615
625
619
626
622
619
622
626
623
597
627
621
597
591
627
621
628
620
620
628
625
629
619
625
629
626
619
626
629
630
631
629
625
628
631
625
631
630
629
631
628
630
632
628
621
627
632
621
628
632
630
626
633
623
623
633
624
591
634
627
634
591
381
627
635
632
627
634
635
630
632
636
635
636
632
637
626
630
633
626
637
638
634
381
381
378
638
639
630
636
630
639
637
378
640
638
378
369
640
369
641
640
641
369
364
640
641
642
642
641
364
638
640
643
643
640
642
638
644
634
644
638
643
645
642
364
349
645
364
645
349
347
645
347
646
642
645
646
348
646
347
642
646
647
646
348
647
643
642
647
348
648
647
648
649
647
643
647
650
649
650
647
644
643
650
649
651
650
651
652
650
650
652
644
651
653
652
652
654
644
644
654
634
634
654
635
652
655
654
653
655
652
655
635
654
656
655
653
655
656
635
657
656
653
656
636
635
657
658
656
636
656
659
658
659
656
639
636
659
660
659
658
659
660
639
661
660
658
660
662
639
639
662
637
663
660
661
664
663
661
662
660
665
660
663
665
637
662
666
662
665
666
666
633
637
667
663
664
665
663
667
668
667
664
669
665
667
669
670
665
670
666
665
670
669
671
672
633
666
670
672
666
633
672
624
673
670
671
670
673
672
673
671
519
674
624
672
673
674
672
674
673
519
624
674
546
674
519
518
546
674
518
