MESH3
BedPillow01
81
0.3581662,0.001715965,-0.1748705
0.3554784,-0.00990055,-0.1504471
0.3121146,-0.0187711,-0.168992
0.3240537,-0.02890388,-0.1471247
0.3617654,-0.02021534,-0.03791233
-0.1316506,-0.04608074,-0.1075938
-0.1454732,-0.02188698,-0.1437286
0.3310873,-0.04471081,-0.03980167
0.369812,-0.04662048,0.1044044
-0.3250135,-0.04828136,-0.1214315
-0.3374932,-0.0231945,-0.1331272
-0.3711636,-0.01484856,-0.1103292
-0.3801988,-0.00347744,-0.1294121
-0.3645661,-0.02257038,0.008165169
-0.3174126,-0.05197224,0.01576
-0.35683,-0.05156845,0.1445224
-0.1257202,-0.04982578,-0.0006636429
0.3277136,-0.05873302,0.1083603
-0.1298742,-0.0618489,0.1336238
-0.3218941,-0.0631564,0.1442251
-0.320962,-0.04716896,0.1631832
-0.3669878,-0.04509991,0.1724624
0.3286457,-0.04274551,0.1273184
0.3758574,-0.04430569,0.131654
-0.1289421,-0.0458614,0.1525818
-0.1298559,-0.03042297,0.1625021
-0.3239348,-0.03145786,0.1712265
-0.3714052,-0.0300288,0.1769839
0.3326387,-0.02795689,0.1417117
0.3880311,-0.02733677,0.1419483
-0.3669366,-0.002473717,0.1789259
-0.3209029,0.002019653,0.1706418
-0.3603731,-0.02614109,0.1499018
-0.3669878,-0.04509991,0.1724624
-0.35683,-0.05156845,0.1445224
-0.3567541,0.01157146,0.1540963
-0.3681919,-0.007114906,0.01075275
-0.3645661,-0.02257038,0.008165169
-0.3748521,0.01095119,-0.1075344
-0.3711636,-0.01484856,-0.1103292
-0.3801988,-0.00347744,-0.1294121
-0.3880311,0.01456799,-0.1325429
-0.3645122,0.02226688,0.01496395
-0.3227964,0.02524563,0.1393614
-0.3801432,0.04280559,-0.1223942
-0.3710876,0.04829136,-0.1007551
-0.3309961,0.05859775,-0.004827995
-0.1307921,0.01351925,0.1267836
-0.3415909,0.01377346,-0.1426973
-0.3801988,-0.00347744,-0.1294121
-0.3374932,-0.0231945,-0.1331272
-0.1476235,0.01509426,-0.1534062
-0.1454732,-0.02188698,-0.1437286
0.3121146,-0.0187711,-0.168992
-0.3374192,0.03835811,-0.1237938
-0.1288829,0.003327217,0.1600403
0.328705,0.006443062,0.1347769
0.3146051,0.01824169,-0.1789259
0.3581662,0.001715965,-0.1748705
0.3631499,0.01900402,-0.1781807
-0.3365173,0.04674312,-0.1063693
-0.1444973,0.04805065,-0.1169707
-0.1091676,0.0631564,-0.01661274
-0.1453992,0.03966564,-0.1343952
0.3121887,0.04278149,-0.1596586
0.3130907,0.05116649,-0.1422341
0.3582231,0.04899792,-0.1677009
0.3268117,0.02966907,0.1034965
0.3506134,0.04858181,-0.1307309
0.3591592,0.01594936,-0.1480591
0.3581662,0.001715965,-0.1748705
0.3554784,-0.00990055,-0.1504471
0.3617654,-0.02021534,-0.03791233
0.3186118,0.06302112,-0.04069294
0.365513,-0.001331863,-0.03521954
0.369812,-0.04662048,0.1044044
0.3618274,0.03137752,-0.0300893
0.3592671,0.02158893,0.1106661
0.3736382,-0.02114296,0.1093769
0.3758574,-0.04430569,0.131654
0.3759135,0.002399178,0.1387359
81
0.2083713,0.3112255
0.2186532,0.3089314
0.2113601,0.2914709
0.221038,0.2950017
0.2634046,0.3097813
0.2253415,0.117542
0.2083606,0.1131335
0.262771,0.2944376
0.3204011,0.30499
0.2191309,0.04565188
0.208748,0.04020584
0.2159747,0.02382721
0.2061954,0.02166009
0.26518,0.01949325
0.2702309,0.04110578
0.3219356,0.02616762
0.2666495,0.1175585
0.3194742,0.2877644
0.3176753,0.113556
0.3201827,0.04024574
0.3295603,0.04069556
0.3341826,0.02232698
0.3289615,0.2873719
0.3322037,0.3064082
0.3272131,0.11367
0.3343074,0.1132673
0.3362571,0.03996283
0.3412319,0.02107899
0.3369483,0.2880557
0.3414957,0.3107966
0.34809,0.02746834
0.3488991,0.04238284
0.3535104,0.01611555
0.3413316,0.01403038
0.3522409,0.005904347
0.3570017,0.03016804
0.4085267,0.01186901
0.4085161,0.005513594
0.4559545,0.0153089
0.4570462,0.004901111
0.46594,0.01104553
0.4680578,0.01999344
0.4085999,0.02369498
0.3632372,0.04277319
0.4592897,0.02691166
0.4523279,0.02905948
0.4173565,0.04220509
0.3608066,0.1139106
0.4733908,0.03828393
0.4763169,0.02134094
0.488222,0.03735821
0.4772872,0.1118419
0.4922143,0.1120526
0.4909428,0.2870452
0.4620214,0.0408781
0.3475197,0.1138371
0.3504528,0.2856879
0.4761294,0.2870394
0.4794159,0.3048094
0.4719116,0.3058081
0.4547912,0.04155628
0.457876,0.1127605
0.418578,0.1247395
0.4652669,0.1126158
0.4645327,0.2848402
0.4572682,0.284461
0.4626963,0.2994016
0.3651341,0.2853277
0.4515992,0.29809
0.4590052,0.3107539
0.4709094,0.3136724
0.4607877,0.3207747
0.4139891,0.324364
0.4194705,0.2840934
0.4137594,0.3166957
0.3557647,0.3235204
0.4133986,0.303727
0.3611609,0.2972453
0.3560112,0.313263
0.3451383,0.3196599
0.3489154,0.3009205
1
384
0
1
2
1
3
2
1
4
3
2
3
5
6
2
5
4
7
3
5
3
7
4
8
7
5
9
6
9
10
6
9
11
10
11
12
10
13
11
9
14
13
9
14
9
5
15
13
14
16
5
7
16
14
5
8
17
7
16
7
17
14
16
18
18
16
17
19
15
14
19
14
18
19
20
15
20
19
18
20
21
15
17
8
22
8
23
22
24
18
17
24
20
18
22
24
17
20
24
25
24
22
25
21
20
26
26
20
25
27
21
26
22
23
28
22
28
25
23
29
28
30
27
26
31
26
25
31
30
26
27
30
32
33
27
32
34
33
32
35
30
31
30
35
32
32
36
34
36
37
34
36
38
37
38
39
37
40
39
38
41
40
38
42
36
32
35
42
32
36
42
38
43
35
31
42
35
43
44
41
38
42
45
38
45
44
38
46
42
43
45
42
46
47
43
31
46
43
47
48
41
44
49
41
48
50
49
48
50
48
51
52
50
51
53
52
51
54
48
44
54
44
45
51
48
54
55
47
31
55
31
25
56
55
25
47
55
56
28
56
25
57
53
51
58
53
57
59
58
57
60
54
45
60
45
46
54
60
61
61
60
46
62
46
47
62
61
46
63
51
54
63
54
61
57
51
64
51
63
64
63
61
65
65
61
62
64
63
65
66
59
57
64
66
57
62
47
67
67
47
56
65
68
64
68
66
64
59
66
69
66
68
69
70
59
69
71
70
69
71
69
72
73
65
62
73
62
67
68
65
73
69
74
72
69
68
74
72
74
75
76
68
73
76
73
67
68
76
74
77
76
67
74
76
77
77
67
56
74
78
75
78
74
77
75
78
79
78
29
79
80
77
56
78
77
80
29
78
80
80
56
28
29
80
28
