MESH3
BedPillow02
81
0.3782309,-0.01119801,-0.1394692
0.3728333,-0.0220319,-0.1151158
0.3314103,-0.0307391,-0.1377322
0.3408515,-0.04040726,-0.1144668
0.3674171,-0.02907429,-0.002270508
-0.1167699,-0.04889568,-0.1213023
-0.126344,-0.0255714,-0.1593632
0.3365962,-0.05310673,-0.006564789
0.3603897,-0.05133434,0.1408441
-0.3077253,-0.04832935,-0.154791
-0.3184338,-0.0234029,-0.1684403
-0.3540732,-0.01382572,-0.1494654
-0.360884,-0.002884369,-0.1697015
-0.3597344,-0.01810341,-0.03073921
-0.3142097,-0.04803524,-0.01749031
-0.3665167,-0.04312817,0.1064946
-0.1218357,-0.04953434,-0.01426079
0.3178682,-0.06262867,0.1408264
-0.1398862,-0.05746097,0.1191955
-0.331976,-0.05529247,0.1101183
-0.3326525,-0.03876251,0.1285911
-0.3793324,-0.03566002,0.1330448
0.3171917,-0.04609867,0.1592992
0.3636753,-0.04830452,0.1684895
-0.1405626,-0.04093101,0.1376682
-0.142166,-0.02519001,0.146982
-0.336107,-0.02277134,0.1358196
-0.3838782,-0.02039013,0.1366426
0.32,-0.03095383,0.1735821
0.3750819,-0.03123798,0.1794695
-0.3790681,0.007132682,0.1382156
-0.3323475,0.01061825,0.134558
-0.3700687,-0.0174971,0.1107283
-0.3793324,-0.03566002,0.1330448
-0.3665167,-0.04312817,0.1064946
-0.3661253,0.02025837,0.1141536
-0.3632881,-0.002520332,-0.0289949
-0.3597344,-0.01810341,-0.03073921
-0.3574989,0.01210255,-0.1478275
-0.3540732,-0.01382572,-0.1494654
-0.360884,-0.002884369,-0.1697015
-0.3679865,0.01518505,-0.1741504
-0.3594564,0.02690899,-0.02530037
-0.3305709,0.03292454,0.1025738
-0.3605973,0.04357952,-0.1640873
-0.3536817,0.04956081,-0.1418063
-0.3233632,0.06207378,-0.04262405
-0.1385619,0.01767117,0.1100699
-0.3207792,0.01332317,-0.1794695
-0.360884,-0.002884369,-0.1697015
-0.3184338,-0.0234029,-0.1684403
-0.1267412,0.0111327,-0.1703004
-0.126344,-0.0255714,-0.1593632
0.3314103,-0.0307391,-0.1377322
-0.3180522,0.03839016,-0.1609737
-0.1402576,0.008449669,0.143635
0.3174969,0.003281975,0.165266
0.3356555,0.00591259,-0.1484501
0.3782309,-0.01119801,-0.1394692
0.3838782,0.005898476,-0.1427621
-0.3187579,0.04727688,-0.1438039
-0.1266681,0.0451083,-0.1347266
-0.1014387,0.06262867,-0.03176811
-0.1259623,0.03622158,-0.1518966
0.3317921,0.03105389,-0.1302657
0.3310864,0.0399406,-0.1130957
0.378524,0.03626865,-0.1337337
0.3192735,0.02558826,0.1332819
0.3671826,0.03708492,-0.09774009
0.3767797,0.003813133,-0.1131296
0.3782309,-0.01119801,-0.1394692
0.3728333,-0.0220319,-0.1151158
0.3674171,-0.02907429,-0.002270508
0.3264812,0.05473751,-0.01191597
0.3712564,-0.01018337,0.0002319336
0.3603897,-0.05133434,0.1408441
0.367737,0.02272015,0.003987808
0.3506586,0.0171941,0.1439725
0.3642098,-0.02578655,0.1454263
0.3636753,-0.04830452,0.1684895
0.3639649,-0.001417198,0.174155
81
0.2057086,0.3075784
0.2160274,0.3054391
0.2089967,0.2878644
0.2186233,0.2915424
0.2607759,0.3069656
0.2256099,0.1141086
0.2086918,0.1094425
0.2603741,0.2916087
0.3178573,0.3030345
0.2204845,0.04210874
0.2101815,0.03650449
0.2176574,0.02023162
0.2079085,0.0179162
0.266939,0.01664035
0.2716644,0.03833413
0.3236063,0.02417402
0.2669266,0.1147493
0.3171905,0.285791
0.3180243,0.1115173
0.3216402,0.03822893
0.3310129,0.03882046
0.3359139,0.02051772
0.3266858,0.2855419
0.329641,0.3046314
0.3275624,0.1117755
0.3346644,0.1114799
0.3377222,0.0381888
0.3429837,0.01937567
0.3346641,0.2863465
0.3388687,0.3091611
0.3497467,0.0258702
0.3503305,0.04080032
0.3553399,0.01459691
0.3431899,0.01232745
0.3542244,0.004364327
0.3586195,0.02870539
0.4104324,0.01118104
0.410518,0.004823834
0.4578187,0.01533864
0.459068,0.004944831
0.4678708,0.01122508
0.469854,0.02020702
0.410327,0.02301072
0.3646659,0.04140753
0.4609792,0.02699432
0.4539833,0.02903731
0.4188057,0.04165713
0.3611597,0.1125238
0.4749117,0.03858203
0.4780945,0.02167945
0.48976,0.03788048
0.477697,0.112215
0.4926242,0.1126515
0.4887077,0.2876632
0.4635005,0.04100475
0.3478708,0.1122496
0.3482072,0.2841823
0.4738911,0.2874337
0.4769098,0.3052571
0.469389,0.3061427
0.4562585,0.04157409
0.4582679,0.1128405
0.41878,0.1242283
0.4656626,0.1128073
0.4623251,0.2850587
0.4550649,0.2845697
0.4602682,0.2995955
0.3628975,0.2840439
0.4491885,0.298116
0.4564047,0.3108948
0.4682676,0.3139935
0.4580364,0.3209448
0.4111731,0.3238273
0.4172643,0.2836304
0.4110592,0.3161538
0.3529487,0.3221035
0.4108942,0.3031768
0.3587433,0.295904
0.3533502,0.3118475
0.3423783,0.3180814
0.3464395,0.2993948
1
384
0
1
2
1
3
2
1
4
3
2
3
5
6
2
5
4
7
3
5
3
7
4
8
7
5
9
6
9
10
6
9
11
10
11
12
10
13
11
9
14
13
9
14
9
5
15
13
14
16
5
7
16
14
5
8
17
7
16
7
17
14
16
18
18
16
17
19
15
14
19
14
18
19
20
15
20
19
18
20
21
15
17
8
22
8
23
22
24
18
17
24
20
18
22
24
17
20
24
25
24
22
25
21
20
26
26
20
25
27
21
26
22
23
28
22
28
25
23
29
28
30
27
26
31
26
25
31
30
26
27
30
32
33
27
32
34
33
32
35
30
31
30
35
32
32
36
34
36
37
34
36
38
37
38
39
37
40
39
38
41
40
38
42
36
32
35
42
32
36
42
38
43
35
31
42
35
43
44
41
38
42
45
38
45
44
38
46
42
43
45
42
46
47
43
31
46
43
47
48
41
44
49
41
48
50
49
48
50
48
51
52
50
51
53
52
51
54
48
44
54
44
45
51
48
54
55
47
31
55
31
25
56
55
25
47
55
56
28
56
25
57
53
51
58
53
57
59
58
57
60
54
45
60
45
46
54
60
61
61
60
46
62
46
47
62
61
46
63
51
54
63
54
61
57
51
64
51
63
64
63
61
65
65
61
62
64
63
65
66
59
57
64
66
57
62
47
67
67
47
56
65
68
64
68
66
64
59
66
69
66
68
69
70
59
69
71
70
69
71
69
72
73
65
62
73
62
67
68
65
73
69
74
72
69
68
74
72
74
75
76
68
73
76
73
67
68
76
74
77
76
67
74
76
77
77
67
56
74
78
75
78
74
77
75
78
79
78
29
79
80
77
56
78
77
80
29
78
80
80
56
28
29
80
28
