MESH3
chestOfDraws_Base
649
0.6709285,0.4471225,-0.2651536
0.7497049,0.4471225,-0.2651536
0.7577041,0.4471225,-0.2651536
0.678672,0.4471225,-0.2651536
0.7497049,0.4471225,-0.2651536
0.6709033,0.4093768,0.3362353
0.6709033,0.4093768,-0.338015
0.6601669,0.4093767,-0.338015
0.6601669,0.4093767,0.3362353
-0.6582713,0.4093768,-0.338015
-0.6765054,0.4093768,-0.338015
-0.6765054,0.4093768,0.3362353
-0.6582713,0.4093768,0.3362353
0.6709033,0.3926396,0.3362353
0.6709033,0.4093768,0.3362353
0.6601669,0.4093767,0.3362353
0.6601669,0.3926395,0.3362353
0.6709033,0.2432282,0.3362353
0.2330847,0.4093768,0.3362353
0.6601669,0.2432282,0.3362353
0.2330847,0.3926396,0.3362353
0.6709033,0.2331446,0.3362353
0.2165096,0.4093768,0.3362353
0.6601669,0.2331446,0.3362353
0.6709033,0.1957431,0.3362353
0.2330847,0.2432282,0.3362353
0.2160731,0.3926396,0.3362353
0.009086036,0.4093768,0.3362353
0.01171784,0.3926396,0.3362353
-0.01685288,0.4093768,0.3362353
-0.0144159,0.3926396,0.3362353
-0.218404,0.4093768,0.3362353
-0.2159512,0.3926396,0.3362353
-0.228859,0.4093768,0.3362353
0.216073,0.2432282,0.3362353
-0.2326374,0.3926396,0.3362353
-0.6582713,0.4093768,0.3362353
-0.2159512,0.2432282,0.3362353
-0.6648527,0.3926396,0.3362353
-0.6765054,0.4093768,0.3362353
-0.6765054,0.3926396,0.3362353
-0.6648526,0.2432282,0.3362353
-0.6765054,0.2432282,0.3362353
-0.2321543,0.2432282,0.3362353
0.2330847,0.2331446,0.3362353
-0.6643789,0.2331446,0.3362353
-0.6765054,0.2331446,0.3362353
-0.2283759,0.2331446,0.3362353
-0.6619983,0.1957431,0.3362353
-0.6765987,0.1957431,0.3362353
-0.6619983,0.02520122,0.3362353
-0.0153182,0.1957431,0.3362353
-0.6761156,0.02520122,0.3362353
-0.218404,0.2331446,0.3362353
-0.01685288,0.2331446,0.3362353
-0.01441591,0.2432282,0.3362353
-0.6661437,0.01511768,0.3362353
-0.6761156,0.01511768,0.3362353
0.009086036,0.2331446,0.3362353
0.01171783,0.2432282,0.3362353
0.01336733,0.1957431,0.3362353
0.2165096,0.2331446,0.3362353
0.01336733,0.02520122,0.3362353
0.6601669,0.195743,0.3362353
0.6709033,0.02520122,0.3362353
0.6601669,0.02520122,0.3362353
0.6709033,0.01511768,0.3362353
-0.01531823,0.02520122,0.3362353
0.6601669,0.01511768,0.3362353
0.6709033,-0.02312321,0.3362353
0.00927824,0.01511768,0.3362353
0.6601669,-0.02312328,0.3362353
0.6709033,-0.193665,0.3362353
0.6601669,-0.193665,0.3362353
0.6709033,-0.2367405,0.3362353
0.6601669,-0.2367405,0.3362353
0.01336733,-0.193665,0.3362353
0.01336733,-0.02312321,0.3362353
0.00927824,-0.2367405,0.3362353
-0.01636025,0.01511768,0.3362353
-0.0153182,-0.02312321,0.3362353
-0.01531823,-0.193665,0.3362353
-0.01636025,-0.2367405,0.3362353
-0.6619983,-0.02312321,0.3362353
-0.6765987,-0.02312321,0.3362353
-0.6619983,-0.193665,0.3362353
-0.6661437,-0.2367405,0.3362353
-0.6761156,-0.193665,0.3362353
-0.6761156,-0.2367405,0.3362353
0.6709033,0.3926396,-0.338015
0.6709033,0.4093768,-0.338015
0.6709033,0.4093768,0.3362353
0.6709033,0.3926396,0.3362353
0.6709033,0.2432282,-0.338015
0.6709033,0.2432282,0.3362353
0.6709033,0.2331446,-0.338015
0.6709033,0.2331446,0.3362353
0.6709033,0.1957431,-0.338015
0.6709033,0.1957431,0.3362353
0.6709033,0.02520122,-0.338015
0.6709033,0.02520122,0.3362353
0.6709033,0.01511768,-0.338015
0.6709033,0.01511768,0.3362353
0.6709033,-0.02312321,-0.338015
0.6709033,-0.02312321,0.3362353
0.6709033,-0.193665,-0.338015
0.6709033,-0.193665,0.3362353
0.6709033,-0.2367405,-0.338015
0.6709033,-0.2367405,0.3362353
-0.6765054,0.3926396,-0.338015
-0.6765054,0.4093768,-0.338015
-0.6582713,0.4093768,-0.338015
-0.6582713,0.3926396,-0.338015
-0.2383956,0.4093768,-0.338015
-0.6765054,0.2432282,-0.338015
-0.2383956,0.3926396,-0.338015
-0.2279406,0.4093768,-0.338015
-0.6582713,0.2432282,-0.338015
-0.2279406,0.3926396,-0.338015
-0.01640226,0.4093768,-0.338015
-0.6643789,0.2331446,-0.338015
-0.6765054,0.2331446,-0.338015
-0.6765987,0.1957431,-0.338015
-0.2383956,0.2432282,-0.338015
-0.01640225,0.3926396,-0.338015
0.0002134562,0.4093768,-0.338015
-0.6661437,0.1957431,-0.338015
-0.6765987,0.02520122,-0.338015
-0.2379125,0.2331446,-0.338015
-0.2279406,0.2432282,-0.338015
-0.2279406,0.2331446,-0.338015
0.0002134657,0.3926396,-0.338015
0.2165096,0.4093768,-0.338015
-0.01640226,0.2432282,-0.338015
-0.01640226,0.2331446,-0.338015
-0.01636023,0.1957431,-0.338015
0.2165096,0.3926396,-0.338015
0.2330847,0.4093768,-0.338015
0.0002134562,0.2432282,-0.338015
0.0002134562,0.2331446,-0.338015
0.2330847,0.3926396,-0.338015
0.6601669,0.4093767,-0.338015
0.2165096,0.2432282,-0.338015
0.2165096,0.2331446,-0.338015
0.6601669,0.3926395,-0.338015
0.6709033,0.4093768,-0.338015
0.6709033,0.3926396,-0.338015
0.00927824,0.1957431,-0.338015
0.2330847,0.2331446,-0.338015
0.2330847,0.2432282,-0.338015
0.6601669,0.2432282,-0.338015
0.6709033,0.2432282,-0.338015
0.6601669,0.2331446,-0.338015
0.6709033,0.2331446,-0.338015
0.6601669,0.195743,-0.338015
0.6709033,0.1957431,-0.338015
0.6601669,0.02520122,-0.338015
0.6709033,0.02520122,-0.338015
0.00927824,0.02520122,-0.338015
0.6601669,0.01511768,-0.338015
0.6709033,0.01511768,-0.338015
-0.01636025,0.02520122,-0.338015
0.6601669,-0.02312328,-0.338015
0.6709033,-0.02312321,-0.338015
0.00927824,0.01511768,-0.338015
-0.6661437,0.02520122,-0.338015
-0.01636025,0.01511768,-0.338015
-0.6661437,0.01511768,-0.338015
-0.6761156,0.01511768,-0.338015
-0.6765987,-0.02312321,-0.338015
-0.6661437,-0.02312321,-0.338015
-0.6765987,-0.193665,-0.338015
0.00927824,-0.02312321,-0.338015
-0.01636023,-0.02312321,-0.338015
-0.6661437,-0.193665,-0.338015
-0.01636025,-0.193665,-0.338015
-0.6661437,-0.2367405,-0.338015
-0.6761156,-0.2367405,-0.338015
-0.01636025,-0.2367405,-0.338015
0.00927824,-0.2367405,-0.338015
0.00927824,-0.193665,-0.338015
0.6601669,-0.2367405,-0.338015
0.6601669,-0.193665,-0.338015
0.6709033,-0.193665,-0.338015
0.6709033,-0.2367405,-0.338015
-0.6765054,0.3926396,0.3362353
-0.6765054,0.4093768,0.3362353
-0.6765054,0.4093768,-0.338015
-0.6765054,0.3926396,-0.338015
-0.6765054,0.2432282,0.3362353
-0.6765054,0.2432282,-0.338015
-0.6765054,0.2331446,0.3362353
-0.6765054,0.2331446,-0.338015
-0.6765987,0.1957431,0.3362353
-0.6765987,0.1957431,-0.338015
-0.6761156,0.02520122,0.3362353
-0.6765987,0.02520122,-0.338015
-0.6761156,0.01511768,0.3362353
-0.6761156,0.01511768,-0.338015
-0.6765987,-0.02312321,0.3362353
-0.6765987,-0.02312321,-0.338015
-0.6761156,-0.193665,0.3362353
-0.6765987,-0.193665,-0.338015
-0.6761156,-0.2367405,0.3362353
-0.6761156,-0.2367405,-0.338015
-0.6648526,0.2432282,0.3362353
-0.6648526,0.243228,-0.2036524
-0.6648527,0.3926405,-0.2036525
-0.6648527,0.3926396,0.3362353
-0.2326374,0.3926396,0.3362353
-0.2326374,0.3926405,-0.2036525
-0.238745,0.243228,-0.2036524
-0.2321543,0.2432282,0.3362353
-0.2321543,0.2432282,0.3362353
-0.238745,0.243228,-0.2036524
-0.6648526,0.243228,-0.2036524
-0.6648526,0.2432282,0.3362353
-0.2159512,0.2432282,0.3362353
-0.2159512,0.243228,-0.2036524
-0.2159512,0.3926405,-0.2036525
-0.2159512,0.3926396,0.3362353
0.2160731,0.3926396,0.3362353
0.2160731,0.3926405,-0.2036525
0.216073,0.243228,-0.2036524
0.216073,0.2432282,0.3362353
-0.01441591,0.2432282,0.3362353
-0.2159512,0.243228,-0.2036524
-0.2159512,0.2432282,0.3362353
-0.01441591,0.243228,-0.2036524
0.01171783,0.2432282,0.3362353
0.01171783,0.243228,-0.2036524
0.216073,0.2432282,0.3362353
0.216073,0.243228,-0.2036524
0.2330847,0.2432282,0.3362353
0.2330847,0.243228,-0.2036524
0.2330847,0.3926405,-0.2036525
0.2330847,0.3926396,0.3362353
0.6601669,0.3926395,0.3362353
0.6601681,0.3926404,-0.2036525
0.6601681,0.243228,-0.2036524
0.6601669,0.2432282,0.3362353
0.6601669,0.2432282,0.3362353
0.6601681,0.243228,-0.2036524
0.2330847,0.243228,-0.2036524
0.2330847,0.2432282,0.3362353
-0.6648527,0.3926396,0.3362353
-0.6648527,0.3926405,-0.2036525
-0.2326374,0.3926405,-0.2036525
-0.2326374,0.3926396,0.3362353
-0.2159512,0.3926396,0.3362353
-0.2159512,0.3926405,-0.2036525
-0.0144159,0.3926405,-0.2036525
-0.0144159,0.3926396,0.3362353
0.01171784,0.3926396,0.3362353
0.01171784,0.3926405,-0.2036525
0.2160731,0.3926396,0.3362353
0.2160731,0.3926405,-0.2036525
0.2330847,0.3926396,0.3362353
0.2330847,0.3926405,-0.2036525
0.6601681,0.3926404,-0.2036525
0.6601669,0.3926395,0.3362353
-0.6648527,0.3926405,-0.2036525
-0.6648526,0.243228,-0.2036524
-0.238745,0.243228,-0.2036524
-0.2326374,0.3926405,-0.2036525
-0.2159512,0.3926405,-0.2036525
-0.2159512,0.243228,-0.2036524
-0.01441591,0.243228,-0.2036524
-0.0144159,0.3926405,-0.2036525
0.01171784,0.3926405,-0.2036525
0.01171783,0.243228,-0.2036524
0.2160731,0.3926405,-0.2036525
0.216073,0.243228,-0.2036524
0.2330847,0.3926405,-0.2036525
0.2330847,0.243228,-0.2036524
0.6601681,0.243228,-0.2036524
0.6601681,0.3926404,-0.2036525
-0.6619983,-0.193665,0.3362353
-0.6619983,-0.1936652,-0.2036524
-0.6619983,-0.02312229,-0.2036525
-0.6619983,-0.02312321,0.3362353
-0.0153182,-0.02312321,0.3362353
-0.0153182,-0.02312229,-0.2036525
-0.01531823,-0.1936652,-0.2036524
-0.01531823,-0.193665,0.3362353
-0.01531823,-0.193665,0.3362353
-0.01531823,-0.1936652,-0.2036524
-0.6619983,-0.1936652,-0.2036524
-0.6619983,-0.193665,0.3362353
0.01336733,-0.193665,0.3362353
0.01336733,-0.1936652,-0.2036524
0.01336733,-0.02312229,-0.2036525
0.01336733,-0.02312321,0.3362353
0.6601669,-0.02312328,0.3362353
0.6601681,-0.02312237,-0.2036525
0.6601681,-0.1936652,-0.2036524
0.6601669,-0.193665,0.3362353
0.6601669,-0.193665,0.3362353
0.6601681,-0.1936652,-0.2036524
0.01336733,-0.1936652,-0.2036524
0.01336733,-0.193665,0.3362353
-0.6619983,-0.02312321,0.3362353
-0.6619983,-0.02312229,-0.2036525
-0.0153182,-0.02312229,-0.2036525
-0.0153182,-0.02312321,0.3362353
0.01336733,-0.02312321,0.3362353
0.01336733,-0.02312229,-0.2036525
0.6601681,-0.02312237,-0.2036525
0.6601669,-0.02312328,0.3362353
-0.6619983,-0.02312229,-0.2036525
-0.6619983,-0.1936652,-0.2036524
-0.01531823,-0.1936652,-0.2036524
-0.0153182,-0.02312229,-0.2036525
0.01336733,-0.02312229,-0.2036525
0.01336733,-0.1936652,-0.2036524
0.6601681,-0.1936652,-0.2036524
0.6601681,-0.02312237,-0.2036525
-0.6619983,0.02520122,0.3362353
-0.6619983,0.02520107,-0.2036524
-0.6619983,0.195744,-0.2036525
-0.6619983,0.1957431,0.3362353
-0.0153182,0.1957431,0.3362353
-0.0153182,0.195744,-0.2036525
-0.01531823,0.02520107,-0.2036524
-0.01531823,0.02520122,0.3362353
-0.01531823,0.02520122,0.3362353
-0.01531823,0.02520107,-0.2036524
-0.6619983,0.02520107,-0.2036524
-0.6619983,0.02520122,0.3362353
0.01336733,0.02520122,0.3362353
0.01336733,0.02520107,-0.2036524
0.01336733,0.195744,-0.2036525
0.01336733,0.1957431,0.3362353
0.6601669,0.195743,0.3362353
0.6601681,0.1957439,-0.2036525
0.6601681,0.02520107,-0.2036524
0.6601669,0.02520122,0.3362353
0.6601669,0.02520122,0.3362353
0.6601681,0.02520107,-0.2036524
0.01336733,0.02520107,-0.2036524
0.01336733,0.02520122,0.3362353
-0.6619983,0.1957431,0.3362353
-0.6619983,0.195744,-0.2036525
-0.0153182,0.195744,-0.2036525
-0.0153182,0.1957431,0.3362353
0.01336733,0.1957431,0.3362353
0.01336733,0.195744,-0.2036525
0.6601681,0.1957439,-0.2036525
0.6601669,0.195743,0.3362353
-0.6619983,0.195744,-0.2036525
-0.6619983,0.02520107,-0.2036524
-0.01531823,0.02520107,-0.2036524
-0.0153182,0.195744,-0.2036525
0.01336733,0.195744,-0.2036525
0.01336733,0.02520107,-0.2036524
0.6601681,0.02520107,-0.2036524
0.6601681,0.1957439,-0.2036525
0.6601669,-0.2367405,0.3362353
0.6709033,-0.2367405,-0.338015
0.6709033,-0.2367405,0.3362353
0.6601669,-0.2367405,-0.338015
0.00927824,-0.2367405,-0.338015
0.00927824,-0.2367405,0.3362353
-0.01636025,-0.2367405,-0.338015
-0.01636025,-0.2367405,0.3362353
-0.6661437,-0.2367405,-0.338015
-0.6661437,-0.2367405,0.3362353
-0.6761156,-0.2367405,-0.338015
-0.6761156,-0.2367405,0.3362353
0.6703619,0.4432373,0.3361098
0.670378,0.4519877,-0.3293347
0.670378,0.4519877,0.3272432
0.6703619,0.4405988,-0.3379034
0.6703619,0.4077042,-0.3379034
0.6703619,0.4077042,0.3361098
0.670378,0.4519877,0.3272432
-0.6708101,0.4519877,0.3272432
-0.6705855,0.4432373,0.3361098
0.6703619,0.4432373,0.3361098
-0.6708101,0.4519877,0.3272432
-0.6708101,0.4519877,-0.3293347
-0.6705855,0.4405988,-0.3379034
-0.6705855,0.4432373,0.3361098
-0.6705855,0.4077042,0.3361098
-0.6705855,0.4077042,-0.3379034
0.6703619,0.4405988,-0.3379034
-0.6705855,0.4405988,-0.3379034
-0.6708101,0.4519877,-0.3293347
0.670378,0.4519877,-0.3293347
0.6703619,0.4077042,0.3361098
0.6703619,0.4432373,0.3361098
-0.6705855,0.4432373,0.3361098
-0.6705855,0.4077042,0.3361098
0.670378,0.4519877,0.3272432
0.670378,0.4519877,-0.3293347
-0.6708101,0.4519877,-0.3293347
-0.6708101,0.4519877,0.3272432
0.6703619,0.4405988,-0.3379034
0.6703619,0.4077042,-0.3379034
-0.6705855,0.4077042,-0.3379034
-0.6705855,0.4405988,-0.3379034
0.7497049,0.2436859,-0.2651536
0.678672,0.2436859,-0.2651536
0.678672,-0.4519877,-0.2681091
0.7497049,-0.4519877,-0.2681091
0.7497049,-0.4519877,-0.3481091
0.678672,-0.4519877,-0.3481091
0.678672,0.2437228,-0.3481091
0.7497049,0.2437228,-0.3481091
0.7497049,0.4471225,-0.3481091
0.678672,0.4471225,-0.3481091
0.6709285,0.2436859,-0.2651536
0.6709285,-0.4519877,-0.3401099
0.6709285,-0.4519877,-0.2761083
0.6709285,0.2728104,-0.3401099
0.6709285,0.4471225,-0.2651536
0.6709285,0.4471225,-0.3401099
0.6709285,0.4471225,0.2761083
0.6709285,0.2436489,0.2761083
0.6709285,0.4471225,0.3401099
0.6709285,0.2436489,0.3401099
0.6709285,-0.4519877,0.3401099
0.6709285,-0.4519877,0.2761083
0.7577041,0.2437228,-0.3401099
0.7577041,-0.4519877,-0.2761083
0.7577041,-0.4519877,-0.3401099
0.7577041,0.2436859,-0.2651536
0.7577041,0.4471225,-0.3401099
0.7577041,0.4471225,-0.2651536
0.7577041,0.2436489,0.2761083
0.7577041,0.4471225,0.2761083
0.7577041,0.2436489,0.3401099
0.7577041,0.4471225,0.3401099
0.7577041,-0.4519877,0.2761083
0.7577041,-0.4519877,0.3401099
0.6709285,-0.4519877,-0.3401099
0.678672,-0.4519877,-0.3481091
0.7497049,-0.4519877,-0.3481091
0.7577041,-0.4519877,-0.3401099
0.6709285,-0.4519877,-0.2761083
0.7577041,-0.4519877,-0.2761083
0.678672,-0.4519877,-0.2681091
0.7497049,-0.4519877,-0.2681091
0.7577041,-0.4519877,-0.2761083
0.7577041,0.2436859,-0.2651536
0.7497049,0.2436859,-0.2651536
0.7497049,-0.4519877,-0.2681091
0.678672,-0.4519877,-0.2681091
0.678672,0.2436859,-0.2651536
0.6709285,0.2436859,-0.2651536
0.6709285,-0.4519877,-0.2761083
0.7577041,0.2437228,-0.3401099
0.7577041,-0.4519877,-0.3401099
0.7497049,-0.4519877,-0.3481091
0.7497049,0.2437228,-0.3481091
0.7577041,0.4471225,-0.3401099
0.7497049,0.4471225,-0.3481091
0.678672,0.2437228,-0.3481091
0.678672,-0.4519877,-0.3481091
0.6709285,-0.4519877,-0.3401099
0.6709285,0.2728104,-0.3401099
0.678672,0.4471225,-0.3481091
0.6709285,0.4471225,-0.3401099
0.7497049,0.4471225,0.3481091
0.678672,0.4471225,0.3481091
0.678672,0.2436489,0.3481091
0.7497049,0.2436489,0.3481091
0.7497049,-0.4519877,0.3481091
0.678672,-0.4519877,0.3481091
0.7577041,0.4471225,0.3401099
0.678672,0.4471225,0.3481091
0.7497049,0.4471225,0.3481091
0.6709285,0.4471225,0.3401099
0.6709285,0.4471225,0.2761083
0.7577041,0.4471225,0.2761083
0.678672,0.4471225,0.2681091
0.6709285,0.4471225,-0.2651536
0.678672,0.4471225,-0.2651536
0.7497049,0.4471225,0.2681091
0.7497049,0.4471225,-0.2651536
0.7577041,0.4471225,-0.2651536
0.6709285,0.4471225,-0.3401099
0.7577041,0.4471225,-0.3401099
0.678672,0.4471225,-0.3481091
0.7497049,0.4471225,-0.3481091
0.6709285,-0.4519877,0.2761083
0.678672,-0.4519877,0.2681091
0.7497049,-0.4519877,0.2681091
0.7577041,-0.4519877,0.2761083
0.6709285,-0.4519877,0.3401099
0.7577041,-0.4519877,0.3401099
0.678672,-0.4519877,0.3481091
0.7497049,-0.4519877,0.3481091
0.7577041,0.2436489,0.3401099
0.7577041,0.4471225,0.3401099
0.7497049,0.4471225,0.3481091
0.7497049,0.2436489,0.3481091
0.7577041,-0.4519877,0.3401099
0.7497049,-0.4519877,0.3481091
0.678672,0.2436489,0.3481091
0.678672,0.4471225,0.3481091
0.6709285,0.4471225,0.3401099
0.6709285,0.2436489,0.3401099
0.678672,-0.4519877,0.3481091
0.6709285,-0.4519877,0.3401099
0.7497049,-0.4519877,0.2681091
0.678672,-0.4519877,0.2681091
0.678672,0.2436489,0.2681091
0.7497049,0.2436489,0.2681091
0.7577041,0.2436489,0.2761083
0.7577041,-0.4519877,0.2761083
0.7497049,-0.4519877,0.2681091
0.7497049,0.2436489,0.2681091
0.678672,0.2436489,0.2681091
0.678672,-0.4519877,0.2681091
0.6709285,-0.4519877,0.2761083
0.6709285,0.2436489,0.2761083
0.7497049,0.2436489,0.2681091
0.7577041,0.2436859,-0.2651536
0.7577041,0.2436489,0.2761083
0.7497049,0.2436859,-0.2651536
0.678672,0.2436489,0.2681091
0.678672,0.2436859,-0.2651536
0.6709285,0.2436489,0.2761083
0.6709285,0.2436859,-0.2651536
-0.6789276,0.243122,-0.2651536
-0.7499606,0.243122,-0.2651536
-0.7499606,-0.4519877,-0.2681091
-0.6789276,-0.4519877,-0.2681091
-0.6789276,-0.4519877,-0.3481091
-0.7499606,-0.4519877,-0.3481091
-0.7499606,0.2431589,-0.3481091
-0.6789276,0.2431589,-0.3481091
-0.6789276,0.4476346,-0.3481091
-0.7499606,0.4476346,-0.3481091
-0.7577041,0.243122,-0.2651536
-0.7577041,-0.4519877,-0.3401099
-0.7577041,-0.4519877,-0.2761083
-0.7577041,0.2431589,-0.3401099
-0.7577041,0.4476346,-0.2651536
-0.7577041,0.4476346,-0.3401099
-0.7577041,0.4476346,0.2761083
-0.7577041,0.2430851,0.2761083
-0.7577041,0.4476346,0.3401099
-0.7577041,0.2430851,0.3401099
-0.7577041,-0.4519877,0.3401099
-0.7577041,-0.4519877,0.2761083
-0.6709285,0.2431589,-0.3401099
-0.6709285,-0.4519877,-0.2761083
-0.6709285,-0.4519877,-0.3401099
-0.6709285,0.243122,-0.2651536
-0.6709285,0.4476346,-0.3401099
-0.6709285,0.4476346,-0.2651536
-0.6709285,0.2430851,0.2761083
-0.6709285,0.4476346,0.2761083
-0.6709285,0.2430851,0.3401099
-0.6709285,0.4476346,0.3401099
-0.6709285,-0.4519877,0.2761083
-0.6709285,-0.4519877,0.3401099
-0.6709285,0.4476346,-0.2651536
-0.6709285,0.4476346,-0.3401099
-0.6789276,0.4476346,-0.3481091
-0.6789276,0.4476346,-0.2651536
-0.6709285,0.4476346,0.2761083
-0.7499606,0.4476346,-0.2651536
-0.7499606,0.4476346,-0.3481091
-0.6789276,0.4476346,0.2681091
-0.7577041,0.4476346,-0.2651536
-0.7577041,0.4476346,-0.3401099
-0.7499606,0.4476346,0.2681091
-0.7577041,0.4476346,0.2761083
-0.6709285,0.4476346,0.3401099
-0.7577041,0.4476346,0.3401099
-0.7499606,0.4476346,0.3481091
-0.6789276,0.4476346,0.3481091
-0.7577041,-0.4519877,-0.3401099
-0.7499606,-0.4519877,-0.3481091
-0.6789276,-0.4519877,-0.3481091
-0.6709285,-0.4519877,-0.3401099
-0.7577041,-0.4519877,-0.2761083
-0.6709285,-0.4519877,-0.2761083
-0.7499606,-0.4519877,-0.2681091
-0.6789276,-0.4519877,-0.2681091
-0.6709285,-0.4519877,-0.2761083
-0.6709285,0.243122,-0.2651536
-0.6789276,0.243122,-0.2651536
-0.6789276,-0.4519877,-0.2681091
-0.7499606,-0.4519877,-0.2681091
-0.7499606,0.243122,-0.2651536
-0.7577041,0.243122,-0.2651536
-0.7577041,-0.4519877,-0.2761083
-0.6709285,0.2431589,-0.3401099
-0.6709285,-0.4519877,-0.3401099
-0.6789276,-0.4519877,-0.3481091
-0.6789276,0.2431589,-0.3481091
-0.6709285,0.4476346,-0.3401099
-0.6789276,0.4476346,-0.3481091
-0.7499606,0.2431589,-0.3481091
-0.7499606,-0.4519877,-0.3481091
-0.7577041,-0.4519877,-0.3401099
-0.7577041,0.2431589,-0.3401099
-0.7499606,0.4476346,-0.3481091
-0.7577041,0.4476346,-0.3401099
-0.6789276,0.4476346,0.3481091
-0.7499606,0.4476346,0.3481091
-0.7499606,0.2430851,0.3481091
-0.6789276,0.2430851,0.3481091
-0.6789276,-0.4519877,0.3481091
-0.7499606,-0.4519877,0.3481091
-0.7577041,-0.4519877,0.2761083
-0.7499606,-0.4519877,0.2681091
-0.6789276,-0.4519877,0.2681091
-0.6709285,-0.4519877,0.2761083
-0.7577041,-0.4519877,0.3401099
-0.6709285,-0.4519877,0.3401099
-0.7499606,-0.4519877,0.3481091
-0.6789276,-0.4519877,0.3481091
-0.6709285,0.2430851,0.3401099
-0.6709285,0.4476346,0.3401099
-0.6789276,0.4476346,0.3481091
-0.6789276,0.2430851,0.3481091
-0.6709285,-0.4519877,0.3401099
-0.6789276,-0.4519877,0.3481091
-0.7499606,0.2430851,0.3481091
-0.7499606,0.4476346,0.3481091
-0.7577041,0.4476346,0.3401099
-0.7577041,0.2430851,0.3401099
-0.7499606,-0.4519877,0.3481091
-0.7577041,-0.4519877,0.3401099
-0.6789276,-0.4519877,0.2681091
-0.7499606,-0.4519877,0.2681091
-0.7499606,0.2430851,0.2681091
-0.6789276,0.2430851,0.2681091
-0.6709285,0.2430851,0.2761083
-0.6709285,-0.4519877,0.2761083
-0.6789276,-0.4519877,0.2681091
-0.6789276,0.2430851,0.2681091
-0.7499606,0.2430851,0.2681091
-0.7499606,-0.4519877,0.2681091
-0.7577041,-0.4519877,0.2761083
-0.7577041,0.2430851,0.2761083
-0.6789276,0.2430851,0.2681091
-0.6709285,0.243122,-0.2651536
-0.6709285,0.2430851,0.2761083
-0.6789276,0.243122,-0.2651536
-0.7499606,0.2430851,0.2681091
-0.7499606,0.243122,-0.2651536
-0.7577041,0.2430851,0.2761083
-0.7577041,0.243122,-0.2651536
649
0.6142731,0.5650517
0.614273,0.5422529
0.6142731,0.5385197
0.614273,0.5614375
0.614273,0.5422529
0.4266002,0.7360956
0.2497261,0.7360951
0.2497262,0.7389116
0.4266002,0.7389119
0.9610497,0.7407351
0.9610459,0.7359519
0.7841717,0.7360954
0.7841755,0.7408787
0.4266002,0.731705
0.4266005,0.7360955
0.4294168,0.7360955
0.4294168,0.731705
0.4266005,0.6925104
0.5414521,0.7360955
0.4294168,0.6925104
0.5414521,0.731705
0.4266005,0.6898649
0.5458001,0.7360955
0.4294168,0.6898649
0.4266003,0.6800535
0.5414521,0.6925104
0.5443631,0.7317051
0.6025907,0.7360955
0.6019002,0.7317051
0.6070175,0.7360954
0.6063782,0.731705
0.6623913,0.7360954
0.6624824,0.731705
0.665134,0.7360954
0.5443631,0.6925104
0.6642065,0.731705
0.7793552,0.7360954
0.6624823,0.6925103
0.7821687,0.7317048
0.7841383,0.7360954
0.7841533,0.731705
0.7821687,0.6925102
0.7841371,0.6925102
0.6640798,0.6925103
0.5414521,0.6898649
0.7809573,0.6898649
0.7841362,0.6898648
0.6650074,0.6898648
0.7814201,0.6800536
0.7841443,0.6800535
0.7814201,0.6353157
0.6066148,0.6800535
0.7840627,0.6353157
0.6623914,0.6898649
0.6070176,0.6898649
0.6063782,0.6925104
0.7814201,0.6326708
0.7840618,0.6326709
0.6025906,0.6898649
0.6019002,0.6925104
0.6014675,0.6800535
0.5458001,0.6898649
0.6014675,0.6353157
0.4294168,0.6800535
0.4266005,0.6353157
0.4294168,0.6353157
0.4266005,0.6326706
0.6066148,0.6353157
0.4294168,0.6326706
0.4266005,0.6226391
0.6025401,0.6326707
0.4294168,0.6226391
0.4266005,0.5779014
0.4294168,0.5779014
0.4266003,0.5666015
0.4294167,0.5666016
0.6014675,0.5779014
0.6014675,0.6226391
0.6025401,0.5666015
0.6068882,0.6326707
0.6066149,0.6226391
0.6066149,0.5779014
0.6068882,0.5666015
0.7814201,0.6226392
0.7841209,0.6226391
0.7814201,0.5779014
0.7814201,0.5666017
0.7840396,0.5779015
0.7840351,0.5666016
0.2497262,0.7317044
0.2497261,0.7360951
0.4266002,0.7360956
0.4266002,0.731705
0.2497262,0.6925099
0.4266005,0.6925104
0.2497262,0.6898646
0.4266005,0.6898649
0.2497262,0.6800536
0.4266003,0.6800535
0.2497264,0.6353157
0.4266005,0.6353157
0.2497263,0.6326705
0.4266005,0.6326706
0.2497263,0.6226387
0.4266005,0.6226391
0.2497264,0.5779008
0.4266005,0.5779014
0.2497264,0.5666013
0.4266006,0.5666016
0.6141603,0.6163121
0.6141603,0.6119215
0.6093769,0.6119216
0.609377,0.6163121
0.495156,0.6119215
0.6141602,0.6555068
0.4951562,0.6163122
0.4924134,0.6119217
0.609377,0.6555069
0.4924133,0.6163121
0.4369212,0.6119216
0.6109792,0.658152
0.6141602,0.658152
0.6141847,0.6679634
0.495156,0.6555068
0.4369212,0.6163121
0.4325626,0.6119217
0.6114421,0.6679636
0.6141846,0.7127013
0.4950293,0.658152
0.4924134,0.6555069
0.4924134,0.6581521
0.4325625,0.6163121
0.3758223,0.6119217
0.4369212,0.6555068
0.4369212,0.6581521
0.4369103,0.6679636
0.3758223,0.6163122
0.3714743,0.6119217
0.4325626,0.6555069
0.4325625,0.6581521
0.3714741,0.6163121
0.2594388,0.6119217
0.3758222,0.6555068
0.3758222,0.6581521
0.2594388,0.6163121
0.2566224,0.6119215
0.2566224,0.6163123
0.432562,0.6679637
0.3714741,0.6581521
0.3714741,0.655507
0.2594388,0.655507
0.2566224,0.655507
0.2594388,0.6581521
0.2566224,0.6581521
0.2594388,0.6679636
0.2566224,0.6679637
0.2594388,0.7127013
0.2566224,0.7127014
0.4325621,0.7127013
0.2594388,0.7153465
0.2566226,0.7153465
0.4369103,0.7127013
0.2594388,0.7253782
0.2566226,0.7253782
0.4325621,0.7153465
0.6114421,0.7127013
0.4369103,0.7153465
0.6114421,0.7153465
0.6140579,0.7153465
0.6141847,0.7253782
0.611442,0.7253782
0.6141847,0.7701159
0.432562,0.7253782
0.4369104,0.7253782
0.611442,0.7701159
0.4369103,0.7701159
0.6114421,0.7814157
0.6140579,0.7814156
0.4369103,0.7814156
0.432562,0.7814157
0.432562,0.7701159
0.2594388,0.7814157
0.2594388,0.7701159
0.2566224,0.7701159
0.2566224,0.7814156
0.7841533,0.731705
0.7841717,0.7360954
0.9610459,0.7359519
0.9610423,0.7315611
0.7841371,0.6925102
0.9610103,0.6923665
0.7841362,0.6898648
0.9610082,0.6897212
0.7841443,0.6800535
0.9610003,0.6799098
0.7840627,0.6353157
0.9609638,0.6351721
0.7840618,0.6326709
0.9609617,0.6325268
0.7841209,0.6226391
0.9609536,0.6224952
0.7840396,0.5779015
0.9609171,0.5777575
0.7840351,0.5666016
0.9609078,0.5664575
0.06207883,0.8152099
0.1817497,0.81521
0.1817497,0.7760149
0.06207907,0.7760153
0.06265104,0.9724896
0.1823095,0.9707609
0.1817464,0.9315702
0.06208169,0.9332991
0.06208169,0.9332991
0.1817464,0.9315702
0.1817497,0.81521
0.06207883,0.8152099
0.3869332,0.750159
0.2672623,0.750159
0.2672623,0.7893538
0.3869332,0.7893536
0.3869327,0.5928444
0.2672619,0.5928456
0.2672623,0.6320401
0.3869332,0.6320393
0.3869332,0.6940546
0.2672623,0.750159
0.3869332,0.750159
0.2672623,0.6940548
0.3869332,0.6895767
0.2672623,0.6895767
0.3869332,0.6320393
0.2672623,0.6320401
0.9710461,0.9873132
0.9710467,0.8676423
0.9318518,0.867642
0.9318516,0.9873128
0.8198166,0.9873129
0.8198159,0.8676422
0.7806209,0.8676425
0.7806222,0.9873133
0.8198164,0.7087765
0.8198162,0.8284473
0.9318517,0.8284471
0.9318516,0.7087765
0.06207907,0.7760153
0.1817497,0.7760149
0.1817492,0.6580524
0.0620786,0.6580529
0.3869332,0.7893536
0.2672623,0.7893538
0.2672623,0.845458
0.3869332,0.845458
0.3869332,0.849936
0.2672633,0.849936
0.3869332,0.9074731
0.2672616,0.9074728
0.9318516,0.9873128
0.9318518,0.867642
0.8198159,0.8676422
0.8198166,0.9873129
0.2209448,0.8152102
0.1817497,0.81521
0.1817464,0.9315702
0.220944,0.9331726
0.2672678,0.7893537
0.2280728,0.7893513
0.2280694,0.8454556
0.2672642,0.845458
0.2672633,0.849936
0.2280692,0.8499336
0.2672616,0.9074728
0.2280658,0.9074705
0.9318518,0.867642
0.9318517,0.8284471
0.8198162,0.8284473
0.8198159,0.8676422
0.6211573,0.5664371
0.6211581,0.6861078
0.6658958,0.6861076
0.6658953,0.5664367
0.8407007,0.5664367
0.840701,0.6861076
0.8854393,0.6861072
0.8854383,0.5664365
0.8407007,0.8505164
0.8407009,0.7308455
0.6658956,0.7308455
0.6658956,0.8505163
0.3897421,0.5272366
0.3897426,0.6469073
0.4344803,0.6469073
0.43448,0.5272365
0.606531,0.5272365
0.606531,0.6469073
0.651269,0.6469071
0.6512687,0.5272365
0.6065304,0.8113163
0.6065311,0.6916454
0.4344802,0.6916451
0.4344797,0.8113158
0.6658953,0.5664367
0.6658958,0.6861076
0.840701,0.6861076
0.8407007,0.5664367
0.43448,0.5272365
0.4344803,0.6469073
0.606531,0.6469073
0.606531,0.5272365
0.6658958,0.6861076
0.6658956,0.7308455
0.8407009,0.7308455
0.840701,0.6861076
0.4344803,0.6469073
0.4344802,0.6916451
0.6065311,0.6916454
0.606531,0.6469073
0.08867848,0.5169226
0.08867812,0.6365933
0.1334162,0.6365935
0.1334162,0.5169227
0.3082215,0.5169227
0.3082212,0.6365935
0.3529593,0.6365936
0.3529593,0.5169228
0.3082216,0.8010023
0.3082213,0.6813316
0.1334162,0.6813316
0.1334163,0.8010024
0.3670526,0.9499434
0.3669075,0.8302727
0.3221692,0.8303271
0.3223151,0.9499977
0.5838406,0.9496812
0.5836965,0.8300107
0.5389584,0.8300645
0.539103,0.9497352
0.539103,0.9497352
0.5389584,0.8300645
0.3669075,0.8302727
0.3670526,0.9499434
0.1334162,0.5169227
0.1334162,0.6365935
0.3082212,0.6365935
0.3082215,0.5169227
0.7558911,0.949475
0.7557476,0.8298041
0.5836965,0.8300107
0.5838406,0.9496812
0.1334162,0.6365935
0.1334162,0.6813316
0.3082213,0.6813316
0.3082212,0.6365935
0.3668535,0.7855347
0.3669075,0.8302727
0.5389584,0.8300645
0.5389043,0.7853263
0.2594388,0.95829
0.2566223,0.7814157
0.2566226,0.9582901
0.2594388,0.7814157
0.432562,0.7814157
0.4325621,0.9582899
0.4369103,0.7814156
0.4369102,0.95829
0.6114421,0.7814157
0.6114421,0.95829
0.614058,0.7814157
0.614058,0.9582901
0.3919178,0.9788834
0.6264009,0.9778854
0.3949618,0.9778854
0.6293416,0.979185
0.6293416,0.9930869
0.3919178,0.9930869
0.3949618,0.9778854
0.3949618,0.5092044
0.3919178,0.5072277
0.3919178,0.9788834
0.3949618,0.5092044
0.6264009,0.5092044
0.6293416,0.5079526
0.3919178,0.5072277
0.3919178,0.4940028
0.6293416,0.4940028
0.6293416,0.979185
0.6293416,0.5079526
0.6264009,0.5092044
0.6264009,0.9778854
0.3797199,0.9778798
0.3919178,0.9788834
0.3919178,0.5072277
0.3797199,0.5092819
0.3949618,0.9778854
0.6264009,0.9778854
0.6264009,0.5092044
0.3949618,0.5092044
0.6293416,0.979185
0.6406339,0.9778798
0.6406339,0.5092819
0.6293416,0.5079526
0.637068,0.6348608
0.6178861,0.6345434
0.612775,0.9437759
0.6319569,0.9440932
0.5563744,0.943738
0.5755588,0.943738
0.5755588,0.6344455
0.5563743,0.6344455
0.5563744,0.5650516
0.5755588,0.5638471
0.614273,0.6344732
0.5792919,0.9437382
0.609161,0.943727
0.5792917,0.6344455
0.6142731,0.5650517
0.5792918,0.5650516
0.815057,0.5650516
0.815057,0.6344798
0.8449252,0.5650516
0.8449252,0.6344798
0.8449252,0.9437381
0.815057,0.9437381
0.07289743,0.8811033
0.1027656,0.5718098
0.07289767,0.5718107
0.1078787,0.8810858
0.07289743,0.9504972
0.1078787,0.9504972
0.3086627,0.8810684
0.3086627,0.9504972
0.3385308,0.8810684
0.338531,0.9504972
0.3086627,0.5718108
0.338531,0.5718098
0.07289577,0.54528
0.06916261,0.5488942
0.06916451,0.5699446
0.07289767,0.5718107
0.1027637,0.5452781
0.1027656,0.5718098
0.1064978,0.5488914
0.1064987,0.5680759
0.635689,0.9441551
0.640801,0.6349225
0.637068,0.6348608
0.6319569,0.9440932
0.612775,0.9437759
0.6178861,0.6345434
0.614273,0.6344732
0.609161,0.943727
0.07289743,0.8811033
0.07289767,0.5718107
0.06916451,0.5699446
0.06916451,0.8811034
0.07289743,0.9504972
0.06916451,0.9523632
0.5755588,0.6344455
0.5755588,0.943738
0.5792919,0.9437382
0.5792917,0.6344455
0.5755588,0.5638471
0.5792918,0.5650516
0.8678436,0.5650516
0.8486582,0.5638471
0.8486582,0.6344796
0.8678435,0.6344798
0.8678434,0.9437379
0.8486582,0.9437382
0.844925,0.5385199
0.8486582,0.5638471
0.8486582,0.540386
0.8449252,0.5650516
0.815057,0.5650516
0.8150569,0.5385199
0.8113241,0.5614377
0.6142731,0.5650517
0.614273,0.5614375
0.8113241,0.5422531
0.614273,0.5422529
0.6142731,0.5385197
0.5792918,0.5650516
0.5792918,0.53852
0.5755588,0.5638471
0.5755588,0.540386
0.3086598,0.5452797
0.3049278,0.548893
0.3049288,0.5699446
0.3086627,0.5718108
0.3385291,0.5452781
0.338531,0.5718098
0.3422623,0.5488913
0.3422639,0.5699436
0.3385308,0.8810684
0.338531,0.9504972
0.3422639,0.9523632
0.3422642,0.8810683
0.338531,0.5718098
0.3422639,0.5699436
0.8486582,0.6344796
0.8486582,0.5638471
0.8449252,0.5650516
0.8449252,0.6344798
0.8486582,0.9437382
0.8449252,0.9437381
0.7921385,0.943738
0.8113242,0.943738
0.8113232,0.6344798
0.7921383,0.6344795
0.3086627,0.8810684
0.3086627,0.5718108
0.3049288,0.5699446
0.3049288,0.8785804
0.8113232,0.6344798
0.8113242,0.943738
0.815057,0.9437381
0.815057,0.6344798
0.3049288,0.8785804
0.1078787,0.8810858
0.3086627,0.8810684
0.1078777,0.8773526
0.3049269,0.8581515
0.1078768,0.8581682
0.30866,0.8545366
0.1078768,0.8545541
0.2831263,0.6065686
0.2639444,0.6062512
0.2588327,0.9154838
0.2780154,0.9158009
0.2024329,0.9154459
0.2216177,0.9154459
0.2216174,0.6061534
0.2024328,0.6061534
0.2024328,0.5367595
0.2216174,0.5355546
0.2603305,0.606181
0.2253504,0.9154459
0.2552199,0.915435
0.2253503,0.6061534
0.2603316,0.5367596
0.2253503,0.5367596
0.4611146,0.5367594
0.4611146,0.6061875
0.4909837,0.5367594
0.4909834,0.6061875
0.4909837,0.9154458
0.4611158,0.9154458
0.6812441,0.885673
0.711112,0.5763806
0.681244,0.5763813
0.716225,0.8856567
0.6812439,0.9550681
0.7162251,0.955068
0.9170082,0.885639
0.9170083,0.955068
0.9468774,0.885639
0.9468772,0.955068
0.9170084,0.5763816
0.9468773,0.5763806
0.2603313,0.5102279
0.2253503,0.5102278
0.2216174,0.5120938
0.2603304,0.513961
0.4611146,0.5102278
0.2603316,0.5331455
0.2216174,0.5355546
0.4573824,0.5139607
0.2603316,0.5367596
0.2253503,0.5367596
0.4573824,0.5331454
0.4611146,0.5367594
0.4909837,0.5102278
0.4909837,0.5367594
0.4947166,0.5355539
0.4947166,0.5120937
0.6812422,0.5498507
0.6775092,0.5534649
0.677511,0.5745155
0.681244,0.5763813
0.7111103,0.549849
0.711112,0.5763806
0.7148442,0.553462
0.7148454,0.5726467
0.2817475,0.9158629
0.2868595,0.6066304
0.2831263,0.6065686
0.2780154,0.9158009
0.2588327,0.9154838
0.2639444,0.6062512
0.2603305,0.606181
0.2552199,0.915435
0.6812441,0.885673
0.681244,0.5763813
0.677511,0.5745155
0.677511,0.885673
0.6812439,0.9550681
0.677511,0.956934
0.2216174,0.6061534
0.2216177,0.9154459
0.2253504,0.9154459
0.2253503,0.6061534
0.2216174,0.5355546
0.2253503,0.5367596
0.5139014,0.5367595
0.4947166,0.5355539
0.4947166,0.6061876
0.5139021,0.6061877
0.5139021,0.9154459
0.4947168,0.9154462
0.9170064,0.5498497
0.9132743,0.5534638
0.9132753,0.5745157
0.9170084,0.5763816
0.9468756,0.5498493
0.9468773,0.5763806
0.9506086,0.5534621
0.9506101,0.5745146
0.9468774,0.885639
0.9468772,0.955068
0.9506101,0.9569341
0.9506102,0.885639
0.9468773,0.5763806
0.9506101,0.5745146
0.4947166,0.6061876
0.4947166,0.5355539
0.4909837,0.5367594
0.4909834,0.6061875
0.4947168,0.9154462
0.4909837,0.9154458
0.4381971,0.9154458
0.4573826,0.9154459
0.4573814,0.6061876
0.4381971,0.6061877
0.9170082,0.885639
0.9170084,0.5763816
0.9132753,0.5745157
0.9132752,0.8831503
0.4573814,0.6061876
0.4573826,0.9154459
0.4611158,0.9154458
0.4611146,0.6061875
0.9132752,0.8831503
0.716225,0.8856567
0.9170082,0.885639
0.7162241,0.8819234
0.9132733,0.8627213
0.7162234,0.862738
0.9170063,0.8591073
0.7162226,0.8591248
1
1656
0
1
2
0
3
4
5
6
7
5
7
8
9
10
11
9
11
12
13
14
15
13
15
16
17
13
16
16
15
18
17
16
19
16
18
20
21
17
19
20
18
22
21
19
23
24
21
23
23
19
25
20
22
26
25
20
26
26
22
27
26
27
28
28
27
29
28
29
30
30
29
31
30
31
32
32
31
33
25
26
34
32
33
35
35
33
36
37
32
35
35
36
38
38
36
39
38
39
40
41
38
40
41
40
42
37
35
43
44
25
34
23
25
44
45
41
42
45
42
46
47
43
41
47
41
45
48
45
46
47
45
48
48
46
49
50
48
49
51
47
48
50
49
52
53
43
47
51
53
47
53
37
43
54
37
53
51
54
53
54
55
37
56
50
52
56
52
57
58
55
54
58
59
55
60
54
51
60
58
54
61
59
58
61
58
60
61
34
59
44
34
61
62
60
51
63
61
60
63
44
61
63
23
44
24
23
63
64
24
63
64
63
65
66
64
65
62
51
67
66
65
68
68
65
62
69
66
68
70
62
67
68
62
70
69
68
71
71
68
70
72
69
71
72
71
73
74
72
73
74
73
75
75
73
76
71
70
77
75
76
78
70
67
79
77
70
79
79
67
50
79
50
56
77
79
80
76
77
80
80
79
56
78
76
81
76
80
81
78
81
82
80
56
83
83
56
57
83
57
84
82
81
85
85
83
84
82
85
86
85
84
87
86
85
87
86
87
88
89
90
91
89
91
92
93
89
92
93
92
94
95
93
94
95
94
96
97
95
96
97
96
98
99
97
98
99
98
100
101
99
100
101
100
102
103
101
102
103
102
104
105
103
104
105
104
106
107
105
106
107
106
108
109
110
111
109
111
112
112
111
113
114
109
112
112
113
115
115
113
116
114
112
117
117
112
115
115
116
118
118
116
119
120
114
117
120
121
114
122
121
120
117
115
123
123
115
118
118
119
124
124
119
125
122
120
126
127
122
126
128
120
117
128
117
123
126
120
128
123
118
129
129
118
124
130
128
123
126
128
130
130
123
129
124
125
131
131
125
132
129
124
133
133
124
131
134
130
129
134
129
133
126
130
135
130
134
135
131
132
136
136
132
137
133
131
138
138
131
136
139
134
133
135
134
139
139
133
138
136
137
140
140
137
141
138
136
142
142
136
140
143
139
138
143
138
142
140
141
144
145
144
141
145
146
144
147
139
143
135
139
147
148
143
142
147
143
148
142
140
149
149
140
144
148
142
149
146
150
144
149
144
150
146
151
150
152
149
150
151
152
150
152
148
149
151
153
152
148
152
154
153
154
152
147
148
154
153
155
154
155
156
154
155
157
156
158
147
154
158
154
156
157
159
156
159
158
156
157
160
159
161
147
158
161
135
147
160
162
159
160
163
162
159
164
158
164
161
158
165
135
161
165
126
135
127
126
165
166
165
161
164
166
161
167
127
165
166
167
165
167
168
127
169
168
167
169
167
170
170
167
166
171
169
170
172
164
159
172
159
162
173
166
164
170
166
173
173
164
172
171
170
174
174
170
173
175
173
172
174
173
175
176
171
174
176
177
171
178
176
174
178
174
175
179
178
175
175
172
180
179
175
180
180
172
162
181
179
180
180
162
182
181
180
182
163
182
162
163
183
182
183
181
182
183
184
181
185
186
187
185
187
188
189
185
188
189
188
190
191
189
190
191
190
192
192
193
191
192
194
193
194
195
193
194
196
195
196
197
195
196
198
197
198
199
197
198
200
199
200
201
199
200
202
201
202
203
201
202
204
203
205
206
207
205
207
208
209
210
211
209
211
212
213
214
215
213
215
216
217
218
219
217
219
220
221
222
223
221
223
224
225
226
227
225
228
226
229
228
225
229
230
228
231
230
229
231
232
230
233
234
235
233
235
236
237
238
239
237
239
240
241
242
243
241
243
244
245
246
247
245
247
248
249
250
251
249
251
252
251
253
252
251
254
253
254
255
253
254
256
255
257
258
259
257
259
260
261
262
263
261
263
264
265
266
267
265
267
268
267
269
268
267
270
269
270
271
269
270
272
271
273
274
275
273
275
276
277
278
279
277
279
280
281
282
283
281
283
284
285
286
287
285
287
288
289
290
291
289
291
292
293
294
295
293
295
296
297
298
299
297
299
300
301
302
303
301
303
304
305
306
307
305
307
308
309
310
311
309
311
312
313
314
315
313
315
316
317
318
319
317
319
320
321
322
323
321
323
324
325
326
327
325
327
328
329
330
331
329
331
332
333
334
335
333
335
336
337
338
339
337
339
340
341
342
343
341
343
344
345
346
347
345
347
348
349
350
351
349
351
352
353
354
355
353
355
356
357
358
359
357
360
358
357
361
360
357
362
361
362
363
361
362
364
363
364
365
363
364
366
365
366
367
365
366
368
367
369
370
371
369
372
370
373
372
369
373
369
374
375
376
377
375
377
378
379
380
381
379
381
382
383
382
381
383
381
384
385
386
387
385
387
388
389
390
391
389
391
392
393
394
395
393
395
396
397
398
399
397
399
400
401
402
403
401
403
404
405
406
407
405
407
408
407
409
408
407
410
409
411
412
413
411
414
412
415
414
411
415
416
414
417
415
411
417
411
418
419
417
418
419
418
420
418
421
420
418
422
421
423
424
425
423
426
424
427
426
423
427
428
426
429
426
428
429
428
430
430
431
429
430
432
431
431
433
429
431
434
433
435
436
437
437
438
435
438
439
435
438
440
439
440
441
439
440
442
441
443
444
445
443
445
446
447
448
449
447
449
450
451
452
453
451
453
454
455
451
454
455
454
456
457
458
459
457
459
460
461
457
460
461
460
462
463
464
465
463
465
466
465
467
466
465
468
467
469
470
471
469
472
470
469
473
472
469
474
473
474
475
473
475
476
473
475
477
476
478
477
475
474
478
475
478
479
477
474
479
478
474
480
479
481
476
480
480
482
481
482
483
481
482
484
483
485
486
487
487
488
485
488
489
485
488
490
489
490
491
489
490
492
491
493
494
495
493
495
496
497
493
496
497
496
498
499
500
501
499
501
502
503
499
502
503
502
504
505
506
507
505
507
508
509
510
511
509
511
512
513
514
515
513
515
516
517
518
519
517
520
518
521
520
517
521
522
520
523
522
521
523
524
522
525
526
527
525
527
528
529
530
531
529
531
532
531
533
532
531
534
533
535
536
537
535
538
536
539
538
535
539
540
538
541
539
535
541
535
542
543
541
542
543
542
544
542
545
544
542
546
545
547
548
549
547
550
548
551
550
547
551
552
550
553
550
552
553
552
554
554
555
553
554
556
555
555
557
553
555
558
557
559
560
561
559
561
562
563
559
562
561
564
562
561
565
564
563
562
566
566
562
564
565
567
564
565
568
567
566
564
569
569
564
567
563
566
569
569
567
570
563
569
570
571
563
570
571
570
572
571
572
573
571
573
574
575
576
577
577
578
575
578
579
575
578
580
579
580
581
579
580
582
581
583
584
585
583
585
586
587
588
589
587
589
590
591
592
593
591
593
594
595
591
594
595
594
596
597
598
599
597
599
600
601
597
600
601
600
602
603
604
605
603
605
606
605
607
606
605
608
607
609
610
611
611
612
609
612
613
609
612
614
613
614
615
613
614
616
615
617
618
619
617
619
620
621
617
620
621
620
622
623
624
625
623
625
626
627
623
626
627
626
628
629
630
631
629
631
632
633
634
635
633
635
636
637
638
639
637
639
640
641
642
643
641
644
642
645
644
641
645
646
644
647
646
645
647
648
646
