MESH3
Classic Car_9 FL Tire
463
0.1581181,-0.3164217,0.1826856
0.1581181,-0.3653723,-5.032006E-07
0.1581181,-0.3164217,-0.1826866
0.1581181,-0.1826862,0.316421
0.1581181,-0.1826862,-0.3164221
0.1581182,-1.602812E-07,-0.3653727
0.1581182,-1.714597E-07,0.3653716
0.1581182,0.1826859,0.316421
0.1581182,0.1826859,-0.316422
0.1581182,0.3164215,-0.1826866
0.1581182,0.3164214,0.1826855
0.1581182,0.365372,-5.583702E-07
-0.07390356,-0.04474595,-0.02583456
-0.07390356,-0.05166818,-3.499561E-07
-0.07390356,-0.04474594,0.02583368
-0.07390356,-0.02583411,-0.04474627
-0.07390356,-0.0258341,0.04474557
-0.07390356,-3.900871E-09,-0.0516686
-0.07390356,-8.456344E-08,0.05166772
-0.07390364,0.02583406,0.04474556
-0.07390364,0.02583408,-0.04474628
-0.07390356,0.04474597,0.02583368
-0.07390356,0.04474596,-0.02583439
-0.07390356,0.05166816,-3.577578E-07
-0.07662277,0.1993999,-0.0247654
-0.07662277,0.1752056,-0.007187025
-0.1065038,0.1752056,-0.007187025
-0.1065038,0.1993999,-0.0247654
-0.07662277,0.1752056,-0.007187025
-0.07662277,0.184447,0.02125511
-0.1065038,0.184447,0.02125511
-0.1065038,0.1752056,-0.007187025
-0.07662277,0.184447,0.02125511
-0.07662277,0.2143529,0.02125511
-0.1065038,0.2143529,0.02125511
-0.1065038,0.184447,0.02125511
-0.1065038,0.1993999,-0.0247654
-0.1065038,0.1752056,-0.007187025
-0.1065038,0.184447,0.02125511
-0.1065038,0.2143529,0.02125511
-0.1065038,0.2235943,-0.007187028
-0.07662277,0.2143529,0.02125511
-0.07662277,0.2235943,-0.007187028
-0.1065038,0.2235943,-0.007187028
-0.1065038,0.2143529,0.02125511
-0.07662277,0.2235943,-0.007187028
-0.07662277,0.1993999,-0.0247654
-0.1065038,0.1993999,-0.0247654
-0.1065038,0.2235943,-0.007187028
-0.07662277,0.184447,0.02125511
-0.07662277,0.1752056,-0.007187025
-0.07662277,0.1993999,-0.0247654
-0.07662277,0.2143529,0.02125511
-0.07662277,0.2235943,-0.007187028
-0.07662277,0.02476545,0.1993996
-0.07662277,0.007187224,0.1752052
-0.1065038,0.007187202,0.1752052
-0.1065038,0.02476545,0.1993996
-0.07662277,0.007187224,0.1752052
-0.07662277,-0.02125496,0.1844467
-0.1065038,-0.02125496,0.1844467
-0.1065038,0.007187202,0.1752052
-0.07662277,-0.02125496,0.1844467
-0.07662277,-0.02125495,0.2143526
-0.1065038,-0.02125495,0.2143526
-0.1065038,-0.02125496,0.1844467
-0.1065038,0.007187202,0.1752052
-0.1065038,-0.02125496,0.1844467
-0.1065038,-0.02125495,0.2143526
-0.1065038,0.007187228,0.2235941
-0.1065038,0.02476545,0.1993996
-0.07662277,-0.02125495,0.2143526
-0.07662277,0.007187205,0.2235939
-0.1065038,0.007187228,0.2235941
-0.1065038,-0.02125495,0.2143526
-0.07662277,0.007187205,0.2235939
-0.07662277,0.02476545,0.1993996
-0.1065038,0.02476545,0.1993996
-0.1065038,0.007187228,0.2235941
-0.07662277,-0.02125495,0.2143526
-0.07662277,-0.02125496,0.1844467
-0.07662277,0.007187224,0.1752052
-0.07662277,0.007187205,0.2235939
-0.07662277,0.02476545,0.1993996
-0.07662277,-0.1665997,0.1365403
-0.07662277,-0.1530227,0.1631868
-0.1065038,-0.1530227,0.1631868
-0.1065038,-0.1665997,0.1365403
-0.07662277,-0.145453,0.1153936
-0.07662277,-0.1665997,0.1365403
-0.1065038,-0.1665997,0.1365403
-0.1065038,-0.145453,0.1153936
-0.07662277,-0.1188067,0.1289708
-0.07662277,-0.145453,0.1153936
-0.1065038,-0.145453,0.1153936
-0.1065038,-0.1188067,0.1289708
-0.1065038,-0.145453,0.1153936
-0.1065038,-0.1665997,0.1365403
-0.1065038,-0.1530227,0.1631868
-0.1065038,-0.123485,0.1585085
-0.1065038,-0.1188067,0.1289708
-0.07662277,-0.1530227,0.1631868
-0.07662277,-0.123485,0.1585085
-0.1065038,-0.123485,0.1585085
-0.1065038,-0.1530227,0.1631868
-0.07662277,-0.123485,0.1585085
-0.07662277,-0.1188067,0.1289708
-0.1065038,-0.1188067,0.1289708
-0.1065038,-0.123485,0.1585085
-0.07662277,-0.1530227,0.1631868
-0.07662277,-0.1665997,0.1365403
-0.07662277,-0.145453,0.1153936
-0.07662277,-0.123485,0.1585085
-0.07662277,-0.1188067,0.1289708
-0.07662277,-0.2235938,0.007186851
-0.07662277,-0.1993995,0.02476505
-0.1065038,-0.1993995,0.02476505
-0.1065038,-0.2235939,0.007186851
-0.07662277,-0.1752051,0.007186848
-0.07662277,-0.1844465,-0.02125529
-0.1065038,-0.1844465,-0.02125529
-0.1065038,-0.1752051,0.007186848
-0.07662277,-0.1844465,-0.02125529
-0.07662277,-0.2143524,-0.02125529
-0.1065038,-0.2143524,-0.02125529
-0.1065038,-0.1844465,-0.02125529
-0.1065038,-0.2143524,-0.02125529
-0.1065038,-0.2235939,0.007186851
-0.1065038,-0.1993995,0.02476505
-0.1065038,-0.1844465,-0.02125529
-0.1065038,-0.1752051,0.007186848
-0.07662277,-0.1993995,0.02476505
-0.07662277,-0.1752051,0.007186848
-0.1065038,-0.1752051,0.007186848
-0.1065038,-0.1993995,0.02476505
-0.07662277,-0.2143524,-0.02125529
-0.07662277,-0.2235938,0.007186851
-0.1065038,-0.2235939,0.007186851
-0.1065038,-0.2143524,-0.02125529
-0.07662277,-0.1993995,0.02476505
-0.07662277,-0.2235938,0.007186851
-0.07662277,-0.2143524,-0.02125529
-0.07662277,-0.1844465,-0.02125529
-0.07662277,-0.1752051,0.007186848
-0.07662277,-0.1585083,-0.1234854
-0.07662277,-0.1289706,-0.118807
-0.1065038,-0.1289706,-0.118807
-0.1065038,-0.1585083,-0.1234854
-0.07662277,-0.1153936,-0.1454533
-0.07662277,-0.1365403,-0.1666
-0.1065038,-0.1365403,-0.1666
-0.1065038,-0.1153936,-0.1454533
-0.07662277,-0.1289706,-0.118807
-0.07662277,-0.1153936,-0.1454533
-0.1065038,-0.1153936,-0.1454533
-0.1065038,-0.1289706,-0.118807
-0.1065038,-0.1365403,-0.1666
-0.1065038,-0.1631867,-0.153023
-0.1065038,-0.1585083,-0.1234854
-0.1065038,-0.1289706,-0.118807
-0.1065038,-0.1153936,-0.1454533
-0.07662277,-0.1365403,-0.1666
-0.07662277,-0.1631866,-0.153023
-0.1065038,-0.1631867,-0.153023
-0.1065038,-0.1365403,-0.1666
-0.07662277,-0.1631866,-0.153023
-0.07662277,-0.1585083,-0.1234854
-0.1065038,-0.1585083,-0.1234854
-0.1065038,-0.1631867,-0.153023
-0.07662277,-0.1585083,-0.1234854
-0.07662277,-0.1631866,-0.153023
-0.07662277,-0.1365403,-0.1666
-0.07662277,-0.1289706,-0.118807
-0.07662277,-0.1153936,-0.1454533
-0.07662277,0.02125544,-0.2143527
-0.07662277,-0.007186741,-0.2235942
-0.1065038,-0.007186785,-0.2235942
-0.1065038,0.02125544,-0.2143527
-0.07662277,-0.007186737,-0.1752055
-0.07662277,0.02125542,-0.1844469
-0.1065038,0.02125542,-0.1844469
-0.1065038,-0.007186737,-0.1752055
-0.07662277,0.02125542,-0.1844469
-0.07662277,0.02125544,-0.2143527
-0.1065038,0.02125544,-0.2143527
-0.1065038,0.02125542,-0.1844469
-0.1065038,-0.007186785,-0.2235942
-0.1065038,-0.02476498,-0.1993998
-0.1065038,-0.007186737,-0.1752055
-0.1065038,0.02125544,-0.2143527
-0.1065038,0.02125542,-0.1844469
-0.07662277,-0.007186741,-0.2235942
-0.07662277,-0.02476498,-0.1993998
-0.1065038,-0.02476498,-0.1993998
-0.1065038,-0.007186785,-0.2235942
-0.07662277,-0.02476498,-0.1993998
-0.07662277,-0.007186737,-0.1752055
-0.1065038,-0.007186737,-0.1752055
-0.1065038,-0.02476498,-0.1993998
-0.07662277,-0.007186737,-0.1752055
-0.07662277,-0.02476498,-0.1993998
-0.07662277,-0.007186741,-0.2235942
-0.07662277,0.02125544,-0.2143527
-0.07662277,0.02125542,-0.1844469
-0.07662277,0.1530231,-0.163187
-0.07662277,0.1234855,-0.1585086
-0.1065038,0.1234855,-0.1585086
-0.1065038,0.1530231,-0.163187
-0.07662277,0.1454535,-0.115394
-0.07662277,0.1666001,-0.1365407
-0.1065038,0.1666001,-0.1365407
-0.1065038,0.1454535,-0.115394
-0.07662277,0.1188071,-0.128971
-0.07662277,0.1454535,-0.115394
-0.1065038,0.1454535,-0.115394
-0.1065038,0.1188072,-0.128971
-0.1065038,0.1234855,-0.1585086
-0.1065038,0.1188072,-0.128971
-0.1065038,0.1454535,-0.115394
-0.1065038,0.1530231,-0.163187
-0.1065038,0.1666001,-0.1365407
-0.07662277,0.1234855,-0.1585086
-0.07662277,0.1188071,-0.128971
-0.1065038,0.1188072,-0.128971
-0.1065038,0.1234855,-0.1585086
-0.07662277,0.1666001,-0.1365407
-0.07662277,0.1530231,-0.163187
-0.1065038,0.1530231,-0.163187
-0.1065038,0.1666001,-0.1365407
-0.07662277,0.1454535,-0.115394
-0.07662277,0.1188071,-0.128971
-0.07662277,0.1234855,-0.1585086
-0.07662277,0.1530231,-0.163187
-0.07662277,0.1666001,-0.1365407
-0.1126583,0.06901153,0.03984323
-0.09156049,0.1050479,0.06064878
-0.09156058,0.1212988,-5.399432E-07
-0.1126583,0.07968762,-3.598732E-07
-0.09156049,0.1050479,-0.06064994
-0.1126583,0.06901153,-0.0398443
-0.09156049,0.1050479,-0.06064994
-0.09156058,0.06064937,-0.1050485
-0.1126583,0.03984381,-0.06901193
-0.1126583,-2.813234E-08,-0.07968806
-0.09156058,-0.06064957,-0.1050484
-0.1126583,-0.03984388,-0.06901193
-0.09156058,-1.197382E-07,-0.1212994
-0.1126583,0.03984381,-0.06901193
-0.09156058,0.06064937,-0.1050485
-0.1126583,-0.03984388,-0.06901193
-0.09156058,-0.06064957,-0.1050484
-0.09156058,-0.105048,-0.06065001
-0.1126583,-0.06901151,-0.03984429
-0.09156058,-0.1212991,-5.216276E-07
-0.1126583,-0.07968768,-3.478407E-07
-0.09156058,-0.105048,0.06064897
-0.1126583,-0.06901155,0.03984341
-0.09156058,-0.06064959,0.1050476
-0.1126583,-0.03984387,0.06901113
-0.09156058,-1.677707E-07,0.1212984
-0.1126583,-1.045641E-07,0.07968717
-0.09156058,0.06064934,0.1050474
-0.1126583,0.03984379,0.06901113
-0.09156049,0.1050479,0.06064878
-0.1126583,0.06901153,0.03984323
-0.07662277,0.1585088,0.1234851
-0.07662277,0.1289711,0.1188068
-0.1065038,0.1289711,0.1188068
-0.1065038,0.1585088,0.1234851
-0.07662277,0.1289711,0.1188068
-0.07662277,0.1153941,0.1454531
-0.1065038,0.1153941,0.1454531
-0.1065038,0.1289711,0.1188068
-0.07662277,0.1153941,0.1454531
-0.07662277,0.1365407,0.1665997
-0.1065038,0.1365407,0.1665997
-0.1065038,0.1153941,0.1454531
-0.1065038,0.1289711,0.1188068
-0.1065038,0.1153941,0.1454531
-0.1065038,0.1365407,0.1665997
-0.1065038,0.1585088,0.1234851
-0.1065038,0.1631871,0.1530228
-0.07662277,0.1365407,0.1665997
-0.07662277,0.1631871,0.1530228
-0.1065038,0.1631871,0.1530228
-0.1065038,0.1365407,0.1665997
-0.07662277,0.1631871,0.1530228
-0.07662277,0.1585088,0.1234851
-0.1065038,0.1585088,0.1234851
-0.1065038,0.1631871,0.1530228
-0.07662277,0.1365407,0.1665997
-0.07662277,0.1153941,0.1454531
-0.07662277,0.1289711,0.1188068
-0.07662277,0.1585088,0.1234851
-0.07662277,0.1631871,0.1530228
-0.07390356,-8.456344E-08,0.05166772
-0.1126583,0.03984379,0.06901113
-0.07390364,0.02583406,0.04474556
-0.1126583,-1.045641E-07,0.07968717
-0.1126583,0.06901153,0.03984323
-0.07390356,-0.0258341,0.04474557
-0.07390356,0.04474597,0.02583368
-0.1126583,-0.03984387,0.06901113
-0.1126583,0.07968762,-3.598732E-07
-0.07390356,-0.04474594,0.02583368
-0.07390356,0.05166816,-3.577578E-07
-0.1126583,-0.06901155,0.03984341
-0.1126583,0.06901153,-0.0398443
-0.07390356,-0.05166818,-3.499561E-07
-0.07390356,0.04474596,-0.02583439
-0.1126583,-0.07968768,-3.478407E-07
-0.1126583,0.03984381,-0.06901193
-0.07390356,-0.04474595,-0.02583456
-0.07390364,0.02583408,-0.04474628
-0.1126583,-0.06901151,-0.03984429
-0.1126583,-2.813234E-08,-0.07968806
-0.07390356,-0.02583411,-0.04474627
-0.07390356,-3.900871E-09,-0.0516686
-0.1126583,-0.03984388,-0.06901193
-0.09156049,0.1050479,-0.06064994
-0.09156049,0.2132091,-0.1230968
-0.09156058,0.1230963,-0.2132096
-0.09156058,0.1212988,-5.399432E-07
-0.09156058,0.06064937,-0.1050485
-0.09156049,0.2461926,-5.493724E-07
-0.09156058,-1.291674E-07,-0.2461932
-0.09156049,0.1050479,0.06064878
-0.09156058,-1.197382E-07,-0.1212994
-0.09156049,0.2132091,0.1230957
-0.09156058,-0.1230964,-0.2132096
-0.09156058,0.06064934,0.1050474
-0.09156058,-0.06064957,-0.1050484
-0.09156058,0.1230962,0.2132085
-0.09156058,-0.2132092,-0.1230969
-0.09156058,-1.677707E-07,0.1212984
-0.09156058,-0.105048,-0.06065001
-0.09156058,-6.987725E-08,0.2461921
-0.09156058,-0.2461928,-5.121984E-07
-0.09156058,-0.06064959,0.1050476
-0.09156058,-0.1212991,-5.216276E-07
-0.09156058,-0.1230964,0.2132087
-0.09156058,-0.2132092,0.1230959
-0.09156058,-0.105048,0.06064897
-0.09156049,0.2132091,-0.1230968
-0.1529024,0.2363791,-0.1364741
-0.1529024,0.1364735,-0.2363797
-0.09156049,0.2461926,-5.493724E-07
-0.09156058,0.1230963,-0.2132096
-0.1529024,0.2729472,-5.513924E-07
-0.1529024,-4.272304E-08,-0.2729478
-0.09156049,0.2132091,0.1230957
-0.09156058,-1.291674E-07,-0.2461932
-0.1529024,0.2363792,0.1364731
-0.1529024,-0.1364736,-0.2363797
-0.09156058,0.1230962,0.2132085
-0.09156058,-0.1230964,-0.2132096
-0.1529024,0.1364735,0.2363787
-0.1529024,-0.2363792,-0.1364741
-0.09156058,-6.987725E-08,0.2461921
-0.09156058,-0.2132092,-0.1230969
-0.1529024,-4.574128E-08,0.2729467
-0.1529024,-0.2729473,-5.101785E-07
-0.09156058,-0.1230964,0.2132087
-0.09156058,-0.2461928,-5.121984E-07
-0.1529024,-0.1364737,0.2363788
-0.1529024,-0.2363792,0.1364731
-0.09156058,-0.2132092,0.1230959
-0.1529024,0.2363791,-0.1364741
-0.1564299,0.3164215,-0.1826866
-0.1564299,0.182686,-0.316422
-0.1529024,0.2729472,-5.513924E-07
-0.1529024,0.1364735,-0.2363797
-0.1564299,0.365372,-5.583702E-07
-0.1564299,-7.181699E-08,-0.3653727
-0.1529024,0.2363792,0.1364731
-0.1529024,-4.272304E-08,-0.2729478
-0.1564299,0.3164214,0.1826855
-0.1564299,-0.1826861,-0.3164221
-0.1529024,0.1364735,0.2363787
-0.1529024,-0.1364736,-0.2363797
-0.1564299,0.182686,0.316421
-0.1564299,-0.3164216,-0.1826866
-0.1529024,-4.574128E-08,0.2729467
-0.1529024,-0.2363792,-0.1364741
-0.1564299,-8.299551E-08,0.3653716
-0.1564299,-0.3653722,-5.032006E-07
-0.1529024,-0.1364737,0.2363788
-0.1529024,-0.2729473,-5.101785E-07
-0.1564299,-0.1826862,0.316421
-0.1564299,-0.3164217,0.1826856
-0.1529024,-0.2363792,0.1364731
-0.1308793,0.1959119,-0.3393301
-0.1564299,0.182686,-0.316422
-0.1564299,0.3164215,-0.1826866
-0.1308793,0.3393296,-0.1959126
-0.1308793,-7.381406E-08,-0.3918248
-0.1564299,0.365372,-5.583702E-07
-0.1564299,-7.181699E-08,-0.3653727
-0.1308793,0.391824,-5.603673E-07
-0.1308793,-0.1959122,-0.3393302
-0.1564299,0.3164214,0.1826855
-0.1564299,-0.1826861,-0.3164221
-0.1308793,0.3393295,0.1959115
-0.1308793,-0.3393297,-0.1959126
-0.1564299,0.182686,0.316421
-0.1564299,-0.3164216,-0.1826866
-0.1308793,0.195912,0.3393292
-0.1308793,-0.3918241,-5.012035E-07
-0.1564299,-8.299551E-08,0.3653716
-0.1564299,-0.3653722,-5.032006E-07
-0.1308793,-8.099843E-08,0.3918237
-0.1308793,-0.3393297,0.1959115
-0.1564299,-0.1826862,0.316421
-0.1564299,-0.3164217,0.1826856
-0.1308793,-0.1959121,0.339329
0.1325675,0.3393296,-0.1959126
0.1581182,0.1826859,-0.316422
0.1325675,0.1959119,-0.3393301
0.1581182,0.3164215,-0.1826866
0.1581182,-1.602812E-07,-0.3653727
0.1325675,0.3918239,-5.603673E-07
0.1325675,-1.622783E-07,-0.3918248
0.1581182,0.365372,-5.583702E-07
0.1581181,-0.1826862,-0.3164221
0.1325675,0.3393295,0.1959115
0.1325675,-0.1959123,-0.3393302
0.1581182,0.3164214,0.1826855
0.1581181,-0.3164217,-0.1826866
0.1325675,0.1959119,0.3393292
0.1325675,-0.3393297,-0.1959126
0.1581182,0.1826859,0.316421
0.1581181,-0.3653723,-5.032006E-07
0.1325675,-1.694627E-07,0.3918237
0.1325675,-0.3918242,-5.012035E-07
0.1581182,-1.714597E-07,0.3653716
0.1581181,-0.3164217,0.1826856
0.1325675,-0.1959122,0.339329
0.1325675,-0.3393298,0.1959115
0.1581181,-0.1826862,0.316421
0.1325675,0.1959119,-0.3393301
-0.1308793,-7.381406E-08,-0.3918248
-0.1308793,0.1959119,-0.3393301
0.1325675,-1.622783E-07,-0.3918248
0.1325675,0.3393296,-0.1959126
-0.1308793,-0.1959122,-0.3393302
-0.1308793,0.3393296,-0.1959126
0.1325675,-0.1959123,-0.3393302
0.1325675,0.3918239,-5.603673E-07
-0.1308793,-0.3393297,-0.1959126
-0.1308793,0.391824,-5.603673E-07
0.1325675,-0.3393297,-0.1959126
0.1325675,0.3393295,0.1959115
-0.1308793,-0.3918241,-5.012035E-07
-0.1308793,0.3393295,0.1959115
0.1325675,-0.3918242,-5.012035E-07
0.1325675,0.1959119,0.3393292
-0.1308793,-0.3393297,0.1959115
-0.1308793,0.195912,0.3393292
0.1325675,-0.3393298,0.1959115
0.1325675,-1.694627E-07,0.3918237
-0.1308793,-0.1959121,0.339329
-0.1308793,-8.099843E-08,0.3918237
0.1325675,-0.1959122,0.339329
463
0.1484376,0.5326324
0.1484376,0.5326324
0.1484376,0.5326324
0.1484376,0.5326324
0.1484376,0.5326324
0.1484376,0.5326324
0.1484376,0.5326324
0.1484376,0.5326324
0.1484376,0.5326324
0.1484376,0.5326324
0.1484376,0.5326324
0.1484376,0.5326324
0.2854945,0.9606525
0.2854945,0.9606525
0.2854944,0.9606524
0.2854944,0.9606525
0.2854944,0.9606525
0.2854944,0.9606524
0.2854944,0.9606524
0.2854944,0.9606524
0.2854944,0.9606524
0.2854944,0.9606524
0.2854945,0.9606524
0.2854944,0.9606525
0.1663338,0.5261338
0.1663338,0.5261338
0.1663338,0.5261338
0.1663338,0.5261338
0.1663338,0.5261338
0.1663338,0.5261338
0.1663338,0.5261338
0.1663338,0.5261338
0.1663338,0.5261338
0.1663338,0.5261338
0.1663338,0.5261338
0.1663338,0.5261338
0.1663338,0.5261338
0.1663338,0.5261338
0.1663338,0.5261338
0.1663338,0.5261338
0.1663338,0.5261338
0.1663338,0.5261338
0.1663338,0.5261338
0.1663338,0.5261338
0.1663338,0.5261338
0.1663338,0.5261338
0.1663338,0.5261338
0.1663338,0.5261338
0.1663338,0.5261338
0.1663338,0.5261338
0.1663338,0.5261338
0.1663338,0.5261338
0.1663338,0.5261338
0.1663338,0.5261338
0.1663338,0.5261338
0.1663338,0.5261338
0.1663338,0.5261338
0.1663338,0.5261338
0.1663338,0.5261338
0.1663338,0.5261338
0.1663338,0.5261338
0.1663338,0.5261338
0.1663338,0.5261338
0.1663338,0.5261338
0.1663338,0.5261338
0.1663338,0.5261338
0.1663338,0.5261338
0.1663338,0.5261338
0.1663338,0.5261338
0.1663338,0.5261338
0.1663338,0.5261338
0.1663338,0.5261338
0.1663338,0.5261338
0.1663338,0.5261338
0.1663338,0.5261338
0.1663338,0.5261338
0.1663338,0.5261338
0.1663338,0.5261338
0.1663338,0.5261338
0.1663338,0.5261338
0.1663338,0.5261338
0.1663338,0.5261338
0.1663338,0.5261338
0.1663338,0.5261338
0.1663338,0.5261338
0.1663338,0.5261338
0.1663338,0.5261338
0.1663338,0.5261338
0.1663338,0.5261338
0.1663338,0.5261338
0.1663338,0.5261338
0.1663338,0.5261338
0.1663338,0.5261338
0.1663338,0.5261338
0.1663338,0.5261338
0.1663338,0.5261338
0.1663338,0.5261338
0.1663338,0.5261338
0.1663338,0.5261338
0.1663338,0.5261338
0.1663338,0.5261338
0.1663338,0.5261338
0.1663338,0.5261338
0.1663338,0.5261338
0.1663338,0.5261338
0.1663338,0.5261338
0.1663338,0.5261338
0.1663338,0.5261338
0.1663338,0.5261338
0.1663338,0.5261338
0.1663338,0.5261338
0.1663338,0.5261338
0.1663338,0.5261338
0.1663338,0.5261338
0.1663338,0.5261338
0.1663338,0.5261338
0.1663338,0.5261338
0.1663338,0.5261338
0.1663338,0.5261338
0.1663338,0.5261338
0.1663338,0.5261338
0.1663338,0.5261338
0.1663338,0.5261338
0.1663338,0.5261338
0.1663338,0.5261338
0.1663338,0.5261338
0.1663338,0.5261338
0.1663338,0.5261338
0.1663338,0.5261338
0.1663338,0.5261338
0.1663338,0.5261338
0.1663338,0.5261338
0.1663338,0.5261338
0.1663338,0.5261338
0.1663338,0.5261338
0.1663338,0.5261338
0.1663338,0.5261338
0.1663338,0.5261338
0.1663338,0.5261338
0.1663338,0.5261338
0.1663338,0.5261338
0.1663338,0.5261338
0.1663338,0.5261338
0.1663338,0.5261338
0.1663338,0.5261338
0.1663338,0.5261338
0.1663338,0.5261338
0.1663338,0.5261338
0.1663338,0.5261338
0.1663338,0.5261338
0.1663338,0.5261338
0.1663338,0.5261338
0.1663338,0.5261338
0.1663338,0.5261338
0.1663338,0.5261338
0.1663338,0.5261338
0.1663338,0.5261338
0.1663338,0.5261338
0.1663338,0.5261338
0.1663338,0.5261338
0.1663338,0.5261338
0.1663338,0.5261338
0.1663338,0.5261338
0.1663338,0.5261338
0.1663338,0.5261338
0.1663338,0.5261338
0.1663338,0.5261338
0.1663338,0.5261338
0.1663338,0.5261338
0.1663338,0.5261338
0.1663338,0.5261338
0.1663338,0.5261338
0.1663338,0.5261338
0.1663338,0.5261338
0.1663338,0.5261338
0.1663338,0.5261338
0.1663338,0.5261338
0.1663338,0.5261338
0.1663338,0.5261338
0.1663338,0.5261338
0.1663338,0.5261338
0.1663338,0.5261338
0.1663338,0.5261338
0.1663338,0.5261338
0.1663338,0.5261338
0.1663338,0.5261338
0.1663338,0.5261338
0.1663338,0.5261338
0.1663338,0.5261338
0.1663338,0.5261338
0.1663338,0.5261338
0.1663338,0.5261338
0.1663338,0.5261338
0.1663338,0.5261338
0.1663338,0.5261338
0.1663338,0.5261338
0.1663338,0.5261338
0.1663338,0.5261338
0.1663338,0.5261338
0.1663338,0.5261338
0.1663338,0.5261338
0.1663338,0.5261338
0.1663338,0.5261338
0.1663338,0.5261338
0.1663338,0.5261338
0.1663338,0.5261338
0.1663338,0.5261338
0.1663338,0.5261338
0.1663338,0.5261338
0.1663338,0.5261338
0.1663338,0.5261338
0.1663338,0.5261338
0.1663338,0.5261338
0.1663338,0.5261338
0.1663338,0.5261338
0.1663338,0.5261338
0.1663338,0.5261338
0.1663338,0.5261338
0.1663338,0.5261338
0.1663338,0.5261338
0.1663338,0.5261338
0.1663338,0.5261338
0.1663338,0.5261338
0.1663338,0.5261338
0.1663338,0.5261338
0.1663338,0.5261338
0.1663338,0.5261338
0.1663338,0.5261338
0.1663338,0.5261338
0.1663338,0.5261338
0.1663338,0.5261338
0.1663338,0.5261338
0.1663338,0.5261338
0.1663338,0.5261338
0.2854944,0.9606524
0.2854945,0.9606525
0.2854944,0.9606525
0.2854944,0.9606525
0.2854944,0.9606525
0.2854944,0.9606524
0.2854944,0.9606525
0.2854945,0.9606525
0.2854944,0.9606524
0.2854944,0.9606525
0.2854945,0.9606525
0.2854945,0.9606525
0.2854944,0.9606525
0.2854944,0.9606524
0.2854945,0.9606525
0.2854945,0.9606525
0.2854945,0.9606525
0.2854944,0.9606525
0.2854944,0.9606525
0.2854944,0.9606525
0.2854944,0.9606525
0.2854945,0.9606524
0.2854945,0.9606524
0.2854944,0.9606525
0.2854945,0.9606525
0.2854944,0.9606525
0.2854944,0.9606525
0.2854944,0.9606525
0.2854944,0.9606525
0.2854945,0.9606525
0.2854944,0.9606524
0.1663338,0.5261338
0.1663338,0.5261338
0.1663338,0.5261338
0.1663338,0.5261338
0.1663338,0.5261338
0.1663338,0.5261338
0.1663338,0.5261338
0.1663338,0.5261338
0.1663338,0.5261338
0.1663338,0.5261338
0.1663338,0.5261338
0.1663338,0.5261338
0.1663338,0.5261338
0.1663338,0.5261338
0.1663338,0.5261338
0.1663338,0.5261338
0.1663338,0.5261338
0.1663338,0.5261338
0.1663338,0.5261338
0.1663338,0.5261338
0.1663338,0.5261338
0.1663338,0.5261338
0.1663338,0.5261338
0.1663338,0.5261338
0.1663338,0.5261338
0.1663338,0.5261338
0.1663338,0.5261338
0.1663338,0.5261338
0.1663338,0.5261338
0.1663338,0.5261338
0.2854944,0.9606524
0.2854944,0.9606525
0.2854944,0.9606524
0.2854944,0.9606525
0.2854944,0.9606524
0.2854944,0.9606525
0.2854944,0.9606524
0.2854945,0.9606525
0.2854944,0.9606525
0.2854944,0.9606524
0.2854944,0.9606525
0.2854945,0.9606524
0.2854944,0.9606524
0.2854945,0.9606525
0.2854945,0.9606524
0.2854944,0.9606525
0.2854944,0.9606524
0.2854945,0.9606525
0.2854944,0.9606524
0.2854944,0.9606525
0.2854944,0.9606525
0.2854944,0.9606525
0.2854944,0.9606524
0.2854945,0.9606525
0.2854944,0.9606525
0.2854944,0.9606525
0.2854944,0.9606525
0.2854944,0.9606525
0.2854945,0.9606525
0.2854944,0.9606525
0.2854944,0.9606525
0.2854945,0.9606525
0.2854944,0.9606525
0.2854944,0.9606525
0.2854944,0.9606525
0.2854944,0.9606525
0.2854945,0.9606525
0.2854944,0.9606525
0.2854944,0.9606525
0.2854944,0.9606525
0.2854944,0.9606525
0.2854944,0.9606525
0.2854944,0.9606525
0.2854944,0.9606525
0.2854944,0.9606525
0.2854944,0.9606525
0.2854944,0.9606525
0.2854945,0.9606524
0.2854944,0.9606525
0.2854944,0.9606525
0.2854944,0.9606525
0.2854944,0.9606525
0.2854944,0.9606525
0.2854944,0.9606525
0.2854944,0.9606525
0.2854944,0.9606525
0.2854944,0.9606525
0.2854944,0.9606525
0.2854944,0.9606525
0.2854944,0.9606525
0.2854944,0.9606525
0.2854944,0.9606525
0.2854944,0.9606525
0.2854944,0.9606525
0.2854944,0.9606525
0.2854944,0.9606525
0.2854944,0.9606525
0.2854944,0.9606525
0.2854944,0.9606525
0.2854944,0.9606525
0.2854944,0.9606525
0.2854944,0.9606525
0.1484376,0.5326324
0.1484376,0.5326324
0.1484376,0.5326324
0.1484376,0.5326324
0.1484376,0.5326324
0.1484376,0.5326324
0.1484376,0.5326324
0.1484376,0.5326324
0.1484376,0.5326324
0.1484376,0.5326324
0.1484376,0.5326324
0.1484376,0.5326324
0.1484376,0.5326324
0.1484376,0.5326324
0.1484376,0.5326324
0.1484376,0.5326324
0.1484376,0.5326324
0.1484376,0.5326324
0.1484376,0.5326324
0.1484376,0.5326324
0.1484376,0.5326324
0.1484376,0.5326324
0.1484376,0.5326324
0.1484376,0.5326324
0.1484376,0.5326324
0.1484376,0.5326324
0.1484376,0.5326324
0.1484376,0.5326324
0.1484376,0.5326324
0.1484376,0.5326324
0.1484376,0.5326324
0.1484376,0.5326324
0.1484376,0.5326324
0.1484376,0.5326324
0.1484376,0.5326324
0.1484376,0.5326324
0.1484376,0.5326324
0.1484376,0.5326324
0.1484376,0.5326324
0.1484376,0.5326324
0.1484376,0.5326324
0.1484376,0.5326324
0.1484376,0.5326324
0.1484376,0.5326324
0.1484376,0.5326324
0.1484376,0.5326324
0.1484376,0.5326324
0.1484376,0.5326324
0.1484376,0.5326324
0.1484376,0.5326324
0.1484376,0.5326324
0.1484376,0.5326324
0.1484376,0.5326324
0.1484376,0.5326324
0.1484376,0.5326324
0.1484376,0.5326324
0.1484376,0.5326324
0.1484376,0.5326324
0.1484376,0.5326324
0.1484376,0.5326324
0.1484376,0.5326324
0.1484376,0.5326324
0.1484376,0.5326324
0.1484376,0.5326324
0.1484376,0.5326324
0.1484376,0.5326324
0.1484376,0.5326324
0.1484376,0.5326324
0.1484376,0.5326324
0.1484376,0.5326324
0.1484376,0.5326324
0.1484376,0.5326324
0.1484376,0.5326324
0.1484376,0.5326324
0.1484376,0.5326324
0.1484376,0.5326324
0.1484376,0.5326324
0.1484376,0.5326324
0.1484376,0.5326324
0.1484376,0.5326324
0.1484376,0.5326324
0.1484376,0.5326324
0.1484376,0.5326324
0.1484376,0.5326324
0.1484376,0.5326324
0.1484376,0.5326324
0.1484376,0.5326324
0.1484376,0.5326324
0.1484376,0.5326324
0.1484376,0.5326324
0.1484376,0.5326324
0.1484376,0.5326324
0.1484376,0.5326324
0.1484376,0.5326324
0.1484376,0.5326324
0.1484376,0.5326324
1
1020
0
1
2
2
3
0
2
4
3
4
5
3
5
6
3
5
7
6
5
8
7
8
9
7
9
10
7
9
11
10
12
13
14
14
15
12
14
16
15
16
17
15
16
18
17
18
19
17
19
20
17
19
21
20
21
22
20
21
23
22
24
25
26
24
26
27
28
29
30
28
30
31
32
33
34
32
34
35
36
37
38
38
39
36
39
40
36
41
42
43
41
43
44
45
46
47
45
47
48
49
50
51
51
52
49
51
53
52
54
55
56
54
56
57
58
59
60
58
60
61
62
63
64
62
64
65
66
67
68
68
69
66
69
70
66
71
72
73
71
73
74
75
76
77
75
77
78
79
80
81
81
82
79
81
83
82
84
85
86
84
86
87
88
89
90
88
90
91
92
93
94
92
94
95
96
97
98
98
99
96
99
100
96
101
102
103
101
103
104
105
106
107
105
107
108
109
110
111
111
112
109
111
113
112
114
115
116
114
116
117
118
119
120
118
120
121
122
123
124
122
124
125
126
127
128
128
129
126
128
130
129
131
132
133
131
133
134
135
136
137
135
137
138
139
140
141
141
142
139
142
143
139
144
145
146
144
146
147
148
149
150
148
150
151
152
153
154
152
154
155
156
157
158
158
159
156
159
160
156
161
162
163
161
163
164
165
166
167
165
167
168
169
170
171
171
172
169
171
173
172
174
175
176
174
176
177
178
179
180
178
180
181
182
183
184
182
184
185
186
187
188
188
189
186
188
190
189
191
192
193
191
193
194
195
196
197
195
197
198
199
200
201
201
202
199
202
203
199
204
205
206
204
206
207
208
209
210
208
210
211
212
213
214
212
214
215
216
217
218
218
219
216
218
220
219
221
222
223
221
223
224
225
226
227
225
227
228
229
230
231
231
232
229
232
233
229
234
235
236
234
236
237
237
236
238
237
238
239
239
240
241
239
241
242
243
244
245
243
246
244
247
246
243
247
248
246
249
250
251
249
251
252
252
251
253
252
253
254
254
253
255
254
255
256
256
255
257
256
257
258
258
257
259
258
259
260
260
259
261
260
261
262
262
261
263
262
263
264
265
266
267
265
267
268
269
270
271
269
271
272
273
274
275
273
275
276
277
278
279
279
280
277
279
281
280
282
283
284
282
284
285
286
287
288
286
288
289
290
291
292
292
293
290
293
294
290
295
296
297
295
298
296
297
296
299
300
298
295
297
299
301
300
302
298
301
299
303
304
302
300
301
303
305
304
306
302
305
303
307
308
306
304
305
307
309
308
310
306
309
307
311
312
310
308
309
311
313
312
314
310
313
311
315
316
314
312
313
315
317
316
318
314
317
315
318
317
318
316
319
320
321
322
320
319
319
321
323
322
324
320
323
321
325
326
324
322
323
325
327
326
328
324
327
325
329
330
328
326
327
329
331
330
332
328
331
329
333
334
332
330
331
333
335
334
336
332
335
333
337
338
336
334
335
337
339
338
340
336
339
337
341
342
340
338
339
341
342
342
341
340
343
344
345
346
344
343
343
345
347
346
348
344
347
345
349
350
348
346
347
349
351
350
352
348
351
349
353
354
352
350
351
353
355
354
356
352
355
353
357
358
356
354
355
357
359
358
360
356
359
357
361
362
360
358
359
361
363
362
364
360
363
361
365
366
364
362
363
365
366
366
365
364
367
368
369
370
368
367
367
369
371
370
372
368
371
369
373
374
372
370
371
373
375
374
376
372
375
373
377
378
376
374
375
377
379
378
380
376
379
377
381
382
380
378
379
381
383
382
384
380
383
381
385
386
384
382
383
385
387
386
388
384
387
385
389
390
388
386
387
389
390
390
389
388
391
392
393
391
393
394
395
392
391
394
393
396
395
397
392
394
396
398
399
397
395
398
396
400
399
401
397
398
400
402
403
401
399
402
400
404
403
405
401
402
404
406
407
405
403
406
404
408
407
409
405
406
408
410
411
409
407
410
408
412
411
413
409
410
412
414
414
413
411
414
412
413
415
416
417
415
418
416
417
416
419
420
418
415
417
419
421
420
422
418
421
419
423
424
422
420
421
423
425
424
426
422
425
423
427
428
426
424
425
427
429
428
430
426
429
427
431
432
430
428
429
431
433
432
434
430
433
431
435
436
434
432
433
435
437
436
438
434
437
435
438
437
438
436
439
440
441
439
442
440
443
439
441
442
444
440
443
441
445
442
446
444
447
443
445
446
448
444
447
445
449
446
450
448
451
447
449
450
452
448
451
449
453
450
454
452
455
451
453
454
456
452
455
453
457
454
458
456
459
455
457
458
460
456
459
457
461
458
462
460
462
459
461
462
461
460
