MESH3
Classic Car_9 BR Tire
465
-0.1581181,-0.3164217,-0.1826869
-0.1581181,-0.3653723,-8.570576E-07
-0.1581181,-0.3164217,0.1826852
-0.1581181,-0.1826863,-0.3164224
-0.1581181,-0.1826863,0.3164207
-0.1581182,-2.045134E-07,-0.365373
-0.1581182,-2.156919E-07,0.3653713
-0.1581182,0.1826858,0.3164207
-0.1581182,0.1826858,-0.3164224
-0.1581182,0.3164214,-0.182687
-0.1581182,0.3164214,0.1826853
-0.1581182,0.365372,-9.122272E-07
0.07390356,-0.04474598,0.02583342
0.07390356,-0.05166823,-7.038131E-07
0.07390356,-0.04474599,-0.02583483
0.07390356,-0.02583415,-0.04474671
0.07390356,-0.02583414,0.04474522
0.07390356,-4.813302E-08,-0.05166896
0.07390356,-1.287956E-07,0.05166745
0.07390364,0.02583402,0.04474512
0.07390364,0.02583403,-0.04474672
0.07390356,0.04474593,0.02583324
0.07390356,0.04474592,-0.02583483
0.07390356,0.05166811,-7.116147E-07
0.07662277,0.1993999,-0.02476567
0.1065038,0.1993999,-0.02476567
0.1065038,0.1752055,-0.007187467
0.07662277,0.1752055,-0.007187467
0.07662277,0.1752055,-0.007187467
0.1065038,0.1752055,-0.007187467
0.1065038,0.184447,0.02125476
0.07662277,0.184447,0.02125476
0.07662277,0.184447,0.02125476
0.1065038,0.184447,0.02125476
0.1065038,0.2143528,0.02125476
0.07662277,0.2143528,0.02125476
0.1065038,0.184447,0.02125476
0.1065038,0.1752055,-0.007187467
0.1065038,0.1993999,-0.02476567
0.1065038,0.2143528,0.02125476
0.1065038,0.2235943,-0.007187471
0.07662277,0.2143528,0.02125476
0.1065038,0.2143528,0.02125476
0.1065038,0.2235943,-0.007187471
0.07662277,0.2235942,-0.007187471
0.07662277,0.2235942,-0.007187471
0.1065038,0.2235943,-0.007187471
0.1065038,0.1993999,-0.02476567
0.07662277,0.1993999,-0.02476567
0.07662277,0.1993999,-0.02476567
0.07662277,0.1752055,-0.007187467
0.07662277,0.184447,0.02125476
0.07662277,0.2143528,0.02125476
0.07662277,0.2235942,-0.007187471
0.07662277,0.0247654,0.1993993
0.1065038,0.0247654,0.1993993
0.1065038,0.007187157,0.1752049
0.07662277,0.00718718,0.1752048
0.07662277,0.00718718,0.1752048
0.1065038,0.007187157,0.1752049
0.1065038,-0.021255,0.1844463
0.07662277,-0.021255,0.1844463
0.07662277,-0.021255,0.1844463
0.1065038,-0.021255,0.1844463
0.1065038,-0.021255,0.2143522
0.07662277,-0.021255,0.2143522
0.1065038,-0.021255,0.2143522
0.1065038,-0.021255,0.1844463
0.1065038,0.007187157,0.1752049
0.1065038,0.007187183,0.2235936
0.1065038,0.0247654,0.1993993
0.07662277,-0.021255,0.2143522
0.1065038,-0.021255,0.2143522
0.1065038,0.007187183,0.2235936
0.07662277,0.007187161,0.2235936
0.07662277,0.007187161,0.2235936
0.1065038,0.007187183,0.2235936
0.1065038,0.0247654,0.1993993
0.07662277,0.0247654,0.1993993
0.07662277,0.00718718,0.1752048
0.07662277,-0.021255,0.1844463
0.07662277,-0.021255,0.2143522
0.07662277,0.007187161,0.2235936
0.07662277,0.0247654,0.1993993
0.07662277,-0.1665997,0.1365401
0.1065038,-0.1665997,0.1365401
0.1065038,-0.1530228,0.1631865
0.07662277,-0.1530227,0.1631864
0.07662277,-0.1454531,0.1153934
0.1065038,-0.1454531,0.1153934
0.1065038,-0.1665997,0.1365401
0.07662277,-0.1665997,0.1365401
0.07662277,-0.1188067,0.1289704
0.1065038,-0.1188067,0.1289704
0.1065038,-0.1454531,0.1153934
0.07662277,-0.1454531,0.1153934
0.1065038,-0.1530228,0.1631865
0.1065038,-0.1665997,0.1365401
0.1065038,-0.1454531,0.1153934
0.1065038,-0.123485,0.1585081
0.1065038,-0.1188067,0.1289704
0.07662277,-0.1530227,0.1631864
0.1065038,-0.1530228,0.1631865
0.1065038,-0.123485,0.1585081
0.07662277,-0.123485,0.1585081
0.07662277,-0.123485,0.1585081
0.1065038,-0.123485,0.1585081
0.1065038,-0.1188067,0.1289704
0.07662277,-0.1188067,0.1289704
0.07662277,-0.1454531,0.1153934
0.07662277,-0.1665997,0.1365401
0.07662277,-0.1530227,0.1631864
0.07662277,-0.123485,0.1585081
0.07662277,-0.1188067,0.1289704
0.07662277,-0.2235939,0.007186498
0.1065038,-0.2235939,0.007186498
0.1065038,-0.1993995,0.02476478
0.07662277,-0.1993995,0.02476478
0.07662277,-0.1752051,0.007186494
0.1065038,-0.1752052,0.007186494
0.1065038,-0.1844465,-0.02125564
0.07662277,-0.1844465,-0.02125564
0.07662277,-0.1844465,-0.02125564
0.1065038,-0.1844465,-0.02125564
0.1065038,-0.2143525,-0.02125564
0.07662277,-0.2143525,-0.02125564
0.1065038,-0.1993995,0.02476478
0.1065038,-0.2235939,0.007186498
0.1065038,-0.2143525,-0.02125564
0.1065038,-0.1844465,-0.02125564
0.1065038,-0.1752052,0.007186494
0.07662277,-0.1993995,0.02476478
0.1065038,-0.1993995,0.02476478
0.1065038,-0.1752052,0.007186494
0.07662277,-0.1752051,0.007186494
0.07662277,-0.2143525,-0.02125564
0.1065038,-0.2143525,-0.02125564
0.1065038,-0.2235939,0.007186498
0.07662277,-0.2235939,0.007186498
0.07662277,-0.2143525,-0.02125564
0.07662277,-0.2235939,0.007186498
0.07662277,-0.1993995,0.02476478
0.07662277,-0.1844465,-0.02125564
0.07662277,-0.1752051,0.007186494
0.07662277,-0.1585084,-0.1234857
0.1065038,-0.1585084,-0.1234857
0.1065038,-0.1289707,-0.1188074
0.07662277,-0.1289707,-0.1188074
0.07662277,-0.1153937,-0.1454537
0.1065038,-0.1153937,-0.1454537
0.1065038,-0.1365403,-0.1666004
0.07662277,-0.1365403,-0.1666004
0.07662277,-0.1289707,-0.1188074
0.1065038,-0.1289707,-0.1188074
0.1065038,-0.1153937,-0.1454537
0.07662277,-0.1153937,-0.1454537
0.1065038,-0.1585084,-0.1234857
0.1065038,-0.1631867,-0.1530234
0.1065038,-0.1365403,-0.1666004
0.1065038,-0.1289707,-0.1188074
0.1065038,-0.1153937,-0.1454537
0.07662277,-0.1365403,-0.1666004
0.1065038,-0.1365403,-0.1666004
0.1065038,-0.1631867,-0.1530234
0.07662277,-0.1631867,-0.1530234
0.07662277,-0.1631867,-0.1530234
0.1065038,-0.1631867,-0.1530234
0.1065038,-0.1585084,-0.1234857
0.07662277,-0.1585084,-0.1234857
0.07662277,-0.1365403,-0.1666004
0.07662277,-0.1631867,-0.1530234
0.07662277,-0.1585084,-0.1234857
0.07662277,-0.1289707,-0.1188074
0.07662277,-0.1153937,-0.1454537
0.07662277,0.0212554,-0.2143531
0.1065038,0.0212554,-0.2143531
0.1065038,-0.00718683,-0.2235946
0.07662277,-0.007186785,-0.2235945
0.07662277,-0.007186782,-0.1752058
0.1065038,-0.007186782,-0.1752058
0.1065038,0.02125538,-0.1844472
0.07662277,0.02125538,-0.1844472
0.07662277,0.02125538,-0.1844472
0.1065038,0.02125538,-0.1844472
0.1065038,0.0212554,-0.2143531
0.07662277,0.0212554,-0.2143531
0.1065038,-0.007186782,-0.1752058
0.1065038,-0.02476503,-0.1994002
0.1065038,-0.00718683,-0.2235946
0.1065038,0.0212554,-0.2143531
0.1065038,0.02125538,-0.1844472
0.07662277,-0.007186785,-0.2235945
0.1065038,-0.00718683,-0.2235946
0.1065038,-0.02476503,-0.1994002
0.07662277,-0.02476503,-0.1994002
0.07662277,-0.02476503,-0.1994002
0.1065038,-0.02476503,-0.1994002
0.1065038,-0.007186782,-0.1752058
0.07662277,-0.007186782,-0.1752058
0.07662277,-0.007186785,-0.2235945
0.07662277,-0.02476503,-0.1994002
0.07662277,-0.007186782,-0.1752058
0.07662277,0.0212554,-0.2143531
0.07662277,0.02125538,-0.1844472
0.07662277,0.1530231,-0.1631873
0.1065038,0.1530231,-0.1631873
0.1065038,0.1234854,-0.158509
0.07662277,0.1234854,-0.158509
0.07662277,0.1454534,-0.1153944
0.1065038,0.1454534,-0.1153944
0.1065038,0.1666001,-0.136541
0.07662277,0.1666001,-0.136541
0.07662277,0.1188071,-0.1289713
0.1065038,0.1188071,-0.1289713
0.1065038,0.1454534,-0.1153944
0.07662277,0.1454534,-0.1153944
0.1065038,0.1454534,-0.1153944
0.1065038,0.1188071,-0.1289713
0.1065038,0.1234854,-0.158509
0.1065038,0.1530231,-0.1631873
0.1065038,0.1666001,-0.136541
0.07662277,0.1234854,-0.158509
0.1065038,0.1234854,-0.158509
0.1065038,0.1188071,-0.1289713
0.07662277,0.1188071,-0.1289713
0.07662277,0.1666001,-0.136541
0.1065038,0.1666001,-0.136541
0.1065038,0.1530231,-0.1631873
0.07662277,0.1530231,-0.1631873
0.07662277,0.1234854,-0.158509
0.07662277,0.1188071,-0.1289713
0.07662277,0.1454534,-0.1153944
0.07662277,0.1530231,-0.1631873
0.07662277,0.1666001,-0.136541
0.1126583,0.06901149,0.03984296
0.09156058,0.1212988,-8.938002E-07
0.09156049,0.1050479,0.06064851
0.1126583,0.07968757,-8.021944E-07
0.09156049,0.1050478,-0.06065029
0.1126583,0.06901149,-0.03984456
0.1126583,0.03984376,-0.06901228
0.09156058,0.06064933,-0.1050488
0.09156049,0.1050478,-0.06065029
0.1126583,-7.236449E-08,-0.07968841
0.1126583,-0.03984392,-0.06901228
0.09156058,-0.06064961,-0.1050488
0.09156058,-1.639703E-07,-0.1212998
0.1126583,0.03984376,-0.06901228
0.09156058,0.06064933,-0.1050488
0.1126583,-0.03984392,-0.06901228
0.09156058,-0.105048,-0.06065037
0.09156058,-0.06064961,-0.1050488
0.1126583,-0.0690116,-0.03984464
0.09156058,-0.1212991,-8.754846E-07
0.1126583,-0.07968772,-7.901619E-07
0.09156058,-0.105048,0.0606487
0.1126583,-0.0690116,0.03984315
0.09156058,-0.06064959,0.1050471
0.1126583,-0.03984391,0.06901078
0.09156058,-2.120029E-07,0.121298
0.1126583,-1.487962E-07,0.07968682
0.09156058,0.0606493,0.105047
0.1126583,0.03984375,0.06901069
0.09156049,0.1050479,0.06064851
0.1126583,0.06901149,0.03984296
0.07390356,-0.04474598,0.02583342
0.1126583,-0.03984391,0.06901078
0.1126583,-0.0690116,0.03984315
0.07390356,-0.02583414,0.04474522
0.1126583,-1.487962E-07,0.07968682
0.07390356,-1.287956E-07,0.05166745
0.1126583,0.03984375,0.06901069
0.07390364,0.02583402,0.04474512
0.1126583,0.06901149,0.03984296
0.07390356,0.04474593,0.02583324
0.1126583,0.07968757,-8.021944E-07
0.07390356,0.05166811,-7.116147E-07
0.1126583,0.06901149,-0.03984456
0.07390356,0.04474592,-0.02583483
0.1126583,0.03984376,-0.06901228
0.07390364,0.02583403,-0.04474672
0.1126583,-7.236449E-08,-0.07968841
0.07390356,-4.813302E-08,-0.05166896
0.1126583,-0.03984392,-0.06901228
0.07390356,-0.02583415,-0.04474671
0.1126583,-0.0690116,-0.03984464
0.07390356,-0.04474599,-0.02583483
0.1126583,-0.07968772,-7.901619E-07
0.07390356,-0.05166823,-7.038131E-07
0.1126583,-0.0690116,0.03984315
0.07390356,-0.04474598,0.02583342
0.07662277,0.1585087,0.1234847
0.1065038,0.1585087,0.1234847
0.1065038,0.128971,0.1188065
0.07662277,0.128971,0.1188064
0.07662277,0.128971,0.1188064
0.1065038,0.128971,0.1188065
0.1065038,0.115394,0.1454528
0.07662277,0.115394,0.1454528
0.07662277,0.115394,0.1454528
0.1065038,0.115394,0.1454528
0.1065038,0.1365407,0.1665995
0.07662277,0.1365407,0.1665995
0.1065038,0.1365407,0.1665995
0.1065038,0.115394,0.1454528
0.1065038,0.128971,0.1188065
0.1065038,0.1585087,0.1234847
0.1065038,0.163187,0.1530225
0.07662277,0.1365407,0.1665995
0.1065038,0.1365407,0.1665995
0.1065038,0.163187,0.1530225
0.07662277,0.163187,0.1530224
0.07662277,0.163187,0.1530224
0.1065038,0.163187,0.1530225
0.1065038,0.1585087,0.1234847
0.07662277,0.1585087,0.1234847
0.07662277,0.128971,0.1188064
0.07662277,0.115394,0.1454528
0.07662277,0.1365407,0.1665995
0.07662277,0.1585087,0.1234847
0.07662277,0.163187,0.1530224
0.09156049,0.1050478,-0.06065029
0.09156058,0.06064933,-0.1050488
0.09156058,0.1230962,-0.21321
0.09156049,0.213209,-0.1230971
0.09156058,-1.733995E-07,-0.2461935
0.09156058,0.1212988,-8.938002E-07
0.09156058,-1.639703E-07,-0.1212998
0.09156049,0.2461926,-9.032294E-07
0.09156058,-0.1230965,-0.21321
0.09156049,0.1050479,0.06064851
0.09156058,-0.06064961,-0.1050488
0.09156049,0.213209,0.1230954
0.09156058,-0.2132093,-0.1230973
0.09156058,0.0606493,0.105047
0.09156058,-0.105048,-0.06065037
0.09156058,0.1230962,0.2132082
0.09156058,-0.2461929,-8.660554E-07
0.09156058,-2.120029E-07,0.121298
0.09156058,-0.1212991,-8.754846E-07
0.09156058,-1.141094E-07,0.2461918
0.09156058,-0.2132092,0.1230955
0.09156058,-0.06064959,0.1050471
0.09156058,-0.105048,0.0606487
0.09156058,-0.1230965,0.2132084
0.09156049,0.213209,-0.1230971
0.09156058,0.1230962,-0.21321
0.1529024,0.1364735,-0.23638
0.1529024,0.2363791,-0.1364744
0.1529024,-8.695519E-08,-0.2729481
0.09156049,0.2461926,-9.032294E-07
0.09156058,-1.733995E-07,-0.2461935
0.1529024,0.2729471,-8.167851E-07
0.1529024,-0.1364737,-0.2363801
0.09156049,0.213209,0.1230954
0.09156058,-0.1230965,-0.21321
0.1529024,0.2363791,0.1364727
0.1529024,-0.2363793,-0.1364745
0.09156058,0.1230962,0.2132082
0.09156058,-0.2132093,-0.1230973
0.1529024,0.1364735,0.2363784
0.1529024,-0.2729473,-8.640355E-07
0.09156058,-1.141094E-07,0.2461918
0.09156058,-0.2461929,-8.660554E-07
0.1529024,-8.997343E-08,0.2729463
0.1529024,-0.2363793,0.1364726
0.09156058,-0.1230965,0.2132084
0.09156058,-0.2132092,0.1230955
0.1529024,-0.1364737,0.2363784
0.1529024,0.2363791,-0.1364744
0.1529024,0.1364735,-0.23638
0.1564299,0.1826859,-0.3164224
0.1564299,0.3164214,-0.182687
0.1564299,-1.160491E-07,-0.365373
0.1529024,0.2729471,-8.167851E-07
0.1529024,-8.695519E-08,-0.2729481
0.1564299,0.365372,-9.122272E-07
0.1564299,-0.1826862,-0.3164224
0.1529024,0.2363791,0.1364727
0.1529024,-0.1364737,-0.2363801
0.1564299,0.3164214,0.1826853
0.1564299,-0.3164217,-0.1826869
0.1529024,0.1364735,0.2363784
0.1529024,-0.2363793,-0.1364745
0.1564299,0.182686,0.3164207
0.1564299,-0.3653723,-8.570576E-07
0.1529024,-8.997343E-08,0.2729463
0.1529024,-0.2729473,-8.640355E-07
0.1564299,-1.272277E-07,0.3653713
0.1564299,-0.3164217,0.1826852
0.1529024,-0.1364737,0.2363784
0.1529024,-0.2363793,0.1364726
0.1564299,-0.1826862,0.3164207
0.1308793,0.1959119,-0.3393304
0.1308793,0.3393295,-0.1959129
0.1564299,0.3164214,-0.182687
0.1564299,0.1826859,-0.3164224
0.1564299,0.365372,-9.122272E-07
0.1308793,-1.180462E-07,-0.3918251
0.1308793,0.3918239,-8.2576E-07
0.1564299,-1.160491E-07,-0.365373
0.1564299,0.3164214,0.1826853
0.1308793,-0.1959122,-0.3393304
0.1308793,0.3393295,0.1959111
0.1564299,-0.1826862,-0.3164224
0.1564299,0.182686,0.3164207
0.1308793,-0.3393297,-0.195913
0.1308793,0.1959119,0.3393287
0.1564299,-0.3164217,-0.1826869
0.1564299,-1.272277E-07,0.3653713
0.1308793,-0.3918242,-8.550605E-07
0.1308793,-1.252306E-07,0.3918233
0.1564299,-0.3653723,-8.570576E-07
0.1564299,-0.1826862,0.3164207
0.1308793,-0.3393298,0.1959112
0.1308793,-0.1959122,0.3393287
0.1564299,-0.3164217,0.1826852
-0.1325675,0.3393295,-0.1959129
-0.1325675,0.1959119,-0.3393304
-0.1581182,0.1826858,-0.3164224
-0.1581182,0.3164214,-0.182687
-0.1581182,-2.045134E-07,-0.365373
-0.1325675,0.3918239,-8.2576E-07
-0.1325675,-2.065104E-07,-0.3918251
-0.1581182,0.365372,-9.122272E-07
-0.1581181,-0.1826863,-0.3164224
-0.1325675,0.3393295,0.1959111
-0.1325675,-0.1959123,-0.3393304
-0.1581182,0.3164214,0.1826853
-0.1581181,-0.3164217,-0.1826869
-0.1325675,0.1959119,0.3393287
-0.1325675,-0.3393298,-0.195913
-0.1581182,0.1826858,0.3164207
-0.1581181,-0.3653723,-8.570576E-07
-0.1325675,-2.136948E-07,0.3918233
-0.1325675,-0.3918243,-8.550605E-07
-0.1581182,-2.156919E-07,0.3653713
-0.1581181,-0.3164217,0.1826852
-0.1325675,-0.1959123,0.3393287
-0.1325675,-0.3393298,0.1959112
-0.1581181,-0.1826863,0.3164207
-0.1325675,0.1959119,-0.3393304
0.1308793,0.1959119,-0.3393304
0.1308793,-1.180462E-07,-0.3918251
-0.1325675,-2.065104E-07,-0.3918251
-0.1325675,0.3393295,-0.1959129
0.1308793,-0.1959122,-0.3393304
0.1308793,0.3393295,-0.1959129
-0.1325675,-0.1959123,-0.3393304
-0.1325675,0.3918239,-8.2576E-07
0.1308793,-0.3393297,-0.195913
0.1308793,0.3918239,-8.2576E-07
-0.1325675,-0.3393298,-0.195913
-0.1325675,0.3393295,0.1959111
0.1308793,-0.3918242,-8.550605E-07
0.1308793,0.3393295,0.1959111
-0.1325675,-0.3918243,-8.550605E-07
-0.1325675,0.1959119,0.3393287
0.1308793,-0.3393298,0.1959112
0.1308793,0.1959119,0.3393287
-0.1325675,-0.3393298,0.1959112
-0.1325675,-2.136948E-07,0.3918233
0.1308793,-0.1959122,0.3393287
0.1308793,-1.252306E-07,0.3918233
-0.1325675,-0.1959123,0.3393287
465
0.1484376,0.5326324
0.1484376,0.5326324
0.1484376,0.5326324
0.1484376,0.5326324
0.1484376,0.5326324
0.1484376,0.5326324
0.1484376,0.5326324
0.1484376,0.5326324
0.1484376,0.5326324
0.1484376,0.5326324
0.1484376,0.5326324
0.1484376,0.5326324
0.2854944,0.9606524
0.2854945,0.9606525
0.2854945,0.9606525
0.2854944,0.9606525
0.2854944,0.9606525
0.2854944,0.9606524
0.2854944,0.9606524
0.2854944,0.9606524
0.2854944,0.9606524
0.2854944,0.9606524
0.2854945,0.9606524
0.2854944,0.9606525
0.1663338,0.5261338
0.1663338,0.5261338
0.1663338,0.5261338
0.1663338,0.5261338
0.1663338,0.5261338
0.1663338,0.5261338
0.1663338,0.5261338
0.1663338,0.5261338
0.1663338,0.5261338
0.1663338,0.5261338
0.1663338,0.5261338
0.1663338,0.5261338
0.1663338,0.5261338
0.1663338,0.5261338
0.1663338,0.5261338
0.1663338,0.5261338
0.1663338,0.5261338
0.1663338,0.5261338
0.1663338,0.5261338
0.1663338,0.5261338
0.1663338,0.5261338
0.1663338,0.5261338
0.1663338,0.5261338
0.1663338,0.5261338
0.1663338,0.5261338
0.1663338,0.5261338
0.1663338,0.5261338
0.1663338,0.5261338
0.1663338,0.5261338
0.1663338,0.5261338
0.1663338,0.5261338
0.1663338,0.5261338
0.1663338,0.5261338
0.1663338,0.5261338
0.1663338,0.5261338
0.1663338,0.5261338
0.1663338,0.5261338
0.1663338,0.5261338
0.1663338,0.5261338
0.1663338,0.5261338
0.1663338,0.5261338
0.1663338,0.5261338
0.1663338,0.5261338
0.1663338,0.5261338
0.1663338,0.5261338
0.1663338,0.5261338
0.1663338,0.5261338
0.1663338,0.5261338
0.1663338,0.5261338
0.1663338,0.5261338
0.1663338,0.5261338
0.1663338,0.5261338
0.1663338,0.5261338
0.1663338,0.5261338
0.1663338,0.5261338
0.1663338,0.5261338
0.1663338,0.5261338
0.1663338,0.5261338
0.1663338,0.5261338
0.1663338,0.5261338
0.1663338,0.5261338
0.1663338,0.5261338
0.1663338,0.5261338
0.1663338,0.5261338
0.1663338,0.5261338
0.1663338,0.5261338
0.1663338,0.5261338
0.1663338,0.5261338
0.1663338,0.5261338
0.1663338,0.5261338
0.1663338,0.5261338
0.1663338,0.5261338
0.1663338,0.5261338
0.1663338,0.5261338
0.1663338,0.5261338
0.1663338,0.5261338
0.1663338,0.5261338
0.1663338,0.5261338
0.1663338,0.5261338
0.1663338,0.5261338
0.1663338,0.5261338
0.1663338,0.5261338
0.1663338,0.5261338
0.1663338,0.5261338
0.1663338,0.5261338
0.1663338,0.5261338
0.1663338,0.5261338
0.1663338,0.5261338
0.1663338,0.5261338
0.1663338,0.5261338
0.1663338,0.5261338
0.1663338,0.5261338
0.1663338,0.5261338
0.1663338,0.5261338
0.1663338,0.5261338
0.1663338,0.5261338
0.1663338,0.5261338
0.1663338,0.5261338
0.1663338,0.5261338
0.1663338,0.5261338
0.1663338,0.5261338
0.1663338,0.5261338
0.1663338,0.5261338
0.1663338,0.5261338
0.1663338,0.5261338
0.1663338,0.5261338
0.1663338,0.5261338
0.1663338,0.5261338
0.1663338,0.5261338
0.1663338,0.5261338
0.1663338,0.5261338
0.1663338,0.5261338
0.1663338,0.5261338
0.1663338,0.5261338
0.1663338,0.5261338
0.1663338,0.5261338
0.1663338,0.5261338
0.1663338,0.5261338
0.1663338,0.5261338
0.1663338,0.5261338
0.1663338,0.5261338
0.1663338,0.5261338
0.1663338,0.5261338
0.1663338,0.5261338
0.1663338,0.5261338
0.1663338,0.5261338
0.1663338,0.5261338
0.1663338,0.5261338
0.1663338,0.5261338
0.1663338,0.5261338
0.1663338,0.5261338
0.1663338,0.5261338
0.1663338,0.5261338
0.1663338,0.5261338
0.1663338,0.5261338
0.1663338,0.5261338
0.1663338,0.5261338
0.1663338,0.5261338
0.1663338,0.5261338
0.1663338,0.5261338
0.1663338,0.5261338
0.1663338,0.5261338
0.1663338,0.5261338
0.1663338,0.5261338
0.1663338,0.5261338
0.1663338,0.5261338
0.1663338,0.5261338
0.1663338,0.5261338
0.1663338,0.5261338
0.1663338,0.5261338
0.1663338,0.5261338
0.1663338,0.5261338
0.1663338,0.5261338
0.1663338,0.5261338
0.1663338,0.5261338
0.1663338,0.5261338
0.1663338,0.5261338
0.1663338,0.5261338
0.1663338,0.5261338
0.1663338,0.5261338
0.1663338,0.5261338
0.1663338,0.5261338
0.1663338,0.5261338
0.1663338,0.5261338
0.1663338,0.5261338
0.1663338,0.5261338
0.1663338,0.5261338
0.1663338,0.5261338
0.1663338,0.5261338
0.1663338,0.5261338
0.1663338,0.5261338
0.1663338,0.5261338
0.1663338,0.5261338
0.1663338,0.5261338
0.1663338,0.5261338
0.1663338,0.5261338
0.1663338,0.5261338
0.1663338,0.5261338
0.1663338,0.5261338
0.1663338,0.5261338
0.1663338,0.5261338
0.1663338,0.5261338
0.1663338,0.5261338
0.1663338,0.5261338
0.1663338,0.5261338
0.1663338,0.5261338
0.1663338,0.5261338
0.1663338,0.5261338
0.1663338,0.5261338
0.1663338,0.5261338
0.1663338,0.5261338
0.1663338,0.5261338
0.1663338,0.5261338
0.1663338,0.5261338
0.1663338,0.5261338
0.1663338,0.5261338
0.1663338,0.5261338
0.1663338,0.5261338
0.1663338,0.5261338
0.1663338,0.5261338
0.1663338,0.5261338
0.1663338,0.5261338
0.1663338,0.5261338
0.1663338,0.5261338
0.1663338,0.5261338
0.1663338,0.5261338
0.1663338,0.5261338
0.1663338,0.5261338
0.1663338,0.5261338
0.1663338,0.5261338
0.2854944,0.9606524
0.2854944,0.9606525
0.2854945,0.9606525
0.2854944,0.9606525
0.2854944,0.9606525
0.2854944,0.9606524
0.2854944,0.9606524
0.2854945,0.9606525
0.2854944,0.9606525
0.2854944,0.9606525
0.2854945,0.9606525
0.2854945,0.9606525
0.2854944,0.9606525
0.2854944,0.9606524
0.2854945,0.9606525
0.2854945,0.9606525
0.2854944,0.9606525
0.2854945,0.9606525
0.2854944,0.9606525
0.2854944,0.9606525
0.2854944,0.9606525
0.2854945,0.9606524
0.2854945,0.9606524
0.2854944,0.9606525
0.2854945,0.9606525
0.2854944,0.9606525
0.2854944,0.9606525
0.2854944,0.9606525
0.2854944,0.9606525
0.2854945,0.9606525
0.2854944,0.9606524
0.2854944,0.9606524
0.2854945,0.9606525
0.2854945,0.9606524
0.2854944,0.9606525
0.2854944,0.9606525
0.2854944,0.9606524
0.2854944,0.9606525
0.2854944,0.9606524
0.2854944,0.9606524
0.2854944,0.9606524
0.2854944,0.9606525
0.2854944,0.9606525
0.2854944,0.9606524
0.2854945,0.9606524
0.2854944,0.9606524
0.2854944,0.9606524
0.2854944,0.9606525
0.2854944,0.9606524
0.2854945,0.9606525
0.2854944,0.9606525
0.2854944,0.9606525
0.2854945,0.9606525
0.2854944,0.9606525
0.2854945,0.9606525
0.2854945,0.9606524
0.2854944,0.9606524
0.1663338,0.5261338
0.1663338,0.5261338
0.1663338,0.5261338
0.1663338,0.5261338
0.1663338,0.5261338
0.1663338,0.5261338
0.1663338,0.5261338
0.1663338,0.5261338
0.1663338,0.5261338
0.1663338,0.5261338
0.1663338,0.5261338
0.1663338,0.5261338
0.1663338,0.5261338
0.1663338,0.5261338
0.1663338,0.5261338
0.1663338,0.5261338
0.1663338,0.5261338
0.1663338,0.5261338
0.1663338,0.5261338
0.1663338,0.5261338
0.1663338,0.5261338
0.1663338,0.5261338
0.1663338,0.5261338
0.1663338,0.5261338
0.1663338,0.5261338
0.1663338,0.5261338
0.1663338,0.5261338
0.1663338,0.5261338
0.1663338,0.5261338
0.1663338,0.5261338
0.2854944,0.9606525
0.2854945,0.9606525
0.2854944,0.9606525
0.2854944,0.9606525
0.2854944,0.9606525
0.2854944,0.9606525
0.2854944,0.9606525
0.2854944,0.9606525
0.2854944,0.9606525
0.2854945,0.9606525
0.2854945,0.9606525
0.2854944,0.9606525
0.2854944,0.9606525
0.2854944,0.9606525
0.2854944,0.9606525
0.2854944,0.9606525
0.2854944,0.9606525
0.2854944,0.9606525
0.2854944,0.9606525
0.2854944,0.9606525
0.2854944,0.9606525
0.2854944,0.9606525
0.2854945,0.9606524
0.2854944,0.9606525
0.2854944,0.9606525
0.2854944,0.9606525
0.2854944,0.9606525
0.2854944,0.9606525
0.2854944,0.9606525
0.2854944,0.9606525
0.2854944,0.9606525
0.2854944,0.9606525
0.2854944,0.9606525
0.2854944,0.9606525
0.2854944,0.9606525
0.2854944,0.9606525
0.2854944,0.9606525
0.2854944,0.9606525
0.2854944,0.9606525
0.2854944,0.9606525
0.2854944,0.9606525
0.2854944,0.9606525
0.2854944,0.9606525
0.2854944,0.9606525
0.2854944,0.9606525
0.2854944,0.9606525
0.2854944,0.9606525
0.2854944,0.9606525
0.1484376,0.5326324
0.1484376,0.5326324
0.1484376,0.5326324
0.1484376,0.5326324
0.1484376,0.5326324
0.1484376,0.5326324
0.1484376,0.5326324
0.1484376,0.5326324
0.1484376,0.5326324
0.1484376,0.5326324
0.1484376,0.5326324
0.1484376,0.5326324
0.1484376,0.5326324
0.1484376,0.5326324
0.1484376,0.5326324
0.1484376,0.5326324
0.1484376,0.5326324
0.1484376,0.5326324
0.1484376,0.5326324
0.1484376,0.5326324
0.1484376,0.5326324
0.1484376,0.5326324
0.1484376,0.5326324
0.1484376,0.5326324
0.1484376,0.5326324
0.1484376,0.5326324
0.1484376,0.5326324
0.1484376,0.5326324
0.1484376,0.5326324
0.1484376,0.5326324
0.1484376,0.5326324
0.1484376,0.5326324
0.1484376,0.5326324
0.1484376,0.5326324
0.1484376,0.5326324
0.1484376,0.5326324
0.1484376,0.5326324
0.1484376,0.5326324
0.1484376,0.5326324
0.1484376,0.5326324
0.1484376,0.5326324
0.1484376,0.5326324
0.1484376,0.5326324
0.1484376,0.5326324
0.1484376,0.5326324
0.1484376,0.5326324
0.1484376,0.5326324
0.1484376,0.5326324
0.1484376,0.5326324
0.1484376,0.5326324
0.1484376,0.5326324
0.1484376,0.5326324
0.1484376,0.5326324
0.1484376,0.5326324
0.1484376,0.5326324
0.1484376,0.5326324
0.1484376,0.5326324
0.1484376,0.5326324
0.1484376,0.5326324
0.1484376,0.5326324
0.1484376,0.5326324
0.1484376,0.5326324
0.1484376,0.5326324
0.1484376,0.5326324
0.1484376,0.5326324
0.1484376,0.5326324
0.1484376,0.5326324
0.1484376,0.5326324
0.1484376,0.5326324
0.1484376,0.5326324
0.1484376,0.5326324
0.1484376,0.5326324
0.1484376,0.5326324
0.1484376,0.5326324
0.1484376,0.5326324
0.1484376,0.5326324
0.1484376,0.5326324
0.1484376,0.5326324
0.1484376,0.5326324
0.1484376,0.5326324
0.1484376,0.5326324
0.1484376,0.5326324
0.1484376,0.5326324
0.1484376,0.5326324
0.1484376,0.5326324
0.1484376,0.5326324
0.1484376,0.5326324
0.1484376,0.5326324
0.1484376,0.5326324
0.1484376,0.5326324
0.1484376,0.5326324
0.1484376,0.5326324
0.1484376,0.5326324
0.1484376,0.5326324
0.1484376,0.5326324
0.1484376,0.5326324
1
1020
0
1
2
2
3
0
2
4
3
4
5
3
4
6
5
6
7
5
7
8
5
7
9
8
7
10
9
10
11
9
12
13
14
14
15
12
15
16
12
15
17
16
17
18
16
17
19
18
17
20
19
20
21
19
20
22
21
22
23
21
24
25
26
24
26
27
28
29
30
28
30
31
32
33
34
32
34
35
36
37
38
38
39
36
38
40
39
41
42
43
41
43
44
45
46
47
45
47
48
49
50
51
51
52
49
52
53
49
54
55
56
54
56
57
58
59
60
58
60
61
62
63
64
62
64
65
66
67
68
68
69
66
68
70
69
71
72
73
71
73
74
75
76
77
75
77
78
79
80
81
81
82
79
82
83
79
84
85
86
84
86
87
88
89
90
88
90
91
92
93
94
92
94
95
96
97
98
98
99
96
98
100
99
101
102
103
101
103
104
105
106
107
105
107
108
109
110
111
111
112
109
112
113
109
114
115
116
114
116
117
118
119
120
118
120
121
122
123
124
122
124
125
126
127
128
128
129
126
129
130
126
131
132
133
131
133
134
135
136
137
135
137
138
139
140
141
141
142
139
141
143
142
144
145
146
144
146
147
148
149
150
148
150
151
152
153
154
152
154
155
156
157
158
158
159
156
158
160
159
161
162
163
161
163
164
165
166
167
165
167
168
169
170
171
171
172
169
172
173
169
174
175
176
174
176
177
178
179
180
178
180
181
182
183
184
182
184
185
186
187
188
188
189
186
189
190
186
191
192
193
191
193
194
195
196
197
195
197
198
199
200
201
201
202
199
201
203
202
204
205
206
204
206
207
208
209
210
208
210
211
212
213
214
212
214
215
216
217
218
218
219
216
219
220
216
221
222
223
221
223
224
225
226
227
225
227
228
229
230
231
231
232
229
231
233
232
234
235
236
234
237
235
237
238
235
237
239
238
239
240
241
239
241
242
243
244
245
243
245
246
247
243
246
247
246
248
249
250
251
249
252
250
252
253
250
252
254
253
254
255
253
254
256
255
256
257
255
256
258
257
258
259
257
258
260
259
260
261
259
260
262
261
262
263
261
262
264
263
265
266
267
265
268
266
268
269
266
268
270
269
270
271
269
270
272
271
272
273
271
272
274
273
274
275
273
274
276
275
276
277
275
276
278
277
278
279
277
278
280
279
280
281
279
280
282
281
282
283
281
282
284
283
284
285
283
284
286
285
286
287
285
286
288
287
288
289
287
288
290
289
291
292
293
291
293
294
295
296
297
295
297
298
299
300
301
299
301
302
303
304
305
305
306
303
306
307
303
308
309
310
308
310
311
312
313
314
312
314
315
316
317
318
318
319
316
318
320
319
321
322
323
321
323
324
322
325
323
326
321
324
322
327
325
326
324
328
327
329
325
330
326
328
327
331
329
330
328
332
331
333
329
334
330
332
331
335
333
334
332
336
335
337
333
338
334
336
335
339
337
338
336
340
339
341
337
342
338
340
339
343
341
342
340
344
343
342
344
343
344
341
345
346
347
345
347
348
346
349
347
350
345
348
346
351
349
350
348
352
351
353
349
354
350
352
351
355
353
354
352
356
355
357
353
358
354
356
355
359
357
358
356
360
359
361
357
362
358
360
359
363
361
362
360
364
363
365
361
366
362
364
363
367
365
366
364
368
367
366
368
367
368
365
369
370
371
369
371
372
370
373
371
374
369
372
370
375
373
374
372
376
375
377
373
378
374
376
375
379
377
378
376
380
379
381
377
382
378
380
379
383
381
382
380
384
383
385
381
386
382
384
383
387
385
386
384
388
387
389
385
390
386
388
387
391
389
390
388
392
391
390
392
391
392
389
393
394
395
393
395
396
394
397
395
398
393
396
394
399
397
398
396
400
399
401
397
402
398
400
399
403
401
402
400
404
403
405
401
406
402
404
403
407
405
406
404
408
407
409
405
410
406
408
407
411
409
410
408
412
411
413
409
414
410
412
411
415
413
414
412
416
415
414
416
415
416
413
417
418
419
417
419
420
418
421
419
422
417
420
418
423
421
422
420
424
423
425
421
426
422
424
423
427
425
426
424
428
427
429
425
430
426
428
427
431
429
430
428
432
431
433
429
434
430
432
431
435
433
434
432
436
435
437
433
438
434
436
435
439
437
438
436
440
439
438
440
439
440
437
441
442
443
441
443
444
445
442
441
444
443
446
445
447
442
444
446
448
449
447
445
448
446
450
449
451
447
448
450
452
453
451
449
452
450
454
453
455
451
452
454
456
457
455
453
456
454
458
457
459
455
456
458
460
461
459
457
460
458
462
461
463
459
460
462
464
464
463
461
464
462
463
