MESHES1
4
MESH_BEGIN
FencePrefab_RuntimeTemporary_Cube.000
MESH3
Cube.000
47
1,0.6803942,0.851657748
1,1,-1
1,1,1
1,0.680394232,-1.14834225
1,-0.0973599851,0.4738661
1,-0.0973599851,-1.52613389
1,-1,1
1,-1,-1
1,1,1
1,1,-1
-1,1,-1
-1,1,1
-1,-0.0973599851,0.4738661
-1,-1,-1
-1,-1,1
-1,-0.0973599851,-1.52613389
-1,0.680394232,0.851657748
-1,0.6803942,-1.14834225
-1,1,1
-1,1,-1
-1,-1,1
-1,-1,-1
1,-1,-1
1,-1,1
1,0.680394232,-1.14834225
-1,1,-1
1,1,-1
-1,0.6803942,-1.14834225
1,-0.0973599851,-1.52613389
-1,-0.0973599851,-1.52613389
1,0.680394232,-1.14834225
-1,0.680394232,0.851657748
1,0.6803942,0.851657748
1,1,1
-1,1,1
-1,-1,1
1,-1,1
1,-0.0973599851,0.4738661
-1,-0.0973599851,0.4738661
1,-1,-1
-1,-1,-1
-1,-0.0973599851,-1.52613389
1,-0.0973599851,-1.52613389
-1,-0.0973599851,0.4738661
1,-0.0973599851,0.4738661
1,0.6803942,0.851657748
-1,0.680394232,0.851657748
47
1.62523782,0.0148609877
1.01461625,0.120257556
1.67415667,0.120257556
0.965697348,0.0148610771
1.50065351,-0.241619155
0.841112852,-0.241619229
1.67415667,-0.539283
1.01461637,-0.539283037
0.576100945,1.109344
0.8404791,-0.233633518
0.156676441,0.409871966
0.186879784,0.5726899
1.13877654,0.780431747
0.841112852,0.294394761
0.841112852,0.9539352
1.13877654,0.120891452
1.39525688,0.905016363
1.39525688,0.245475978
1.50065351,0.9539352
1.50065327,0.294394821
-0.06746349,0.5709077
-0.103593931,0.379570782
-0.6741502,-0.160501882
-0.6741568,1.22687066
0.6698203,-0.3724606
0.156676441,0.409871966
0.8404791,-0.233633518
0.11647436,0.378136456
-0.005179733,-0.539283037
0.01214999,0.328159124
0.6698203,-0.3724606
0.1480327,0.5776296
0.404126436,1.21158552
0.576100945,1.109344
0.186879784,0.5726899
-0.06746349,0.5709077
-0.6741568,1.22687066
-0.0556984842,1.339314
0.0220395327,0.552318335
-0.6741502,-0.160501882
-0.103593931,0.379570782
0.01214999,0.328159124
-0.005179733,-0.539283037
0.0220395327,0.552318335
-0.0556984842,1.339314
0.404126436,1.21158552
0.1480327,0.5776296
1
84
0
1
2
0
3
1
4
3
0
4
5
3
6
5
4
6
7
5
8
9
10
8
10
11
12
13
14
12
15
13
16
15
12
16
17
15
18
17
16
18
19
17
20
21
22
20
22
23
24
25
26
24
27
25
28
29
27
28
27
30
31
32
33
31
33
34
35
36
37
35
37
38
39
40
41
39
41
42
43
44
45
43
45
46

MESH_END
MESH_BEGIN
FencePrefab_RuntimeTemporary_Cube.001
MESH3
Cube.001
47
1,0.6803942,0.851657748
1,1,-1
1,1,1
1,0.680394232,-1.14834225
1,-0.0973599851,0.4738661
1,-0.0973599851,-1.52613389
1,-1,1
1,-1,-1
1,1,1
1,1,-1
-1,1,-1
-1,1,1
-1,-0.0973599851,0.4738661
-1,-1,-1
-1,-1,1
-1,-0.0973599851,-1.52613389
-1,0.680394232,0.851657748
-1,0.6803942,-1.14834225
-1,1,1
-1,1,-1
-1,-1,1
-1,-1,-1
1,-1,-1
1,-1,1
1,0.680394232,-1.14834225
-1,1,-1
1,1,-1
-1,0.6803942,-1.14834225
1,-0.0973599851,-1.52613389
-1,-0.0973599851,-1.52613389
1,0.680394232,-1.14834225
-1,0.680394232,0.851657748
1,0.6803942,0.851657748
1,1,1
-1,1,1
-1,-1,1
1,-1,1
1,-0.0973599851,0.4738661
-1,-0.0973599851,0.4738661
1,-1,-1
-1,-1,-1
-1,-0.0973599851,-1.52613389
1,-0.0973599851,-1.52613389
-1,-0.0973599851,0.4738661
1,-0.0973599851,0.4738661
1,0.6803942,0.851657748
-1,0.680394232,0.851657748
47
1.62523782,0.0148609877
1.01461625,0.120257556
1.67415667,0.120257556
0.965697348,0.0148610771
1.50065351,-0.241619155
0.841112852,-0.241619229
1.67415667,-0.539283
1.01461637,-0.539283037
0.576100945,1.109344
0.8404791,-0.233633518
0.156676441,0.409871966
0.186879784,0.5726899
1.13877654,0.780431747
0.841112852,0.294394761
0.841112852,0.9539352
1.13877654,0.120891452
1.39525688,0.905016363
1.39525688,0.245475978
1.50065351,0.9539352
1.50065327,0.294394821
-0.06746349,0.5709077
-0.103593931,0.379570782
-0.6741502,-0.160501882
-0.6741568,1.22687066
0.6698203,-0.3724606
0.156676441,0.409871966
0.8404791,-0.233633518
0.11647436,0.378136456
-0.005179733,-0.539283037
0.01214999,0.328159124
0.6698203,-0.3724606
0.1480327,0.5776296
0.404126436,1.21158552
0.576100945,1.109344
0.186879784,0.5726899
-0.06746349,0.5709077
-0.6741568,1.22687066
-0.0556984842,1.339314
0.0220395327,0.552318335
-0.6741502,-0.160501882
-0.103593931,0.379570782
0.01214999,0.328159124
-0.005179733,-0.539283037
0.0220395327,0.552318335
-0.0556984842,1.339314
0.404126436,1.21158552
0.1480327,0.5776296
1
84
0
1
2
0
3
1
4
3
0
4
5
3
6
5
4
6
7
5
8
9
10
8
10
11
12
13
14
12
15
13
16
15
12
16
17
15
18
17
16
18
19
17
20
21
22
20
22
23
24
25
26
24
27
25
28
29
27
28
27
30
31
32
33
31
33
34
35
36
37
35
37
38
39
40
41
39
41
42
43
44
45
43
45
46

MESH_END
MESH_BEGIN
FencePrefab_RuntimeTemporary_Cylinder.000
MESH3
Cylinder.000
78
-0.587785244,0.641298831,0.5008464
-0.95105654,0.309016973,1
-0.587785244,0.809017,1
-0.95105654,0.1412988,0.5008464
-0.9510565,-0.309017032,1
-0.185852975,0.848617435,-0.2843911
-0.9510565,-0.4767352,0.5008464
-0.549124241,0.348617435,-0.2843911
-0.587785244,0.809017,-1
-0.95105654,0.309016973,-1
-0.549124241,-0.269416571,-0.2843911
-0.9510565,-0.309017032,-1
-0.5877852,-0.976735234,0.5008464
-0.185852915,-0.76941663,-0.2843911
-0.9510565,-0.4767352,0.5008464
-0.5877852,-0.809017062,1
-0.9510565,-0.309017032,1
-0.5877852,-0.976735234,0.5008464
8.742278E-08,-1,1
8.742278E-08,-1.16771817,0.5008464
0.587785363,-0.809016943,1
0.587785363,-0.9767351,0.5008464
-0.185852915,-0.76941663,-0.2843911
0.401932329,-0.9603995,-0.2843911
0.9897177,-0.7694165,-0.2843911
8.742278E-08,-1,-1
0.587785363,-0.809016943,-1
-0.5877852,-0.809017062,-1
-0.9510565,-0.309017032,-1
-0.549124241,-0.269416571,-0.2843911
0.587785363,-0.9767351,0.5008464
0.7726373,-0.3090171,1
0.587785363,-0.809016943,1
0.7726373,-0.476735264,0.5008464
0.9897177,-0.7694165,-0.2843911
0.7726373,0.309017122,1
1.17456961,-0.26941663,-0.2843911
0.587785363,-0.809016943,-1
0.7726373,-0.3090171,-1
0.7726373,0.14129895,0.5008464
0.587784946,0.809017241,1
0.587784946,0.641299069,0.5008464
1.17456961,0.3486176,-0.2843911
0.7726373,0.309017122,-1
0.989717245,0.8486177,-0.2843911
0.587784946,0.809017241,-1
0.587784946,0.641299069,0.5008464
0,1,1
0.587784946,0.809017241,1
0,0.8322818,0.5008464
-0.587785244,0.809017,1
0.989717245,0.8486177,-0.2843911
-0.587785244,0.641298831,0.5008464
0.401932269,1.03960049,-0.2843911
0.587784946,0.809017241,-1
-0.185852975,0.848617435,-0.2843911
0,1,-1
-0.587785244,0.809017,-1
-0.587785244,0.809017,1
-0.95105654,0.309016973,1
-0.9510565,-0.309017032,1
-0.5877852,-0.809017062,1
0,1,1
8.742278E-08,-1,1
0.587784946,0.809017241,1
0.587785363,-0.809016943,1
0.7726373,0.309017122,1
0.7726373,-0.3090171,1
-0.9510565,-0.309017032,-1
-0.95105654,0.309016973,-1
-0.587785244,0.809017,-1
-0.5877852,-0.809017062,-1
0,1,-1
8.742278E-08,-1,-1
0.587784946,0.809017241,-1
0.587785363,-0.809016943,-1
0.7726373,0.309017122,-1
0.7726373,-0.3090171,-1
78
0.5119433,0.3507412
0.56062,0.283014536
0.486377656,0.283014536
0.586185634,0.350741148
0.652381241,0.282260776
0.482200146,0.4571845
0.677946866,0.3499874
0.5564425,0.4571845
0.489038348,0.55520004
0.5632807,0.55520004
0.648203731,0.456430674
0.6550419,0.5544463
0.7521773,0.348767817
0.722434163,0.4552111
0.194711283,0.08028486
0.261255324,0.0220202226
0.187015966,0.009028466
0.268950641,0.09327665
0.3530202,0.0220202226
0.360715568,0.09327662
0.427259564,0.009028437
0.434954941,0.08028486
0.3161959,0.18490532
0.407960832,0.18490532
0.482200146,0.171913534
0.353020251,0.28467226
0.427259624,0.271680474
0.261255324,0.28467226
0.187016,0.271680534
0.241956547,0.171913564
0.7558434,0.214442223
0.6550085,0.280762434
0.73072505,0.282260776
0.680126846,0.212943882
0.722031534,0.104496449
0.5634011,0.280762434
0.6463149,0.102998108
0.7317608,0.0105267782
0.656044245,0.009028437
0.5885194,0.212943882
0.490893781,0.282260776
0.5160121,0.214442253
0.5547075,0.102998137
0.5644368,0.009028437
0.482200146,0.104496479
0.491929471,0.010526808
0.69854176,0.678947866
0.8418279,0.5762932
0.709628,0.5762932
0.8307417,0.678947866
0.94878006,0.5950095
0.630478442,0.8109517
0.937693834,0.6976643
0.7626785,0.81095165
0.709628,0.9546798
0.8696306,0.8296681
0.8418279,0.9546798
0.94878006,0.973396242
0.234593391,0.5850093
0.151747748,0.689536631
0.151747763,0.8187395
0.234593436,0.9232668
0.368640453,0.545083463
0.3686405,0.9631926
0.502687454,0.5850093
0.5026876,0.923266649
0.5448439,0.689536631
0.5448439,0.8187395
0.174531147,0.6941333
0.174531147,0.805310845
0.245818883,0.8952553
0.245818883,0.6041888
0.361164838,0.9296111
0.361164838,0.5698329
0.476510823,0.8952553
0.476510823,0.6041888
0.512785852,0.805310845
0.512785852,0.6941332
2
180
0
1
2
0
3
1
3
4
1
5
3
0
3
6
4
5
7
3
7
6
3
8
7
5
8
9
7
7
10
6
9
10
7
9
11
10
10
12
6
10
13
12
14
15
16
14
17
15
17
18
15
17
19
18
19
20
18
19
21
20
22
19
17
23
21
19
22
23
19
23
24
21
25
24
23
25
26
24
27
25
23
27
23
22
28
27
22
28
22
29
30
31
32
30
33
31
34
33
30
33
35
31
34
36
33
37
36
34
37
38
36
33
39
35
36
39
33
39
40
35
39
41
40
38
42
36
36
42
39
42
41
39
38
43
42
42
44
41
43
44
42
43
45
44
46
47
48
46
49
47
49
50
47
51
49
46
49
52
50
51
53
49
53
52
49
54
53
51
53
55
52
54
56
53
56
55
53
56
57
55
48
58
59
60
60
61
58
61
62
58
61
63
62
63
64
62
63
65
64
65
66
64
65
67
66
68
69
70
70
71
68
70
72
71
72
73
71
72
74
73
74
75
73
74
76
75
76
77
75

MESH_END
MESH_BEGIN
FencePrefab_RuntimeTemporary_Cylinder.001
MESH3
Cylinder.001
78
-0.587785244,0.641298831,0.5008464
-0.95105654,0.309016973,1
-0.587785244,0.809017,1
-0.95105654,0.1412988,0.5008464
-0.9510565,-0.309017032,1
-0.185852975,0.848617435,-0.2843911
-0.9510565,-0.4767352,0.5008464
-0.549124241,0.348617435,-0.2843911
-0.587785244,0.809017,-1
-0.95105654,0.309016973,-1
-0.549124241,-0.269416571,-0.2843911
-0.9510565,-0.309017032,-1
-0.5877852,-0.976735234,0.5008464
-0.185852915,-0.76941663,-0.2843911
-0.9510565,-0.4767352,0.5008464
-0.5877852,-0.809017062,1
-0.9510565,-0.309017032,1
-0.5877852,-0.976735234,0.5008464
8.742278E-08,-1,1
8.742278E-08,-1.16771817,0.5008464
0.587785363,-0.809016943,1
0.587785363,-0.9767351,0.5008464
-0.185852915,-0.76941663,-0.2843911
0.401932329,-0.9603995,-0.2843911
0.9897177,-0.7694165,-0.2843911
8.742278E-08,-1,-1
0.587785363,-0.809016943,-1
-0.5877852,-0.809017062,-1
-0.9510565,-0.309017032,-1
-0.549124241,-0.269416571,-0.2843911
0.587785363,-0.9767351,0.5008464
0.7726373,-0.3090171,1
0.587785363,-0.809016943,1
0.7726373,-0.476735264,0.5008464
0.9897177,-0.7694165,-0.2843911
0.7726373,0.309017122,1
1.17456961,-0.26941663,-0.2843911
0.587785363,-0.809016943,-1
0.7726373,-0.3090171,-1
0.7726373,0.14129895,0.5008464
0.587784946,0.809017241,1
0.587784946,0.641299069,0.5008464
1.17456961,0.3486176,-0.2843911
0.7726373,0.309017122,-1
0.989717245,0.8486177,-0.2843911
0.587784946,0.809017241,-1
0.587784946,0.641299069,0.5008464
0,1,1
0.587784946,0.809017241,1
0,0.8322818,0.5008464
-0.587785244,0.809017,1
0.989717245,0.8486177,-0.2843911
-0.587785244,0.641298831,0.5008464
0.401932269,1.03960049,-0.2843911
0.587784946,0.809017241,-1
-0.185852975,0.848617435,-0.2843911
0,1,-1
-0.587785244,0.809017,-1
-0.587785244,0.809017,1
-0.95105654,0.309016973,1
-0.9510565,-0.309017032,1
-0.5877852,-0.809017062,1
0,1,1
8.742278E-08,-1,1
0.587784946,0.809017241,1
0.587785363,-0.809016943,1
0.7726373,0.309017122,1
0.7726373,-0.3090171,1
-0.9510565,-0.309017032,-1
-0.95105654,0.309016973,-1
-0.587785244,0.809017,-1
-0.5877852,-0.809017062,-1
0,1,-1
8.742278E-08,-1,-1
0.587784946,0.809017241,-1
0.587785363,-0.809016943,-1
0.7726373,0.309017122,-1
0.7726373,-0.3090171,-1
78
0.5119433,0.3507412
0.56062,0.283014536
0.486377656,0.283014536
0.586185634,0.350741148
0.652381241,0.282260776
0.482200146,0.4571845
0.677946866,0.3499874
0.5564425,0.4571845
0.489038348,0.55520004
0.5632807,0.55520004
0.648203731,0.456430674
0.6550419,0.5544463
0.7521773,0.348767817
0.722434163,0.4552111
0.194711283,0.08028486
0.261255324,0.0220202226
0.187015966,0.009028466
0.268950641,0.09327665
0.3530202,0.0220202226
0.360715568,0.09327662
0.427259564,0.009028437
0.434954941,0.08028486
0.3161959,0.18490532
0.407960832,0.18490532
0.482200146,0.171913534
0.353020251,0.28467226
0.427259624,0.271680474
0.261255324,0.28467226
0.187016,0.271680534
0.241956547,0.171913564
0.7558434,0.214442223
0.6550085,0.280762434
0.73072505,0.282260776
0.680126846,0.212943882
0.722031534,0.104496449
0.5634011,0.280762434
0.6463149,0.102998108
0.7317608,0.0105267782
0.656044245,0.009028437
0.5885194,0.212943882
0.490893781,0.282260776
0.5160121,0.214442253
0.5547075,0.102998137
0.5644368,0.009028437
0.482200146,0.104496479
0.491929471,0.010526808
0.69854176,0.678947866
0.8418279,0.5762932
0.709628,0.5762932
0.8307417,0.678947866
0.94878006,0.5950095
0.630478442,0.8109517
0.937693834,0.6976643
0.7626785,0.81095165
0.709628,0.9546798
0.8696306,0.8296681
0.8418279,0.9546798
0.94878006,0.973396242
0.234593391,0.5850093
0.151747748,0.689536631
0.151747763,0.8187395
0.234593436,0.9232668
0.368640453,0.545083463
0.3686405,0.9631926
0.502687454,0.5850093
0.5026876,0.923266649
0.5448439,0.689536631
0.5448439,0.8187395
0.174531147,0.6941333
0.174531147,0.805310845
0.245818883,0.8952553
0.245818883,0.6041888
0.361164838,0.9296111
0.361164838,0.5698329
0.476510823,0.8952553
0.476510823,0.6041888
0.512785852,0.805310845
0.512785852,0.6941332
2
180
0
1
2
0
3
1
3
4
1
5
3
0
3
6
4
5
7
3
7
6
3
8
7
5
8
9
7
7
10
6
9
10
7
9
11
10
10
12
6
10
13
12
14
15
16
14
17
15
17
18
15
17
19
18
19
20
18
19
21
20
22
19
17
23
21
19
22
23
19
23
24
21
25
24
23
25
26
24
27
25
23
27
23
22
28
27
22
28
22
29
30
31
32
30
33
31
34
33
30
33
35
31
34
36
33
37
36
34
37
38
36
33
39
35
36
39
33
39
40
35
39
41
40
38
42
36
36
42
39
42
41
39
38
43
42
42
44
41
43
44
42
43
45
44
46
47
48
46
49
47
49
50
47
51
49
46
49
52
50
51
53
49
53
52
49
54
53
51
53
55
52
54
56
53
56
55
53
56
57
55
48
58
59
60
60
61
58
61
62
58
61
63
62
63
64
62
63
65
64
65
66
64
65
67
66
68
69
70
70
71
68
70
72
71
72
73
71
72
74
73
74
75
73
74
76
75
76
77
75

MESH_END
