MESH3
door05
92
0.5774703,-0.3601972,0.000189209
0.5774703,0.3601972,0.000189209
-0.001416708,0.3601972,0.000189209
-0.001416708,-0.3601972,0.000189209
0.5774703,-0.3601972,-0.01012238
-0.001416708,-0.3601972,-0.01012238
-0.001416708,0.3601972,-0.01012238
0.5774703,0.3601972,-0.01012238
0.5774703,-0.3601972,-0.01012238
0.5774703,-0.3601972,0.000189209
-0.001416708,-0.3601972,0.000189209
-0.001416708,-0.3601972,-0.01012238
-0.001416708,-0.3601972,-0.01012238
-0.001416708,-0.3601972,0.000189209
-0.001416708,0.3601972,0.000189209
-0.001416708,0.3601972,-0.01012238
-0.001416708,0.3601972,-0.01012238
-0.001416708,0.3601972,0.000189209
0.5774703,0.3601972,0.000189209
0.5774703,0.3601972,-0.01012238
0.5774703,0.3601972,-0.01012238
0.5774703,0.3601972,0.000189209
0.5774703,-0.3601972,0.000189209
0.5774703,-0.3601972,-0.01012238
0.5153019,0.1534094,0.008557281
0.5153019,0.1673287,0.008557281
0.5069413,0.1673287,0.01175507
0.5069413,0.1534094,0.01175507
0.4349374,0.1673287,0.01175507
0.4349374,0.1534094,0.01175507
0.4265765,0.1673287,0.008557281
0.4265765,0.1534094,0.008557281
0.4349374,0.1673287,0.01175507
0.4265765,0.1673287,-0.001942749
0.4265765,0.1673287,0.008557281
0.4349375,0.1673287,0.006506348
0.4265766,0.1673287,-0.01175476
0.4349374,0.1673287,-0.01175491
0.5069413,0.1673287,0.01175507
0.5069411,0.1673287,0.006506348
0.5153019,0.1673287,0.008557281
0.5153021,0.1673287,-0.001942749
0.506941,0.1673287,-0.01175491
0.5153021,0.1673287,-0.01175507
0.5153021,0.1673287,-0.01175507
0.5153021,0.1534094,-0.01175507
0.506941,0.1534094,-0.01175491
0.506941,0.1673287,-0.01175491
0.5069411,0.1673287,0.006506348
0.5069411,0.1534094,0.006506348
0.4349375,0.1534094,0.006506348
0.4349375,0.1673287,0.006506348
0.4349374,0.1673287,-0.01175491
0.4349374,0.1534094,-0.01175491
0.4265766,0.1534094,-0.01175476
0.4265766,0.1673287,-0.01175476
0.5153021,0.1534094,-0.001942749
0.5153019,0.1534094,0.008557281
0.5069413,0.1534094,0.01175507
0.5069411,0.1534094,0.006506348
0.5153021,0.1534094,-0.01175507
0.506941,0.1534094,-0.01175491
0.4349374,0.1534094,0.01175507
0.4349375,0.1534094,0.006506348
0.4265765,0.1534094,0.008557281
0.4265765,0.1534094,-0.001942749
0.4349374,0.1534094,-0.01175491
0.4265766,0.1534094,-0.01175476
0.4265765,0.1534094,0.008557281
0.4265765,0.1673287,0.008557281
0.4265765,0.1673287,-0.001942749
0.4265765,0.1534094,-0.001942749
0.5153021,0.1534094,-0.001942749
0.5153021,0.1673287,-0.001942749
0.5153019,0.1673287,0.008557281
0.5153019,0.1534094,0.008557281
0.5069411,0.1673287,0.006506348
0.506941,0.1673287,-0.01175491
0.506941,0.1534094,-0.01175491
0.5069411,0.1534094,0.006506348
0.5153021,0.1534094,-0.001942749
0.5153021,0.1534094,-0.01175507
0.5153021,0.1673287,-0.01175507
0.5153021,0.1673287,-0.001942749
0.4265765,0.1673287,-0.001942749
0.4265766,0.1673287,-0.01175476
0.4265766,0.1534094,-0.01175476
0.4265765,0.1534094,-0.001942749
0.4349375,0.1534094,0.006506348
0.4349374,0.1534094,-0.01175491
0.4349374,0.1673287,-0.01175491
0.4349375,0.1673287,0.006506348
92
0.3047668,0.1894142
0.3047668,0.1103862
0.2412623,0.1103862
0.2412623,0.1894142
0.1766265,0.1894142
0.2401312,0.1894142
0.240131,0.1103861
0.1766265,0.1103861
0.3047668,0.1905453
0.3047668,0.1894142
0.2412623,0.1894142
0.2412623,0.1905453
0.2401312,0.1894142
0.2412623,0.1894142
0.2412623,0.1103862
0.240131,0.1103861
0.2412623,0.1092549
0.2412623,0.1103862
0.3047668,0.1103862
0.3047668,0.1092549
0.305898,0.1103861
0.3047668,0.1103862
0.3047668,0.1894142
0.305898,0.1894141
0.698864,0.009971481
0.6990705,0.03924749
0.7088291,0.03917867
0.7086226,0.00990266
0.7185878,0.03910984
0.7183812,0.009833854
0.7283466,0.03904091
0.7281402,0.009765025
0.7185878,0.03910984
0.7285533,0.06831723
0.7283466,0.03904091
0.7187943,0.06838603
0.7285533,0.06831723
0.7187943,0.06838603
0.7088291,0.03917867
0.7090358,0.06845486
0.6990705,0.03924749
0.699277,0.06852381
0.7090358,0.06845486
0.699277,0.06852381
0.699277,0.06852381
0.6994836,0.09779948
0.7092422,0.09773067
0.7090358,0.06845486
0.7090358,0.06845486
0.7092422,0.09773067
0.7190008,0.09766172
0.7187943,0.06838603
0.7187943,0.06838603
0.7190008,0.09766172
0.7287598,0.09759291
0.7285533,0.06831723
0.6994836,0.09779948
0.69969,0.1270754
0.7094488,0.1270065
0.7092422,0.09773067
0.6994836,0.09779948
0.7092422,0.09773067
0.7192073,0.1269377
0.7190008,0.09766172
0.7289662,0.1268688
0.7287598,0.09759291
0.7190008,0.09766172
0.7287598,0.09759291
0.7281402,0.009765025
0.7283466,0.03904091
0.7576227,0.03883435
0.7574161,0.009558354
0.6695881,0.01017795
0.6697947,0.03945396
0.6990705,0.03924749
0.698864,0.009971481
0.7090358,0.06845486
0.7090358,0.06845486
0.7092422,0.09773067
0.7092422,0.09773067
0.6994836,0.09779948
0.6994836,0.09779948
0.699277,0.06852381
0.699277,0.06852381
0.7285533,0.06831723
0.7285533,0.06831723
0.7287598,0.09759291
0.7287598,0.09759291
0.7190008,0.09766172
0.7190008,0.09766172
0.7187943,0.06838603
0.7187943,0.06838603
1
168
0
1
2
0
2
3
4
5
6
4
6
7
8
9
10
8
10
11
12
13
14
12
14
15
16
17
18
16
18
19
20
21
22
20
22
23
24
25
26
24
26
27
27
26
28
27
28
29
29
28
30
29
30
31
32
33
34
32
35
33
35
36
33
35
37
36
38
35
32
38
39
35
40
39
38
40
41
39
41
42
39
41
43
42
44
45
46
44
46
47
48
49
50
48
50
51
52
53
54
52
54
55
56
57
58
56
58
59
59
60
56
59
61
60
59
58
62
59
62
63
63
62
64
63
64
65
65
66
63
65
67
66
68
69
70
68
70
71
72
73
74
72
74
75
76
77
78
76
78
79
80
81
82
80
82
83
84
85
86
84
86
87
88
89
90
88
90
91
