MESH3
doorL
76
-0.03840127,0.00029185,-0.06387831
-0.03834207,0.00029185,-0.02555954
-0.03834207,2.500292,-0.02555954
-0.03840127,2.500292,-0.06387831
-0.03840127,2.500292,-0.06387831
-0.03834207,2.500292,-0.02555954
0.9562027,2.500292,-0.02709617
0.9561435,2.500292,-0.06541485
0.9561435,0.00029185,-0.06541485
-0.03840127,0.00029185,-0.06387831
-0.03840127,2.500292,-0.06387831
0.9561435,2.500292,-0.06541485
0.9562027,0.00029185,-0.02709617
-0.03834207,0.00029185,-0.02555954
-0.03840127,0.00029185,-0.06387831
0.9561435,0.00029185,-0.06541485
0.9562027,2.500292,-0.02709617
-0.03834207,2.500292,-0.02555954
-0.03834207,0.00029185,-0.02555954
0.9562027,0.00029185,-0.02709617
0.9561435,2.500292,-0.06541485
0.9562027,2.500292,-0.02709617
0.9562027,0.00029185,-0.02709617
0.9561435,0.00029185,-0.06541485
0.6791083,1.453115,0.01501061
0.6488733,1.448768,0.01501054
0.6529552,1.439566,0.04401295
0.677548,1.443102,0.04401314
0.7068933,1.440426,0.01501054
0.7001485,1.432781,0.04401295
0.6713375,1.399457,0.06541485
0.6341779,1.423296,0.04401293
0.7135811,1.411879,0.04401293
0.6488733,1.448768,0.01501054
0.6257886,1.428765,0.0150103
0.6271782,1.399457,0.04401283
0.617183,1.399457,0.01501051
0.6341779,1.375617,0.04401293
0.6257886,1.370148,0.0150103
0.6529552,1.359347,0.04401293
0.6488733,1.350145,0.01501051
0.7234074,1.414729,0.01501051
0.7068933,1.440426,0.01501054
0.7234074,1.384184,0.01501051
0.7135811,1.387034,0.04401295
0.7068933,1.358487,0.01501051
0.7001485,1.366132,0.04401293
0.677548,1.355811,0.04401316
0.6488733,1.350145,0.01501051
0.6791083,1.345798,0.01501063
0.7068933,1.358487,0.01501051
0.6545606,1.381712,0.01159661
0.6257886,1.370148,0.0150103
0.617183,1.399457,0.01501051
0.6922809,1.380613,0.0115967
0.654573,1.416732,0.01159674
0.7068933,1.358487,0.01501051
0.7234074,1.384184,0.01501051
0.7234074,1.414729,0.01501051
0.6257886,1.428765,0.0150103
0.6488733,1.448768,0.01501054
0.6791083,1.453115,0.01501061
0.6922809,1.416857,0.01159674
0.7068933,1.440426,0.01501054
0.6922807,1.416857,-0.03790336
0.6545604,1.381712,-0.03790317
0.654573,1.416732,-0.03790319
0.6922807,1.380613,-0.03790341
0.6545606,1.381712,0.01159661
0.6922809,1.380613,0.0115967
0.654573,1.416732,0.01159674
0.654573,1.416732,-0.03790319
0.6922809,1.416857,0.01159674
0.6922807,1.416857,-0.03790336
0.6922809,1.380613,0.0115967
0.6922807,1.380613,-0.03790341
76
0.9934089,0.9216568
0.9934089,0.9188533
0.810489,0.9188533
0.8104891,0.9216569
0.8104891,0.9216569
0.8076853,0.9216569
0.8076853,0.9944255
0.810489,0.9944256
0.9934089,0.9944256
0.9934089,0.9216568
0.8104891,0.9216569
0.810489,0.9944256
0.9962124,0.9944256
0.9962125,0.9216569
0.9934089,0.9216568
0.9934089,0.9944256
0.810489,0.8460842
0.810489,0.9188533
0.9934089,0.9188533
0.9934089,0.8460842
0.8104891,0.8432809
0.810489,0.8460842
0.9934089,0.8460842
0.9934089,0.8432809
0.2014601,0.4027522
0.2142205,0.4003955
0.2108397,0.3882169
0.2007724,0.3905608
0.1884121,0.4017718
0.1901108,0.3885528
0.2008984,0.373328
0.2158112,0.3800808
0.185069,0.3792439
0.2216212,0.3939297
0.2264915,0.3827935
0.2167823,0.3715664
0.2273554,0.3704342
0.2138595,0.3636132
0.223591,0.3587477
0.2075254,0.357091
0.2163667,0.3492205
0.1729078,0.380888
0.177365,0.394043
0.1730837,0.3675868
0.1846655,0.3697059
0.1771752,0.3556718
0.1887476,0.3606244
0.1978745,0.3569379
0.207785,0.3451765
0.1962353,0.3457133
0.1844434,0.3493395
0.2066563,0.3334266
0.2167801,0.3386784
0.220968,0.3282536
0.1928086,0.3324939
0.2078913,0.3206057
0.1866762,0.340077
0.1815403,0.3300852
0.1826213,0.3189031
0.2188546,0.3172197
0.2111115,0.3090798
0.2001967,0.3064186
0.1940913,0.3192255
0.1895761,0.3100803
0.8036515,0.462238
0.7858576,0.4802521
0.8030513,0.4807487
0.785858,0.4617214
0.7615457,0.4802499
0.7615457,0.4617236
0.7615457,0.4974502
0.7858576,0.4974502
0.7615457,0.5159709
0.785858,0.5159705
0.7615454,0.533772
0.785858,0.533772
1
210
0
1
2
0
2
3
4
5
6
4
6
7
8
9
10
8
10
11
12
13
14
12
14
15
16
17
18
16
18
19
20
21
22
20
22
23
24
25
26
24
26
27
28
24
27
28
27
29
30
27
26
30
29
27
30
26
31
30
32
29
33
31
26
33
34
31
34
35
31
30
31
35
34
36
35
36
37
35
30
35
37
36
38
37
38
39
37
37
39
30
38
40
39
41
29
32
41
42
29
43
41
32
43
32
44
30
44
32
45
43
44
45
44
46
30
46
44
30
39
47
30
47
46
48
47
39
49
46
47
48
49
47
49
50
46
51
49
48
48
52
51
51
52
53
51
54
49
55
51
53
54
56
49
57
56
54
58
57
54
55
53
59
60
55
59
55
60
61
58
54
62
61
62
55
63
58
62
61
63
62
64
65
66
64
67
65
68
65
67
68
67
69
70
65
68
70
71
65
72
71
70
72
73
71
74
73
72
74
75
73
