MESH3
doorR
100
0.006983928,-0.004192562,-0.002244701
0.006983928,-0.149373,-0.002244701
0.006983928,-0.149373,0.56466
0.006983928,0.01791826,-0.002244701
0.006983852,0.149373,0.56466
0.006983852,0.149373,-0.002244701
0.01408857,-0.004192562,-0.002244701
0.01408857,-0.149373,0.56466
0.01408857,-0.149373,-0.002244701
0.01408857,0.01791826,-0.002244701
0.0140885,0.149373,0.56466
0.0140885,0.149373,-0.002244701
0.01408857,-0.149373,0.56466
0.006983928,-0.149373,0.56466
0.01408857,-0.149373,-0.002244701
0.006983928,-0.149373,-0.002244701
0.01408857,-0.149373,-0.002244701
0.006983928,-0.149373,-0.002244701
0.01408857,-0.004192562,-0.002244701
0.006983928,-0.004192562,-0.002244701
0.01408857,0.01791826,-0.002244701
0.006983928,0.01791826,-0.002244701
0.0140885,0.149373,-0.002244701
0.006983852,0.149373,-0.002244701
0.0140885,0.149373,-0.002244701
0.006983852,0.149373,-0.002244701
0.0140885,0.149373,0.56466
0.006983852,0.149373,0.56466
0.0140885,0.149373,0.56466
0.006983852,0.149373,0.56466
0.01408857,-0.149373,0.56466
0.006983928,-0.149373,0.56466
-0.01104307,0.02582159,0.5113502
-0.01104307,0.02582159,0.5246066
-0.01408857,0.03378446,0.5113502
-0.01408857,0.03378446,0.5246066
-0.01408857,0.1023593,0.5113502
-0.01408857,0.1023593,0.5246066
-0.01104307,0.110322,0.5113502
-0.01104307,0.110322,0.5246066
0.008302021,0.02582151,0.5246066
0.008302021,0.02582151,0.5113502
0.008301868,0.03378431,0.5246066
0.008301868,0.03378431,0.5113502
-0.009089794,0.03378439,0.5246066
-0.009089794,0.03378439,0.5113502
-0.009089794,0.1023592,0.5246066
-0.009089794,0.1023592,0.5113502
0.008301868,0.1023592,0.5246066
0.008301868,0.1023592,0.5113502
0.008301715,0.110322,0.5246066
0.008301715,0.110322,0.5113502
-0.01104307,0.110322,0.5113502
-0.01104307,0.110322,0.5246066
-0.001043072,0.110322,0.5113502
-0.001043072,0.110322,0.5246066
-0.001043072,0.02582159,0.5113502
-0.001043072,0.02582159,0.5246066
-0.01104307,0.02582159,0.5113502
-0.01104307,0.02582159,0.5246066
-0.001043072,0.02582159,0.5246066
0.008302021,0.02582151,0.5246066
0.008301868,0.03378431,0.5246066
-0.009089794,0.03378439,0.5246066
-0.01104307,0.02582159,0.5246066
-0.01408857,0.03378446,0.5246066
-0.01408857,0.1023593,0.5246066
-0.009089794,0.1023592,0.5246066
-0.01104307,0.110322,0.5246066
-0.001043072,0.110322,0.5246066
0.008301868,0.1023592,0.5246066
0.008301715,0.110322,0.5246066
-0.009089794,0.03378439,0.5246066
0.008301868,0.03378431,0.5246066
-0.009089794,0.03378439,0.5113502
0.008301868,0.03378431,0.5113502
0.008301868,0.03378431,0.5113502
0.008302021,0.02582151,0.5113502
-0.001043072,0.02582159,0.5113502
-0.009089794,0.03378439,0.5113502
-0.01104307,0.02582159,0.5113502
-0.01408857,0.03378446,0.5113502
-0.009089794,0.1023592,0.5113502
-0.01408857,0.1023593,0.5113502
-0.01104307,0.110322,0.5113502
-0.001043072,0.110322,0.5113502
0.008301868,0.1023592,0.5113502
0.008301715,0.110322,0.5113502
-0.001043072,0.02582159,0.5113502
0.008302021,0.02582151,0.5113502
-0.001043072,0.02582159,0.5246066
0.008302021,0.02582151,0.5246066
-0.001043072,0.110322,0.5246066
0.008301715,0.110322,0.5246066
-0.001043072,0.110322,0.5113502
0.008301715,0.110322,0.5113502
-0.009089794,0.1023592,0.5113502
0.008301868,0.1023592,0.5113502
-0.009089794,0.1023592,0.5246066
0.008301868,0.1023592,0.5246066
100
0.0247366,0.4469445
0.0247366,0.5778146
0.5357621,0.5778146
0.0247366,0.4270135
0.5357627,0.3085156
0.0247366,0.3085156
0.0247366,0.7150888
0.5389644,0.5810169
0.02153434,0.5810169
0.0247366,0.7350205
0.5357621,0.8535182
0.0247366,0.8535177
0.5389644,0.5810169
0.5357621,0.5778146
0.02153434,0.5810169
0.0247366,0.5778146
0.02153434,0.5810169
0.0247366,0.5778146
0.01833215,0.4469445
0.0247366,0.4469445
0.01833215,0.4270135
0.0247366,0.4270135
0.02153434,0.3053139
0.0247366,0.3085156
0.02153434,0.3053139
0.0247366,0.3085156
0.5389644,0.3053133
0.5357627,0.3085156
0.5389644,0.3053133
0.5357627,0.3085156
0.5389644,0.5810169
0.5357621,0.5778146
0.7500353,0.7441838
0.7507744,0.6649143
0.7236122,0.7439375
0.7243509,0.664668
0.6971886,0.7436913
0.6979281,0.6644214
0.6707648,0.7434447
0.6715037,0.6641752
0.7515132,0.5856435
0.7522523,0.5063751
0.7250898,0.5853973
0.7258289,0.5061284
0.7250898,0.5853973
0.7258289,0.5061284
0.6986672,0.5851507
0.6994064,0.5058821
0.6986672,0.5851507
0.6994064,0.5058821
0.6722431,0.5849044
0.6729822,0.505636
0.6707648,0.7434447
0.6715037,0.6641752
0.5914953,0.7427058
0.5922341,0.6634361
0.8293041,0.7449229
0.8300432,0.6656534
0.7500353,0.7441838
0.7507744,0.6649143
0.7515132,0.5856435
0.7515132,0.5856435
0.7250898,0.5853973
0.7250898,0.5853973
0.7507744,0.6649143
0.7243509,0.664668
0.6979281,0.6644214
0.6986672,0.5851507
0.6715037,0.6641752
0.6722431,0.5849044
0.6986672,0.5851507
0.6722431,0.5849044
0.7250898,0.5853973
0.7250898,0.5853973
0.7258289,0.5061284
0.7258289,0.5061284
0.7258289,0.5061284
0.7522523,0.5063751
0.7522523,0.5063751
0.7258289,0.5061284
0.7529914,0.4271052
0.7265683,0.426859
0.6994064,0.5058821
0.7001451,0.4266126
0.6737211,0.4263661
0.6729822,0.505636
0.6994064,0.5058821
0.6729822,0.505636
0.7522523,0.5063751
0.7522523,0.5063751
0.7515132,0.5856435
0.7515132,0.5856435
0.6722431,0.5849044
0.6722431,0.5849044
0.6729822,0.505636
0.6729822,0.505636
0.6994064,0.5058821
0.6994064,0.5058821
0.6986672,0.5851507
0.6986672,0.5851507
1
192
0
1
2
0
2
3
3
2
4
4
5
3
6
7
8
6
9
7
7
9
10
10
9
11
12
13
14
13
15
14
16
17
18
17
19
18
18
19
20
19
21
20
20
21
22
21
23
22
24
25
26
25
27
26
28
29
30
29
31
30
32
33
34
33
35
34
34
35
36
35
37
36
36
37
38
37
39
38
40
41
42
41
43
42
44
45
46
45
47
46
48
49
50
49
51
50
52
53
54
53
55
54
56
57
58
57
59
58
60
61
62
63
60
62
64
60
63
65
64
63
65
63
66
63
67
66
66
67
68
67
69
68
67
70
69
70
71
69
72
73
74
73
75
74
76
77
78
79
76
78
78
80
79
80
81
79
79
81
82
81
83
82
82
83
84
85
82
84
82
85
86
85
87
86
88
89
90
89
91
90
92
93
94
93
95
94
96
97
98
97
99
98
