MESH3
door04
92
0.557228,-0.3601972,0.0001890564
0.557228,0.3601972,0.0001890564
0.0002431851,0.3601972,0.000189209
0.0002431851,-0.3601972,0.000189209
0.557228,-0.3601972,-0.01012253
0.0002431851,-0.3601972,-0.01012238
0.0002431851,0.3601972,-0.01012238
0.557228,0.3601972,-0.01012253
0.557228,-0.3601972,-0.01012253
0.557228,-0.3601972,0.0001890564
0.0002431851,-0.3601972,0.000189209
0.0002431851,-0.3601972,-0.01012238
0.0002431851,-0.3601972,-0.01012238
0.0002431851,-0.3601972,0.000189209
0.0002431851,0.3601972,0.000189209
0.0002431851,0.3601972,-0.01012238
0.0002431851,0.3601972,-0.01012238
0.0002431851,0.3601972,0.000189209
0.557228,0.3601972,0.0001890564
0.557228,0.3601972,-0.01012253
0.557228,0.3601972,-0.01012253
0.557228,0.3601972,0.0001890564
0.557228,-0.3601972,0.0001890564
0.557228,-0.3601972,-0.01012253
0.4933096,0.1534094,0.008557281
0.4933096,0.1673287,0.008557281
0.4849487,0.1673287,0.01175499
0.4849487,0.1534094,0.01175499
0.4129451,0.1673287,0.01175507
0.4129451,0.1534094,0.01175507
0.4045838,0.1673287,0.008557281
0.4045838,0.1534094,0.008557281
0.4129451,0.1673287,0.01175507
0.4045839,0.1673287,-0.001942749
0.4045838,0.1673287,0.008557281
0.4129451,0.1673287,0.006506424
0.404584,0.1673287,-0.01175476
0.4129447,0.1673287,-0.01175491
0.4849487,0.1673287,0.01175499
0.4849485,0.1673287,0.006506348
0.4933096,0.1673287,0.008557281
0.4933096,0.1673287,-0.001942749
0.4849484,0.1673287,-0.01175491
0.4933094,0.1673287,-0.01175507
0.4933094,0.1673287,-0.01175507
0.4933094,0.1534094,-0.01175507
0.4849484,0.1534094,-0.01175491
0.4849484,0.1673287,-0.01175491
0.4849485,0.1673287,0.006506348
0.4849485,0.1534094,0.006506348
0.4129451,0.1534094,0.006506424
0.4129451,0.1673287,0.006506424
0.4129447,0.1673287,-0.01175491
0.4129447,0.1534094,-0.01175491
0.404584,0.1534094,-0.01175476
0.404584,0.1673287,-0.01175476
0.4933096,0.1534094,-0.001942749
0.4933096,0.1534094,0.008557281
0.4849487,0.1534094,0.01175499
0.4849485,0.1534094,0.006506348
0.4933094,0.1534094,-0.01175507
0.4849484,0.1534094,-0.01175491
0.4129451,0.1534094,0.01175507
0.4129451,0.1534094,0.006506424
0.4045838,0.1534094,0.008557281
0.4045839,0.1534094,-0.001942749
0.4129447,0.1534094,-0.01175491
0.404584,0.1534094,-0.01175476
0.4045838,0.1534094,0.008557281
0.4045838,0.1673287,0.008557281
0.4045839,0.1673287,-0.001942749
0.4045839,0.1534094,-0.001942749
0.4933096,0.1534094,-0.001942749
0.4933096,0.1673287,-0.001942749
0.4933096,0.1673287,0.008557281
0.4933096,0.1534094,0.008557281
0.4849485,0.1673287,0.006506348
0.4849484,0.1673287,-0.01175491
0.4849484,0.1534094,-0.01175491
0.4849485,0.1534094,0.006506348
0.4933096,0.1534094,-0.001942749
0.4933094,0.1534094,-0.01175507
0.4933094,0.1673287,-0.01175507
0.4933096,0.1673287,-0.001942749
0.4045839,0.1673287,-0.001942749
0.404584,0.1673287,-0.01175476
0.404584,0.1534094,-0.01175476
0.4045839,0.1534094,-0.001942749
0.4129451,0.1534094,0.006506424
0.4129447,0.1534094,-0.01175491
0.4129447,0.1673287,-0.01175491
0.4129451,0.1673287,0.006506424
92
0.3038737,0.09582667
0.3038735,0.01701776
0.2429413,0.01701793
0.2429413,0.09582666
0.1808809,0.09582666
0.2418133,0.09582664
0.2418132,0.01701793
0.1808809,0.0170179
0.3038735,0.09695472
0.3038737,0.09582667
0.2429413,0.09582666
0.2429413,0.09695467
0.2418133,0.09582664
0.2429413,0.09582666
0.2429413,0.01701793
0.2418132,0.01701793
0.2429413,0.01588982
0.2429413,0.01701793
0.3038735,0.01701776
0.3038735,0.01588976
0.3050017,0.01701793
0.3038735,0.01701776
0.3038737,0.09582667
0.3050018,0.09582666
0.6985441,0.009973187
0.6985441,0.03935242
0.7083372,0.03935242
0.7083372,0.009973187
0.7181302,0.03935242
0.7181302,0.009973187
0.7279238,0.03935242
0.7279238,0.009973187
0.7181302,0.03935242
0.7279238,0.06873207
0.7279238,0.03935242
0.7181302,0.06873207
0.7279238,0.06873207
0.7181302,0.06873207
0.7083372,0.03935242
0.7083372,0.06873207
0.6985441,0.03935242
0.6985441,0.06873207
0.7083372,0.06873207
0.6985441,0.06873207
0.6985441,0.06873207
0.6985441,0.09811106
0.7083372,0.09811106
0.7083372,0.06873207
0.7083372,0.06873207
0.7083372,0.09811106
0.7181302,0.09811106
0.7181302,0.06873207
0.7181302,0.06873207
0.7181302,0.09811106
0.7279238,0.09811106
0.7279238,0.06873207
0.6985441,0.09811106
0.6985441,0.1274903
0.7083372,0.1274903
0.7083372,0.09811106
0.6985441,0.09811106
0.7083372,0.09811106
0.7181302,0.1274903
0.7181302,0.09811106
0.7279238,0.1274903
0.7279238,0.09811106
0.7181302,0.09811106
0.7279238,0.09811106
0.7279238,0.009973187
0.7279238,0.03935242
0.757303,0.03935242
0.757303,0.009973187
0.669165,0.009973187
0.669165,0.03935242
0.6985441,0.03935242
0.6985441,0.009973187
0.7083372,0.06873207
0.7083372,0.06873207
0.7083372,0.09811106
0.7083372,0.09811106
0.6985441,0.09811106
0.6985441,0.09811106
0.6985441,0.06873207
0.6985441,0.06873207
0.7279238,0.06873207
0.7279238,0.06873207
0.7279238,0.09811106
0.7279238,0.09811106
0.7181302,0.09811106
0.7181302,0.09811106
0.7181302,0.06873207
0.7181302,0.06873207
1
168
0
1
2
0
2
3
4
5
6
4
6
7
8
9
10
8
10
11
12
13
14
12
14
15
16
17
18
16
18
19
20
21
22
20
22
23
24
25
26
24
26
27
27
26
28
27
28
29
29
28
30
29
30
31
32
33
34
32
35
33
35
36
33
35
37
36
38
35
32
38
39
35
40
39
38
40
41
39
41
42
39
41
43
42
44
45
46
44
46
47
48
49
50
48
50
51
52
53
54
52
54
55
56
57
58
56
58
59
59
60
56
59
61
60
59
58
62
59
62
63
63
62
64
63
64
65
65
66
63
65
67
66
68
69
70
68
70
71
72
73
74
72
74
75
76
77
78
76
78
79
80
81
82
80
82
83
84
85
86
84
86
87
88
89
90
88
90
91
