MESH3
DoorSingle
224
0.0002803039,0.01551361,-0.03496742
0.0002803039,2.520377,-0.03496742
1.164536,0.01551361,-0.03496742
1.164536,2.520377,-0.03496742
0.0002803039,2.520377,-0.03496742
0.0002803039,2.520377,0.03503258
1.164536,2.520377,-0.03496742
1.164536,2.520377,0.03503258
0.0002803039,2.520377,0.03503258
0.0002803039,0.01551361,0.03503258
1.164536,2.520377,0.03503258
1.164536,0.01551361,0.03503258
0.0002803039,0.01551361,0.03503258
0.0002803039,0.01551361,-0.03496742
1.164536,0.01551361,0.03503258
1.164536,0.01551361,-0.03496742
1.164536,0.01551361,-0.03496742
1.164536,2.520377,-0.03496742
1.164536,0.01551361,0.03503258
1.164536,2.520377,0.03503258
0.0002803039,0.01551361,0.03503258
0.0002803039,2.520377,0.03503258
0.0002803039,0.01551361,-0.03496742
0.0002803039,2.520377,-0.03496742
0.9788534,1.221331,-0.03870209
0.9788534,1.221331,-0.03470215
0.9944496,1.232713,-0.03870209
0.9944496,1.232713,-0.03470215
0.9788534,1.111367,-0.03470215
0.9788534,1.111367,-0.03870209
0.9944496,1.099985,-0.03470215
0.9944496,1.099985,-0.03870209
1.035148,1.111367,-0.03870209
1.048036,1.133418,-0.03870209
1.035148,1.111367,-0.03470215
1.048036,1.133418,-0.03470215
1.048036,1.199035,-0.03870209
1.048036,1.199035,-0.03470215
1.035148,1.221331,-0.03870209
1.035148,1.221331,-0.03470215
0.9788534,1.111367,-0.03470215
0.9659654,1.133418,-0.03470215
0.9788534,1.111367,-0.03870209
0.9659654,1.133418,-0.03870209
0.9659654,1.199035,-0.03470215
0.9659654,1.199035,-0.03870209
0.9788534,1.221331,-0.03470215
0.9788534,1.221331,-0.03870209
0.9944496,1.232713,-0.03870209
0.9944496,1.232713,-0.03470215
1.019856,1.232713,-0.03870209
1.019856,1.232713,-0.03470215
0.9944496,1.099985,-0.03870209
1.019856,1.099985,-0.03870209
0.9944496,1.099985,-0.03470215
1.019856,1.099985,-0.03470215
1.019444,1.178814,-0.06025787
1.019444,1.153551,-0.06025787
0.9948272,1.153551,-0.06025787
0.9948272,1.178814,-0.06025787
0.8501639,1.157148,-0.06025787
0.8501639,1.175218,-0.06025787
1.019856,1.232713,-0.03870209
1.019856,1.232713,-0.03470215
1.035148,1.221331,-0.03870209
1.035148,1.221331,-0.03470215
1.019856,1.099985,-0.03870209
1.035148,1.111367,-0.03870209
1.019856,1.099985,-0.03470215
1.035148,1.111367,-0.03470215
0.9948272,1.178814,-0.03870209
0.9948272,1.178814,-0.05553642
0.9948272,1.153551,-0.03870209
0.9948272,1.153551,-0.05553642
0.9948272,1.153551,-0.03870209
0.9948272,1.153551,-0.05553642
1.019444,1.153551,-0.03870209
1.019444,1.153551,-0.05553642
0.9948272,1.153551,-0.06025787
1.019444,1.153551,-0.06025787
0.8501639,1.157148,-0.05553642
0.8501639,1.157148,-0.06025787
1.019444,1.153551,-0.03870209
1.019444,1.153551,-0.05553642
1.019444,1.178814,-0.03870209
1.019444,1.178814,-0.05553642
1.019444,1.153551,-0.06025787
1.019444,1.178814,-0.06025787
1.019444,1.178814,-0.03870209
1.019444,1.178814,-0.05553642
0.9948272,1.178814,-0.03870209
0.9948272,1.178814,-0.05553642
1.019444,1.178814,-0.06025787
0.9948272,1.178814,-0.06025787
0.8501639,1.175218,-0.06025787
0.8501639,1.175218,-0.05553642
0.8501639,1.175218,-0.05553642
0.8501639,1.175218,-0.06025787
0.8501639,1.157148,-0.05553642
0.8501639,1.157148,-0.06025787
0.9948272,1.178814,-0.05553642
0.8501639,1.175218,-0.05553642
0.9948272,1.153551,-0.05553642
0.8501639,1.157148,-0.05553642
0.9788534,1.111367,0.03870209
0.9788534,1.111367,0.03470215
0.9944496,1.099985,0.03870209
0.9944496,1.099985,0.03470215
0.9788534,1.221331,0.03470215
0.9788534,1.221331,0.03870209
0.9944496,1.232713,0.03470215
0.9944496,1.232713,0.03870209
1.035148,1.221331,0.03870209
1.048036,1.19928,0.03870209
1.035148,1.221331,0.03470215
1.048036,1.19928,0.03470215
1.048036,1.133663,0.03870209
1.048036,1.133663,0.03470215
1.035148,1.111367,0.03870209
1.035148,1.111367,0.03470215
0.9788534,1.221331,0.03470215
0.9659654,1.19928,0.03470215
0.9788534,1.221331,0.03870209
0.9659654,1.19928,0.03870209
0.9659654,1.133663,0.03470215
0.9659654,1.133663,0.03870209
0.9788534,1.111367,0.03470215
0.9788534,1.111367,0.03870209
0.9944496,1.099985,0.03870209
0.9944496,1.099985,0.03470215
1.019856,1.099985,0.03870209
1.019856,1.099985,0.03470215
0.9944496,1.232713,0.03870209
1.019856,1.232713,0.03870209
0.9944496,1.232713,0.03470215
1.019856,1.232713,0.03470215
1.019444,1.153884,0.06025787
1.019444,1.179147,0.06025787
0.9948272,1.179147,0.06025787
0.9948272,1.153884,0.06025787
0.8501639,1.17555,0.06025787
0.8501639,1.15748,0.06025787
1.019856,1.099985,0.03870209
1.019856,1.099985,0.03470215
1.035148,1.111367,0.03870209
1.035148,1.111367,0.03470215
1.019856,1.232713,0.03870209
1.035148,1.221331,0.03870209
1.019856,1.232713,0.03470215
1.035148,1.221331,0.03470215
0.9948272,1.153884,0.03870209
0.9948272,1.153884,0.05553642
0.9948272,1.179147,0.03870209
0.9948272,1.179147,0.05553642
0.9948272,1.179147,0.03870209
0.9948272,1.179147,0.05553642
1.019444,1.179147,0.03870209
1.019444,1.179147,0.05553642
0.9948272,1.179147,0.06025787
1.019444,1.179147,0.06025787
0.8501639,1.17555,0.05553642
0.8501639,1.17555,0.06025787
1.019444,1.179147,0.03870209
1.019444,1.179147,0.05553642
1.019444,1.153884,0.03870209
1.019444,1.153884,0.05553642
1.019444,1.179147,0.06025787
1.019444,1.153884,0.06025787
1.019444,1.153884,0.03870209
1.019444,1.153884,0.05553642
0.9948272,1.153884,0.03870209
0.9948272,1.153884,0.05553642
1.019444,1.153884,0.06025787
0.9948272,1.153884,0.06025787
0.8501639,1.15748,0.06025787
0.8501639,1.15748,0.05553642
0.8501639,1.15748,0.05553642
0.8501639,1.15748,0.06025787
0.8501639,1.17555,0.05553642
0.8501639,1.17555,0.06025787
0.9948272,1.153884,0.05553642
0.8501639,1.15748,0.05553642
0.9948272,1.179147,0.05553642
0.8501639,1.17555,0.05553642
1.019856,1.099985,0.03870209
1.035148,1.111367,0.03870209
1.031022,1.113545,0.03870209
0.9832838,1.113545,0.03870209
0.9944496,1.099985,0.03870209
0.9788534,1.111367,0.03870209
1.048036,1.133663,0.03870209
0.9659654,1.133663,0.03870209
0.9832838,1.219398,0.03870209
0.9659654,1.19928,0.03870209
0.9788534,1.221331,0.03870209
0.9944496,1.232713,0.03870209
1.031022,1.219398,0.03870209
1.048036,1.19928,0.03870209
1.019856,1.232713,0.03870209
1.035148,1.221331,0.03870209
1.019444,1.153884,0.03870209
0.9948272,1.153884,0.03870209
1.019444,1.179147,0.03870209
0.9948272,1.179147,0.03870209
1.019856,1.232713,-0.03870209
1.035148,1.221331,-0.03870209
1.031022,1.219153,-0.03870209
0.9832838,1.219153,-0.03870209
0.9944496,1.232713,-0.03870209
0.9788534,1.221331,-0.03870209
1.048036,1.199035,-0.03870209
0.9659654,1.199035,-0.03870209
0.9832838,1.1133,-0.03870209
0.9659654,1.133418,-0.03870209
0.9788534,1.111367,-0.03870209
0.9944496,1.099985,-0.03870209
1.031022,1.1133,-0.03870209
1.048036,1.133418,-0.03870209
1.019856,1.099985,-0.03870209
1.035148,1.111367,-0.03870209
1.019444,1.178814,-0.03870209
0.9948272,1.178814,-0.03870209
1.019444,1.153551,-0.03870209
0.9948272,1.153551,-0.03870209
224
0.5849649,0.9702725
0.9781511,0.9702725
0.5849649,0.7894068
0.9781511,0.7894068
0.9781511,0.9702725
0.9891601,0.9702725
0.9781511,0.7894068
0.9891604,0.7894068
0.9785087,0.7999254
0.5853225,0.7999256
0.9785087,0.9807912
0.5853225,0.9807912
0.5739557,0.9702725
0.5849649,0.9702725
0.5739558,0.7894068
0.5849649,0.7894068
0.5849649,0.7894068
0.9781511,0.7894068
0.5849649,0.7783977
0.9781511,0.7783977
0.5849649,0.9812817
0.9781511,0.9812817
0.5849649,0.9702725
0.9781511,0.9702725
0.2767148,0.009709094
0.2766707,0.006082152
0.2663945,0.009834964
0.2663502,0.006208033
0.3763811,0.004865489
0.3764254,0.00849231
0.3867018,0.004739594
0.386746,0.008366425
0.3773334,0.08291002
0.3573386,0.08315417
0.3773777,0.08653695
0.3573828,0.08678098
0.2978403,0.08388014
0.2978846,0.08750707
0.2776231,0.0841269
0.2776673,0.08775385
0.3763811,0.004865489
0.3563864,0.005109514
0.3764254,0.00849231
0.3564306,0.008736331
0.2968879,0.005835491
0.2969321,0.009462442
0.2766707,0.006082152
0.2767148,0.009709094
0.2667097,0.03566321
0.2630827,0.03570731
0.2669906,0.05870041
0.2633635,0.05874464
0.387061,0.03419454
0.3873422,0.05723185
0.3906881,0.03415019
0.3909692,0.05718751
0.38727,0.05750349
0.3874435,0.03443279
0.3651229,0.03444066
0.3649521,0.05715979
0.2339364,0.0366074
0.2338132,0.05302074
0.2673025,0.08425291
0.2673469,0.08787973
0.2776231,0.0841269
0.2776673,0.08775385
0.387654,0.08278413
0.3773334,0.08291002
0.3876983,0.08641109
0.3773777,0.08653695
0.3643529,0.0766032
0.3648185,0.06134452
0.3414539,0.0759045
0.3419197,0.06064595
0.3648161,0.01499047
0.3650625,0.03025416
0.3871363,0.01464513
0.3873726,0.02990904
0.3651229,0.03444066
0.3874435,0.03443279
0.2338741,0.03228488
0.2339364,0.0366074
0.4069896,0.03466083
0.3917244,0.03454592
0.4068171,0.05756963
0.3915518,0.05745486
0.3874435,0.03443279
0.38727,0.05750349
0.3866653,0.07728423
0.3871309,0.06202556
0.3643529,0.0766032
0.3648185,0.06134452
0.38727,0.05750349
0.3649521,0.05715979
0.2338132,0.05302074
0.2336959,0.05734231
0.2295322,0.05297471
0.2338132,0.05302074
0.2296547,0.03658917
0.2339364,0.0366074
0.3641489,0.007363238
0.2332033,0.01591232
0.3650625,0.03025416
0.2338741,0.03228488
0.2695774,0.009279165
0.2695331,0.005652104
0.2592566,0.009405043
0.2592125,0.005778227
0.3692433,0.004435335
0.3692876,0.008062147
0.379564,0.004309442
0.3796082,0.007936273
0.3701957,0.08247998
0.3502009,0.08272412
0.3702399,0.0861069
0.350245,0.08635095
0.2907024,0.08345022
0.2907467,0.08707705
0.2704854,0.08369698
0.2705297,0.08732392
0.3692433,0.004435335
0.3492484,0.004679351
0.3692876,0.008062147
0.3492927,0.008306284
0.2897501,0.005405456
0.2897942,0.009032276
0.2695331,0.005652104
0.2695774,0.009279165
0.2595717,0.03523317
0.2559447,0.03527752
0.259853,0.05827038
0.2562262,0.0583147
0.3799233,0.03376452
0.3802045,0.05680181
0.38355,0.03372028
0.3838314,0.05675748
0.3844891,0.04729095
0.3835394,0.0242392
0.3612456,0.02533366
0.362181,0.04803434
0.2303204,0.03388408
0.2309962,0.05028404
0.2601646,0.08382285
0.2602091,0.0874498
0.2704854,0.08369698
0.2705297,0.08732392
0.3805163,0.08235409
0.3701957,0.08247998
0.3805606,0.08598102
0.3702399,0.0861069
0.3371299,0.007391118
0.338109,0.02262546
0.3599922,0.005921519
0.3609714,0.02115585
0.3599922,0.005921519
0.3609714,0.02115585
0.3822692,0.004489929
0.3832482,0.01972416
0.3612456,0.02533366
0.3835394,0.0242392
0.2300577,0.02956906
0.2303204,0.03388408
0.4030735,0.02351535
0.3878207,0.02414371
0.4040165,0.04640545
0.3887638,0.04703392
0.3835394,0.0242392
0.3844891,0.04729095
0.3848482,0.06707776
0.3845706,0.05181458
0.3625291,0.06748381
0.3622616,0.05222024
0.3844891,0.04729095
0.362181,0.04803434
0.2309962,0.05028404
0.2310793,0.05460633
0.2267176,0.05044642
0.2309962,0.05028404
0.226043,0.03407433
0.2303204,0.03388408
0.3622616,0.05222024
0.2310793,0.05460633
0.3621188,0.07512917
0.2309597,0.07099213
0.259853,0.05827038
0.2703428,0.07201066
0.2722719,0.06824482
0.2717438,0.02495839
0.2595717,0.03523317
0.26972,0.02096535
0.2907024,0.08345022
0.2897942,0.009032276
0.3677265,0.02378716
0.3492927,0.008306284
0.3694302,0.01974847
0.3799233,0.03376452
0.3682548,0.06707373
0.3502009,0.08272412
0.3802045,0.05680181
0.3700531,0.07079389
0.3087212,0.05730024
0.3084487,0.03497912
0.3316289,0.05702079
0.3313565,0.03469958
0.2669906,0.05870041
0.2774803,0.07244071
0.2794097,0.06867488
0.2788815,0.02538844
0.2667097,0.03566321
0.2768574,0.02139528
0.2978403,0.08388014
0.2969321,0.009462442
0.3748644,0.02421721
0.3564306,0.008736331
0.376568,0.02017852
0.387061,0.03419454
0.3753925,0.06750364
0.3573386,0.08315417
0.3873422,0.05723185
0.3771909,0.07122394
0.3158589,0.05773028
0.3155865,0.03540906
0.3387667,0.05745086
0.3384943,0.03512963
1
480
0
1
2
1
3
2
4
5
6
5
7
6
8
9
10
9
11
10
12
13
14
13
15
14
16
17
18
17
19
18
20
21
22
21
23
22
24
25
26
25
27
26
28
29
30
29
31
30
32
33
34
33
35
34
33
36
35
36
37
35
36
38
37
38
39
37
40
41
42
41
43
42
41
44
43
44
45
43
44
46
45
46
47
45
48
49
50
49
51
50
52
53
54
53
55
54
56
57
58
59
56
58
58
60
59
60
61
59
62
63
64
63
65
64
66
67
68
67
69
68
70
71
72
71
73
72
74
75
76
75
77
76
75
78
77
78
79
77
75
80
78
80
81
78
82
83
84
83
85
84
83
86
85
86
87
85
88
89
90
89
91
90
89
92
91
92
93
91
93
94
91
94
95
91
96
97
98
97
99
98
100
101
102
101
103
102
104
105
106
105
107
106
108
109
110
109
111
110
112
113
114
113
115
114
113
116
115
116
117
115
116
118
117
118
119
117
120
121
122
121
123
122
121
124
123
124
125
123
124
126
125
126
127
125
128
129
130
129
131
130
132
133
134
133
135
134
136
137
138
139
136
138
138
140
139
140
141
139
142
143
144
143
145
144
146
147
148
147
149
148
150
151
152
151
153
152
154
155
156
155
157
156
155
158
157
158
159
157
155
160
158
160
161
158
162
163
164
163
165
164
163
166
165
166
167
165
168
169
170
169
171
170
169
172
171
172
173
171
173
174
171
174
175
171
176
177
178
177
179
178
180
181
182
181
183
182
184
185
186
184
186
187
188
184
187
189
188
187
185
190
186
191
189
187
191
187
192
193
191
192
194
193
192
195
194
192
186
190
196
192
196
195
190
197
196
196
198
195
196
197
199
198
196
199
186
200
187
186
196
200
200
201
187
187
201
192
196
202
200
201
203
192
192
203
196
203
202
196
204
205
206
204
206
207
208
204
207
209
208
207
205
210
206
211
209
207
211
207
212
213
211
212
214
213
212
215
214
212
206
210
216
212
216
215
210
217
216
216
218
215
216
217
219
218
216
219
206
220
207
206
216
220
220
221
207
207
221
212
216
222
220
221
223
212
212
223
216
223
222
216
