MESH3
doorL
44
0.8840278,-0.2177869,0.2280134
0.8840278,-0.04778692,0.2280134
0.9060278,-0.04778692,0.2280134
0.9060278,-0.2177869,0.2280134
0.8840278,-0.04778692,0.2280134
0.8840278,-0.04778692,0.2610134
0.9060278,-0.04778692,0.2610134
0.9060278,-0.04778692,0.2280134
0.8840278,-0.04778692,0.2610134
0.8840278,-0.2177869,0.2610134
0.9060278,-0.2177869,0.2610134
0.9060278,-0.04778692,0.2610134
0.8840278,-0.2177869,0.2610134
0.8840278,-0.2177869,0.2280134
0.9060278,-0.2177869,0.2280134
0.9060278,-0.2177869,0.2610134
0.9060278,-0.2177869,0.2280134
0.9060278,-0.04778692,0.2280134
0.9060278,-0.04778692,0.2610134
0.9060278,-0.2177869,0.2610134
0.8840278,-0.2177869,0.2610134
0.8840278,-0.04778692,0.2610134
0.8840278,-0.04778692,0.2280134
0.8840278,-0.2177869,0.2280134
0.3447169,-1.157035,0.1963492
0.3447169,-1.157035,0.233528
0.3447169,0.7600638,0.233528
0.3447169,0.7600638,0.1963492
0.3447169,0.7600638,0.1963492
0.9649228,0.7600638,0.1963492
0.9649228,-1.157035,0.1963492
0.3447169,-1.157035,0.1963492
0.9649228,-1.157035,0.233528
0.3447169,-1.157035,0.233528
0.3447169,-1.157035,0.1963492
0.9649228,-1.157035,0.1963492
0.3447169,0.7600638,0.233528
0.3447169,-1.157035,0.233528
0.9649228,-1.157035,0.233528
0.9649228,0.7600638,0.233528
0.3447169,0.7600638,0.1963492
0.3447169,0.7600638,0.233528
0.9649228,0.7600638,0.233528
0.9649228,0.7600638,0.1963492
44
0.2812898,0.8621933
0.6629195,0.8621933
0.6629193,0.8128055
0.2812898,0.8128055
0.6629195,0.8621933
0.7370003,0.8621928
0.7370003,0.8128055
0.6629193,0.8128055
0.6629195,0.6893372
0.2812898,0.6893372
0.2812898,0.7387245
0.6629195,0.7387245
0.2072088,0.8621933
0.2812898,0.8621933
0.2812898,0.8128055
0.2072083,0.8128055
0.2812898,0.8128055
0.6629193,0.8128055
0.6629195,0.7387245
0.2812898,0.7387245
0.2812898,0.6893372
0.6629195,0.6893372
0.6629195,0.6152563
0.2812898,0.6152563
0.8850402,0.3640387
0.8850402,0.3474164
0.02793423,0.3474164
0.02793423,0.3640387
0.01840562,0.1757644
0.01840562,0.4530487
0.8755116,0.4530487
0.8755116,0.1757644
0.4555243,0.1427386
0.4555243,0.420023
0.4721457,0.420023
0.4721466,0.1427387
0.02793423,0.3474164
0.8850402,0.3474164
0.8850402,0.07013206
0.02793423,0.07013206
0.7058444,0.4524985
0.7224667,0.4524985
0.7224667,0.1752141
0.7058444,0.1752141
1
66
0
1
2
0
2
3
4
5
6
4
6
7
8
9
10
8
10
11
12
13
14
12
14
15
16
17
18
16
18
19
20
21
22
20
22
23
24
25
26
24
26
27
28
29
30
28
30
31
32
33
34
32
34
35
36
37
38
36
38
39
40
41
42
40
42
43
