MESH3
doorL
100
0.006983642,0.01791826,0.005481589
0.006983833,0.149373,0.005481589
0.006983566,0.149373,-0.5184042
0.006983642,-0.004192562,0.005481589
0.006983642,-0.149373,-0.5184042
0.006983909,-0.149373,0.005481589
0.01408829,0.01791826,0.005481589
0.01408821,0.149373,-0.5184042
0.01408848,0.149373,0.005481589
0.01408829,-0.004192562,0.005481589
0.01408829,-0.149373,-0.5184042
0.01408855,-0.149373,0.005481589
0.01408821,0.149373,-0.5184042
0.006983566,0.149373,-0.5184042
0.01408848,0.149373,0.005481589
0.006983833,0.149373,0.005481589
0.01408848,0.149373,0.005481589
0.006983833,0.149373,0.005481589
0.01408829,0.01791826,0.005481589
0.006983642,0.01791826,0.005481589
0.01408829,-0.004192562,0.005481589
0.006983642,-0.004192562,0.005481589
0.01408855,-0.149373,0.005481589
0.006983909,-0.149373,0.005481589
0.01408829,-0.149373,-0.5184042
0.006983642,-0.149373,-0.5184042
0.01408821,0.149373,-0.5184042
0.006983566,0.149373,-0.5184042
0.01408855,-0.149373,0.005481589
0.006983909,-0.149373,0.005481589
0.01408829,-0.149373,-0.5184042
0.006983642,-0.149373,-0.5184042
-0.01104305,0.02582159,-0.4620662
-0.01104305,0.02582159,-0.4488097
-0.01408855,0.03378446,-0.4620662
-0.01408855,0.03378446,-0.4488097
-0.01408855,0.1023593,-0.4620662
-0.01408855,0.1023593,-0.4488097
-0.01104305,0.110322,-0.4620662
-0.01104305,0.110322,-0.4488097
0.008302039,0.02582151,-0.4488097
0.008302039,0.02582151,-0.4620661
0.008301888,0.03378431,-0.4488097
0.008301888,0.03378431,-0.4620661
-0.009089774,0.03378439,-0.4488097
-0.009089774,0.03378439,-0.4620662
-0.009089774,0.1023592,-0.4488097
-0.009089774,0.1023592,-0.4620662
0.008301888,0.1023592,-0.4488097
0.008301888,0.1023592,-0.4620661
0.008301735,0.110322,-0.4488097
0.008301735,0.110322,-0.4620661
-0.01104305,0.110322,-0.4620662
-0.01104305,0.110322,-0.4488097
-0.001043053,0.110322,-0.4620661
-0.001043053,0.110322,-0.4488097
-0.001043053,0.02582159,-0.4620661
-0.001043053,0.02582159,-0.4488097
-0.01104305,0.02582159,-0.4620662
-0.01104305,0.02582159,-0.4488097
-0.001043053,0.02582159,-0.4488097
0.008302039,0.02582151,-0.4488097
0.008301888,0.03378431,-0.4488097
-0.009089774,0.03378439,-0.4488097
-0.01104305,0.02582159,-0.4488097
-0.01408855,0.03378446,-0.4488097
-0.01408855,0.1023593,-0.4488097
-0.009089774,0.1023592,-0.4488097
-0.01104305,0.110322,-0.4488097
-0.001043053,0.110322,-0.4488097
0.008301888,0.1023592,-0.4488097
0.008301735,0.110322,-0.4488097
-0.009089774,0.03378439,-0.4488097
0.008301888,0.03378431,-0.4488097
-0.009089774,0.03378439,-0.4620662
0.008301888,0.03378431,-0.4620661
0.008301888,0.03378431,-0.4620661
0.008302039,0.02582151,-0.4620661
-0.001043053,0.02582159,-0.4620661
-0.009089774,0.03378439,-0.4620662
-0.01104305,0.02582159,-0.4620662
-0.01408855,0.03378446,-0.4620662
-0.009089774,0.1023592,-0.4620662
-0.01408855,0.1023593,-0.4620662
-0.01104305,0.110322,-0.4620662
-0.001043053,0.110322,-0.4620661
0.008301888,0.1023592,-0.4620661
0.008301735,0.110322,-0.4620661
-0.001043053,0.02582159,-0.4620661
0.008302039,0.02582151,-0.4620661
-0.001043053,0.02582159,-0.4488097
0.008302039,0.02582151,-0.4488097
-0.001043053,0.110322,-0.4488097
0.008301735,0.110322,-0.4488097
-0.001043053,0.110322,-0.4620661
0.008301735,0.110322,-0.4620661
-0.009089774,0.1023592,-0.4620662
0.008301888,0.1023592,-0.4620661
-0.009089774,0.1023592,-0.4488097
0.008301888,0.1023592,-0.4488097
100
0.5252111,0.238066
0.5252111,0.1215789
0.06097442,0.1215789
0.5252111,0.2576594
0.06097442,0.3863097
0.5252111,0.3863097
0.5252111,0.5408486
0.06097442,0.6573361
0.5252111,0.6573361
0.5252111,0.5212551
0.05782653,0.3894575
0.5283585,0.3894575
0.05782653,0.1184309
0.06097442,0.1215789
0.5283589,0.1184309
0.5252111,0.1215789
0.5283589,0.1184309
0.5252111,0.1215789
0.5315063,0.238066
0.5252111,0.238066
0.5315063,0.2576594
0.5252111,0.2576594
0.5283585,0.3894575
0.5252111,0.3863097
0.05782653,0.3894575
0.06097442,0.3863097
0.05782653,0.1184309
0.06097442,0.1215789
0.5283585,0.3894575
0.5252111,0.3863097
0.05782653,0.3894575
0.06097442,0.3863097
0.7550816,0.4282069
0.7559157,0.3387512
0.7252631,0.427929
0.7260976,0.3384729
0.6954449,0.4276507
0.6962786,0.3381951
0.6656252,0.4273728
0.6664594,0.3379171
0.7567502,0.2492941
0.7575843,0.1598395
0.7269317,0.2490162
0.7277654,0.1595612
0.7269317,0.2490162
0.7277654,0.1595612
0.6971127,0.2487379
0.6979469,0.1592833
0.6971127,0.2487379
0.6979469,0.1592833
0.6672935,0.24846
0.6681272,0.1590051
0.6656252,0.4273728
0.6664594,0.3379171
0.5761692,0.4265386
0.5770037,0.337083
0.8445373,0.429041
0.8453715,0.339585
0.7550816,0.4282069
0.7559157,0.3387512
0.7567502,0.2492941
0.7567502,0.2492941
0.7269317,0.2490162
0.7269317,0.2490162
0.7559157,0.3387512
0.7260976,0.3384729
0.6962786,0.3381951
0.6971127,0.2487379
0.6664594,0.3379171
0.6672935,0.24846
0.6971127,0.2487379
0.6672935,0.24846
0.7269317,0.2490162
0.7269317,0.2490162
0.7277654,0.1595612
0.7277654,0.1595612
0.7277654,0.1595612
0.7575843,0.1598395
0.7575843,0.1598395
0.7277654,0.1595612
0.758418,0.07038352
0.7285995,0.07010558
0.6979469,0.1592833
0.6987813,0.06982768
0.6689621,0.06954941
0.6681272,0.1590051
0.6979469,0.1592833
0.6681272,0.1590051
0.7575843,0.1598395
0.7575843,0.1598395
0.7567502,0.2492941
0.7567502,0.2492941
0.6672935,0.24846
0.6672935,0.24846
0.6681272,0.1590051
0.6681272,0.1590051
0.6979469,0.1592833
0.6979469,0.1592833
0.6971127,0.2487379
0.6971127,0.2487379
1
192
0
1
2
0
2
3
4
3
2
4
5
3
6
7
8
6
9
7
10
7
9
10
9
11
12
13
14
13
15
14
16
17
18
17
19
18
18
19
20
19
21
20
20
21
22
21
23
22
24
25
26
25
27
26
28
29
30
29
31
30
32
33
34
33
35
34
34
35
36
35
37
36
36
37
38
37
39
38
40
41
42
41
43
42
44
45
46
45
47
46
48
49
50
49
51
50
52
53
54
53
55
54
56
57
58
57
59
58
60
61
62
63
60
62
64
60
63
65
64
63
65
63
66
63
67
66
66
67
68
67
69
68
67
70
69
70
71
69
72
73
74
73
75
74
76
77
78
79
76
78
78
80
79
80
81
79
79
81
82
81
83
82
82
83
84
85
82
84
82
85
86
85
87
86
88
89
90
89
91
90
92
93
94
93
95
94
96
97
98
97
99
98
