MESH3
doorR
44
-0.914517,-0.2177869,0.227174
-0.914517,-0.04778692,0.227174
-0.8925169,-0.04778692,0.227174
-0.8925169,-0.2177869,0.227174
-0.914517,-0.04778692,0.227174
-0.914517,-0.04778692,0.260174
-0.8925169,-0.04778692,0.260174
-0.8925169,-0.04778692,0.227174
-0.914517,-0.04778692,0.260174
-0.914517,-0.2177869,0.260174
-0.8925169,-0.2177869,0.260174
-0.8925169,-0.04778692,0.260174
-0.914517,-0.2177869,0.260174
-0.914517,-0.2177869,0.227174
-0.8925169,-0.2177869,0.227174
-0.8925169,-0.2177869,0.260174
-0.8925169,-0.2177869,0.227174
-0.8925169,-0.04778692,0.227174
-0.8925169,-0.04778692,0.260174
-0.8925169,-0.2177869,0.260174
-0.914517,-0.2177869,0.260174
-0.914517,-0.04778692,0.260174
-0.914517,-0.04778692,0.227174
-0.914517,-0.2177869,0.227174
-0.9727421,-1.157035,0.2326886
-0.3564406,-1.157035,0.2326886
-0.3564406,0.7600638,0.2326886
-0.9727421,0.7600638,0.2326886
-0.9727421,0.7600638,0.1951118
-0.3564406,0.7600638,0.1951118
-0.3564406,-1.157035,0.1951118
-0.9727421,-1.157035,0.1951118
-0.9727421,0.7600638,0.2326886
-0.3564406,0.7600638,0.2326886
-0.3564406,0.7600638,0.1951118
-0.9727421,0.7600638,0.1951118
-0.3564406,0.7600638,0.1951118
-0.3564406,0.7600638,0.2326886
-0.3564406,-1.157035,0.2326886
-0.3564406,-1.157035,0.1951118
-0.3564406,-1.157035,0.1951118
-0.3564406,-1.157035,0.2326886
-0.9727421,-1.157035,0.2326886
-0.9727421,-1.157035,0.1951118
44
0.4068164,0.8435514
0.7884461,0.8435514
0.7884461,0.7941646
0.4068164,0.7941646
0.7884461,0.8435514
0.8625271,0.8435519
0.8625271,0.7941646
0.7884461,0.7941646
0.7884462,0.6706957
0.4068164,0.6706957
0.4068164,0.7200831
0.7884461,0.7200831
0.3327351,0.8435509
0.4068164,0.8435514
0.4068164,0.7941646
0.3327356,0.7941635
0.4068164,0.7941646
0.7884461,0.7941646
0.7884461,0.7200831
0.4068164,0.7200831
0.4068164,0.6706957
0.7884462,0.6706957
0.7884462,0.5966149
0.4068164,0.5966149
0.03661381,0.1496484
0.03661381,0.4252972
0.8940631,0.4252972
0.8940617,0.1496485
0.8919724,0.337645
0.8919724,0.06199506
0.03452312,0.06199516
0.03452312,0.337645
0.7835824,0.1430198
0.7835835,0.4186684
0.8003899,0.4186685
0.8003897,0.1430187
0.8940631,0.4421037
0.8940631,0.4252972
0.03661381,0.4252972
0.03661381,0.4421037
0.08167499,0.4275067
0.0984823,0.4275067
0.0984823,0.151858
0.08167499,0.1518579
1
66
0
1
2
0
2
3
4
5
6
4
6
7
8
9
10
8
10
11
12
13
14
12
14
15
16
17
18
16
18
19
20
21
22
20
22
23
24
25
26
24
26
27
28
29
30
28
30
31
32
33
34
32
34
35
36
37
38
36
38
39
40
41
42
40
42
43
