MESH3
doorR
76
-0.6828091,1.453115,0.01501061
-0.656656,1.439566,0.04401295
-0.6525741,1.448768,0.01501054
-0.6812488,1.443102,0.04401314
-0.7105941,1.440426,0.01501054
-0.7038493,1.432781,0.04401295
-0.6750383,1.399457,0.06541485
-0.6378787,1.423296,0.04401293
-0.7172819,1.411879,0.04401293
-0.6525741,1.448768,0.01501054
-0.6294894,1.428765,0.0150103
-0.630879,1.399457,0.04401283
-0.6208838,1.399457,0.01501051
-0.6378787,1.375617,0.04401293
-0.6294894,1.370148,0.0150103
-0.656656,1.359347,0.04401293
-0.6525741,1.350145,0.01501051
-0.7271082,1.414729,0.01501051
-0.7105941,1.440426,0.01501054
-0.7271082,1.384184,0.01501051
-0.7172819,1.387034,0.04401295
-0.7105941,1.358487,0.01501051
-0.7038493,1.366132,0.04401293
-0.6812488,1.355811,0.04401316
-0.6525741,1.350145,0.01501051
-0.6828091,1.345798,0.01501063
-0.7105941,1.358487,0.01501051
-0.6582614,1.381712,0.01159661
-0.6294894,1.370148,0.0150103
-0.6208838,1.399457,0.01501051
-0.6959817,1.380613,0.0115967
-0.6582738,1.416732,0.01159674
-0.7105941,1.358487,0.01501051
-0.7271082,1.384184,0.01501051
-0.7271082,1.414729,0.01501051
-0.6294894,1.428765,0.0150103
-0.6525741,1.448768,0.01501054
-0.6828091,1.453115,0.01501061
-0.6959817,1.416857,0.01159674
-0.7105941,1.440426,0.01501054
-0.6959814,1.416857,-0.03790336
-0.6582738,1.416732,-0.03790319
-0.6582612,1.381712,-0.03790317
-0.6959814,1.380613,-0.03790341
-0.6582614,1.381712,0.01159661
-0.6959817,1.380613,0.0115967
-0.6582738,1.416732,0.01159674
-0.6582738,1.416732,-0.03790319
-0.6959817,1.416857,0.01159674
-0.6959814,1.416857,-0.03790336
-0.6959817,1.380613,0.0115967
-0.6959814,1.380613,-0.03790341
0.03470045,0.00029185,-0.06387831
0.03470045,2.500292,-0.06387831
0.03464125,2.500292,-0.02555954
0.03464125,0.00029185,-0.02555954
0.03470045,2.500292,-0.06387831
-0.9598443,2.500292,-0.06541485
-0.9599035,2.500292,-0.02709617
0.03464125,2.500292,-0.02555954
-0.9598443,0.00029185,-0.06541485
-0.9598443,2.500292,-0.06541485
0.03470045,2.500292,-0.06387831
0.03470045,0.00029185,-0.06387831
-0.9599035,0.00029185,-0.02709617
-0.9598443,0.00029185,-0.06541485
0.03470045,0.00029185,-0.06387831
0.03464125,0.00029185,-0.02555954
-0.9599035,2.500292,-0.02709617
-0.9599035,0.00029185,-0.02709617
0.03464125,0.00029185,-0.02555954
0.03464125,2.500292,-0.02555954
-0.9598443,2.500292,-0.06541485
-0.9598443,0.00029185,-0.06541485
-0.9599035,0.00029185,-0.02709617
-0.9599035,2.500292,-0.02709617
76
0.1301157,0.4517904
0.1207355,0.4372555
0.1173549,0.4494342
0.1308032,0.4395994
0.1431633,0.45081
0.1414646,0.4375911
0.1306776,0.4223662
0.1157646,0.4291195
0.1465069,0.4282826
0.1099542,0.4429684
0.1050843,0.4318318
0.1147929,0.4206046
0.10422,0.4194729
0.1177157,0.4126514
0.1079848,0.4077863
0.1240499,0.4061297
0.1152086,0.3982587
0.1586677,0.4299266
0.1542102,0.4430817
0.1584917,0.4166254
0.1469097,0.4187441
0.1544005,0.4047105
0.1428277,0.4096631
0.1337007,0.4059765
0.1237904,0.3942152
0.1353401,0.3947515
0.1471325,0.3983782
0.1249192,0.3824652
0.1147953,0.3877166
0.1106077,0.3772922
0.1387668,0.3815326
0.1236842,0.3696443
0.1448992,0.3891152
0.1500355,0.3791238
0.1489545,0.3679417
0.1127208,0.366258
0.120464,0.3581184
0.1313788,0.3554568
0.137484,0.3682642
0.1419996,0.3591189
0.7955481,0.5085662
0.7961492,0.5270768
0.8133425,0.5265803
0.8133422,0.5080495
0.8376543,0.5265781
0.8376543,0.5080513
0.8376543,0.5437784
0.8133425,0.5437784
0.8376543,0.5622986
0.8133425,0.5622986
0.8376543,0.5801001
0.8133425,0.5801001
0.8088158,0.7567559
0.9917356,0.756756
0.9917356,0.7595597
0.8088158,0.7595596
0.9917356,0.756756
0.9917356,0.6839869
0.9945393,0.683987
0.9945393,0.7567559
0.8088157,0.6839869
0.9917356,0.6839869
0.9917356,0.756756
0.8088158,0.7567559
0.8060119,0.6839869
0.8088157,0.6839869
0.8088158,0.7567559
0.806012,0.7567559
0.9917355,0.8323284
0.8088157,0.8323284
0.8088158,0.7595596
0.9917356,0.7595597
0.9917356,0.8351318
0.8088157,0.8351318
0.8088157,0.8323284
0.9917355,0.8323284
1
210
0
1
2
0
3
1
4
3
0
4
5
3
6
1
3
6
3
5
6
7
1
6
5
8
9
1
7
9
7
10
10
7
11
6
11
7
10
11
12
12
11
13
6
13
11
12
13
14
14
13
15
13
6
15
14
15
16
17
8
5
17
5
18
19
8
17
19
20
8
6
8
20
21
20
19
21
22
20
6
20
22
6
23
15
6
22
23
24
15
23
25
23
22
24
23
25
25
22
26
27
24
25
27
28
24
27
29
28
30
27
25
31
29
27
25
32
30
33
30
32
34
30
33
31
35
29
36
35
31
37
36
31
34
38
30
37
31
38
39
38
34
38
39
37
40
41
42
40
42
43
44
43
42
44
45
43
46
44
42
46
42
47
48
46
47
48
47
49
50
48
49
50
49
51
52
53
54
52
54
55
56
57
58
56
58
59
60
61
62
60
62
63
64
65
66
64
66
67
68
69
70
68
70
71
72
73
74
72
74
75
