MESH3
door03
92
0.5017373,0.1534094,0.00855732
0.5017373,0.1673287,0.00855732
0.4933763,0.1673287,0.01175507
0.4933763,0.1534094,0.01175507
0.4213727,0.1673287,0.01175503
0.4213727,0.1534094,0.01175503
0.4130118,0.1673287,0.008557281
0.4130118,0.1534094,0.008557281
0.4213727,0.1673287,0.01175503
0.4130119,0.1673287,-0.001942749
0.4130118,0.1673287,0.008557281
0.4213727,0.1673287,0.006506386
0.4130118,0.1673287,-0.01175472
0.4213728,0.1673287,-0.01175491
0.4933763,0.1673287,0.01175507
0.4933764,0.1673287,0.006506348
0.5017373,0.1673287,0.00855732
0.5017373,0.1673287,-0.001942711
0.4933764,0.1673287,-0.01175488
0.5017374,0.1673287,-0.01175507
0.5017374,0.1673287,-0.01175507
0.5017374,0.1534094,-0.01175507
0.4933764,0.1534094,-0.01175488
0.4933764,0.1673287,-0.01175488
0.4933764,0.1673287,0.006506348
0.4933764,0.1534094,0.006506348
0.4213727,0.1534094,0.006506386
0.4213727,0.1673287,0.006506386
0.4213728,0.1673287,-0.01175491
0.4213728,0.1534094,-0.01175491
0.4130118,0.1534094,-0.01175472
0.4130118,0.1673287,-0.01175472
0.5017373,0.1534094,-0.001942711
0.5017373,0.1534094,0.00855732
0.4933763,0.1534094,0.01175507
0.4933764,0.1534094,0.006506348
0.5017374,0.1534094,-0.01175507
0.4933764,0.1534094,-0.01175488
0.4213727,0.1534094,0.01175503
0.4213727,0.1534094,0.006506386
0.4130118,0.1534094,0.008557281
0.4130119,0.1534094,-0.001942749
0.4213728,0.1534094,-0.01175491
0.4130118,0.1534094,-0.01175472
0.4130118,0.1534094,0.008557281
0.4130118,0.1673287,0.008557281
0.4130119,0.1673287,-0.001942749
0.4130119,0.1534094,-0.001942749
0.5017373,0.1534094,-0.001942711
0.5017373,0.1673287,-0.001942711
0.5017373,0.1673287,0.00855732
0.5017373,0.1534094,0.00855732
0.4933764,0.1673287,0.006506348
0.4933764,0.1673287,-0.01175488
0.4933764,0.1534094,-0.01175488
0.4933764,0.1534094,0.006506348
0.5017373,0.1534094,-0.001942711
0.5017374,0.1534094,-0.01175507
0.5017374,0.1673287,-0.01175507
0.5017373,0.1673287,-0.001942711
0.4130119,0.1673287,-0.001942749
0.4130118,0.1673287,-0.01175472
0.4130118,0.1534094,-0.01175472
0.4130119,0.1534094,-0.001942749
0.4213727,0.1534094,0.006506386
0.4213728,0.1534094,-0.01175491
0.4213728,0.1673287,-0.01175491
0.4213727,0.1673287,0.006506386
0.557228,-0.3601972,0.000189209
0.557228,0.3601972,0.000189209
0.0002432614,0.3601972,0.0001891708
0.0002432614,-0.3601972,0.0001891708
0.557228,-0.3601972,-0.01012238
0.0002432614,-0.3601972,-0.01012241
0.0002432614,0.3601972,-0.01012241
0.557228,0.3601972,-0.01012238
0.557228,-0.3601972,-0.01012238
0.557228,-0.3601972,0.000189209
0.0002432614,-0.3601972,0.0001891708
0.0002432614,-0.3601972,-0.01012241
0.0002432614,-0.3601972,-0.01012241
0.0002432614,-0.3601972,0.0001891708
0.0002432614,0.3601972,0.0001891708
0.0002432614,0.3601972,-0.01012241
0.0002432614,0.3601972,-0.01012241
0.0002432614,0.3601972,0.0001891708
0.557228,0.3601972,0.000189209
0.557228,0.3601972,-0.01012238
0.557228,0.3601972,-0.01012238
0.557228,0.3601972,0.000189209
0.557228,-0.3601972,0.000189209
0.557228,-0.3601972,-0.01012238
92
0.6985443,0.009973187
0.6985443,0.03935242
0.7083372,0.03935242
0.7083372,0.009973187
0.7181304,0.03935242
0.7181304,0.009973187
0.7279238,0.03935242
0.7279238,0.009973187
0.7181304,0.03935242
0.7279238,0.06873207
0.7279238,0.03935242
0.7181304,0.06873207
0.7279238,0.06873207
0.7181304,0.06873207
0.7083372,0.03935242
0.7083372,0.06873207
0.6985443,0.03935242
0.6985443,0.06873207
0.7083372,0.06873207
0.6985443,0.06873207
0.6985443,0.06873207
0.6985443,0.09811106
0.7083372,0.09811106
0.7083372,0.06873207
0.7083372,0.06873207
0.7083372,0.09811106
0.7181304,0.09811106
0.7181304,0.06873207
0.7181304,0.06873207
0.7181304,0.09811106
0.7279238,0.09811106
0.7279238,0.06873207
0.6985443,0.09811106
0.6985443,0.1274903
0.7083372,0.1274903
0.7083372,0.09811106
0.6985443,0.09811106
0.7083372,0.09811106
0.7181304,0.1274903
0.7181304,0.09811106
0.7279238,0.1274903
0.7279238,0.09811106
0.7181304,0.09811106
0.7279238,0.09811106
0.7279238,0.009973187
0.7279238,0.03935242
0.757303,0.03935242
0.757303,0.009973187
0.669165,0.009973187
0.669165,0.03935242
0.6985443,0.03935242
0.6985443,0.009973187
0.7083372,0.06873207
0.7083372,0.06873207
0.7083372,0.09811106
0.7083372,0.09811106
0.6985443,0.09811106
0.6985443,0.09811106
0.6985443,0.06873207
0.6985443,0.06873207
0.7279238,0.06873207
0.7279238,0.06873207
0.7279238,0.09811106
0.7279238,0.09811106
0.7181304,0.09811106
0.7181304,0.09811106
0.7181304,0.06873207
0.7181304,0.06873207
0.3001253,0.3547684
0.3001253,0.2759596
0.239193,0.2759596
0.239193,0.3547683
0.1771326,0.3547683
0.238065,0.3547683
0.238065,0.2759596
0.1771326,0.2759596
0.3001253,0.3558964
0.3001253,0.3547684
0.239193,0.3547683
0.239193,0.3558964
0.238065,0.3547683
0.239193,0.3547683
0.239193,0.2759596
0.238065,0.2759596
0.239193,0.2748315
0.239193,0.2759596
0.3001253,0.2759596
0.3001253,0.2748315
0.3012534,0.2759596
0.3001253,0.2759596
0.3001253,0.3547684
0.3012534,0.3547684
1
168
0
1
2
0
2
3
3
2
4
3
4
5
5
4
6
5
6
7
8
9
10
8
11
9
11
12
9
11
13
12
14
11
8
14
15
11
16
15
14
16
17
15
17
18
15
17
19
18
20
21
22
20
22
23
24
25
26
24
26
27
28
29
30
28
30
31
32
33
34
32
34
35
35
36
32
35
37
36
35
34
38
35
38
39
39
38
40
39
40
41
41
42
39
41
43
42
44
45
46
44
46
47
48
49
50
48
50
51
52
53
54
52
54
55
56
57
58
56
58
59
60
61
62
60
62
63
64
65
66
64
66
67
68
69
70
68
70
71
72
73
74
72
74
75
76
77
78
76
78
79
80
81
82
80
82
83
84
85
86
84
86
87
88
89
90
88
90
91
