MESH3
door02
92
0.557228,-0.3601972,0.0001891708
0.557228,0.3601972,0.0001891708
0.0002432614,0.3601972,0.0001891327
0.0002432614,-0.3601972,0.0001891327
0.557228,-0.3601972,-0.01012241
0.0002432614,-0.3601972,-0.01012245
0.0002432614,0.3601972,-0.01012245
0.557228,0.3601972,-0.01012241
0.557228,-0.3601972,-0.01012241
0.557228,-0.3601972,0.0001891708
0.0002432614,-0.3601972,0.0001891327
0.0002432614,-0.3601972,-0.01012245
0.0002432614,-0.3601972,-0.01012245
0.0002432614,-0.3601972,0.0001891327
0.0002432614,0.3601972,0.0001891327
0.0002432614,0.3601972,-0.01012245
0.0002432614,0.3601972,-0.01012245
0.0002432614,0.3601972,0.0001891327
0.557228,0.3601972,0.0001891708
0.557228,0.3601972,-0.01012241
0.557228,0.3601972,-0.01012241
0.557228,0.3601972,0.0001891708
0.557228,-0.3601972,0.0001891708
0.557228,-0.3601972,-0.01012241
0.505866,0.1534094,0.008557281
0.505866,0.1673287,0.008557281
0.4975051,0.1673287,0.01175507
0.4975051,0.1534094,0.01175507
0.4255014,0.1673287,0.01175507
0.4255014,0.1534094,0.01175507
0.4171405,0.1673287,0.008557281
0.4171405,0.1534094,0.008557281
0.4255014,0.1673287,0.01175507
0.4171405,0.1673287,-0.001942711
0.4171405,0.1673287,0.008557281
0.4255015,0.1673287,0.006506348
0.4171406,0.1673287,-0.01175476
0.4255015,0.1673287,-0.01175491
0.4975051,0.1673287,0.01175507
0.497505,0.1673287,0.006506348
0.505866,0.1673287,0.008557281
0.505866,0.1673287,-0.001942711
0.4975051,0.1673287,-0.01175491
0.505866,0.1673287,-0.01175507
0.505866,0.1673287,-0.01175507
0.505866,0.1534094,-0.01175507
0.4975051,0.1534094,-0.01175491
0.4975051,0.1673287,-0.01175491
0.497505,0.1673287,0.006506348
0.497505,0.1534094,0.006506348
0.4255015,0.1534094,0.006506348
0.4255015,0.1673287,0.006506348
0.4255015,0.1673287,-0.01175491
0.4255015,0.1534094,-0.01175491
0.4171406,0.1534094,-0.01175476
0.4171406,0.1673287,-0.01175476
0.505866,0.1534094,-0.001942711
0.505866,0.1534094,0.008557281
0.4975051,0.1534094,0.01175507
0.497505,0.1534094,0.006506348
0.505866,0.1534094,-0.01175507
0.4975051,0.1534094,-0.01175491
0.4255014,0.1534094,0.01175507
0.4255015,0.1534094,0.006506348
0.4171405,0.1534094,0.008557281
0.4171405,0.1534094,-0.001942711
0.4255015,0.1534094,-0.01175491
0.4171406,0.1534094,-0.01175476
0.4171405,0.1534094,0.008557281
0.4171405,0.1673287,0.008557281
0.4171405,0.1673287,-0.001942711
0.4171405,0.1534094,-0.001942711
0.505866,0.1534094,-0.001942711
0.505866,0.1673287,-0.001942711
0.505866,0.1673287,0.008557281
0.505866,0.1534094,0.008557281
0.497505,0.1673287,0.006506348
0.4975051,0.1673287,-0.01175491
0.4975051,0.1534094,-0.01175491
0.497505,0.1534094,0.006506348
0.505866,0.1534094,-0.001942711
0.505866,0.1534094,-0.01175507
0.505866,0.1673287,-0.01175507
0.505866,0.1673287,-0.001942711
0.4171405,0.1673287,-0.001942711
0.4171406,0.1673287,-0.01175476
0.4171406,0.1534094,-0.01175476
0.4171405,0.1534094,-0.001942711
0.4255015,0.1534094,0.006506348
0.4255015,0.1534094,-0.01175491
0.4255015,0.1673287,-0.01175491
0.4255015,0.1673287,0.006506348
92
0.300553,0.4418317
0.300553,0.3630229
0.2396207,0.3630229
0.2396207,0.4418316
0.1775603,0.4418316
0.2384926,0.4418316
0.2384926,0.3630229
0.1775603,0.3630229
0.300553,0.4429597
0.300553,0.4418317
0.2396207,0.4418316
0.2396207,0.4429597
0.2384926,0.4418316
0.2396207,0.4418316
0.2396207,0.3630229
0.2384926,0.3630229
0.2396207,0.3618948
0.2396207,0.3630229
0.300553,0.3630229
0.3005531,0.3618948
0.301681,0.3630229
0.300553,0.3630229
0.300553,0.4418317
0.3016811,0.4418316
0.6985441,0.009973187
0.6985441,0.03935242
0.7083372,0.03935242
0.7083372,0.009973187
0.7181302,0.03935242
0.7181302,0.009973187
0.7279238,0.03935242
0.7279238,0.009973187
0.7181302,0.03935242
0.7279238,0.06873207
0.7279238,0.03935242
0.7181302,0.06873207
0.7279238,0.06873207
0.7181302,0.06873207
0.7083372,0.03935242
0.7083372,0.06873207
0.6985441,0.03935242
0.6985441,0.06873207
0.7083372,0.06873207
0.6985441,0.06873207
0.6985441,0.06873207
0.6985441,0.09811106
0.7083372,0.09811106
0.7083372,0.06873207
0.7083372,0.06873207
0.7083372,0.09811106
0.7181302,0.09811106
0.7181302,0.06873207
0.7181302,0.06873207
0.7181302,0.09811106
0.7279238,0.09811106
0.7279238,0.06873207
0.6985441,0.09811106
0.6985441,0.1274903
0.7083372,0.1274903
0.7083372,0.09811106
0.6985441,0.09811106
0.7083372,0.09811106
0.7181302,0.1274903
0.7181302,0.09811106
0.7279238,0.1274903
0.7279238,0.09811106
0.7181302,0.09811106
0.7279238,0.09811106
0.7279238,0.009973187
0.7279238,0.03935242
0.7573029,0.03935242
0.7573029,0.009973187
0.669165,0.009973187
0.669165,0.03935242
0.6985441,0.03935242
0.6985441,0.009973187
0.7083372,0.06873207
0.7083372,0.06873207
0.7083372,0.09811106
0.7083372,0.09811106
0.6985441,0.09811106
0.6985441,0.09811106
0.6985441,0.06873207
0.6985441,0.06873207
0.7279238,0.06873207
0.7279238,0.06873207
0.7279238,0.09811106
0.7279238,0.09811106
0.7181302,0.09811106
0.7181302,0.09811106
0.7181302,0.06873207
0.7181302,0.06873207
1
168
0
1
2
0
2
3
4
5
6
4
6
7
8
9
10
8
10
11
12
13
14
12
14
15
16
17
18
16
18
19
20
21
22
20
22
23
24
25
26
24
26
27
27
26
28
27
28
29
29
28
30
29
30
31
32
33
34
32
35
33
35
36
33
35
37
36
38
35
32
38
39
35
40
39
38
40
41
39
41
42
39
41
43
42
44
45
46
44
46
47
48
49
50
48
50
51
52
53
54
52
54
55
56
57
58
56
58
59
59
60
56
59
61
60
59
58
62
59
62
63
63
62
64
63
64
65
65
66
63
65
67
66
68
69
70
68
70
71
72
73
74
72
74
75
76
77
78
76
78
79
80
81
82
80
82
83
84
85
86
84
86
87
88
89
90
88
90
91
