MESH3
door01
92
0.649527,-0.3601972,0.0001891327
0.649527,0.3601972,0.0001891327
-0.00293778,0.3601972,0.0001890945
-0.00293778,-0.3601972,0.0001890945
0.649527,-0.3601972,-0.01012245
-0.00293778,-0.3601972,-0.01012249
-0.00293778,0.3601972,-0.01012249
0.649527,0.3601972,-0.01012245
0.649527,-0.3601972,-0.01012245
0.649527,-0.3601972,0.0001891327
-0.00293778,-0.3601972,0.0001890945
-0.00293778,-0.3601972,-0.01012249
-0.00293778,-0.3601972,-0.01012249
-0.00293778,-0.3601972,0.0001890945
-0.00293778,0.3601972,0.0001890945
-0.00293778,0.3601972,-0.01012249
-0.00293778,0.3601972,-0.01012249
-0.00293778,0.3601972,0.0001890945
0.649527,0.3601972,0.0001891327
0.649527,0.3601972,-0.01012245
0.649527,0.3601972,-0.01012245
0.649527,0.3601972,0.0001891327
0.649527,-0.3601972,0.0001891327
0.649527,-0.3601972,-0.01012245
0.5967738,0.1534094,0.008557205
0.5967738,0.1673287,0.008557205
0.5884131,0.1673287,0.01175507
0.5884131,0.1534094,0.01175507
0.5164093,0.1673287,0.01175499
0.5164093,0.1534094,0.01175499
0.5080484,0.1673287,0.008557205
0.5080484,0.1534094,0.008557205
0.5164093,0.1673287,0.01175499
0.5080483,0.1673287,-0.001942825
0.5080484,0.1673287,0.008557205
0.5164093,0.1673287,0.006506271
0.5080487,0.1673287,-0.01175476
0.5164095,0.1673287,-0.01175491
0.5884131,0.1673287,0.01175507
0.5884131,0.1673287,0.006506348
0.5967738,0.1673287,0.008557205
0.5967739,0.1673287,-0.001942825
0.5884129,0.1673287,-0.01175499
0.596774,0.1673287,-0.01175507
0.596774,0.1673287,-0.01175507
0.596774,0.1534094,-0.01175507
0.5884129,0.1534094,-0.01175499
0.5884129,0.1673287,-0.01175499
0.5884131,0.1673287,0.006506348
0.5884131,0.1534094,0.006506348
0.5164093,0.1534094,0.006506271
0.5164093,0.1673287,0.006506271
0.5164095,0.1673287,-0.01175491
0.5164095,0.1534094,-0.01175491
0.5080487,0.1534094,-0.01175476
0.5080487,0.1673287,-0.01175476
0.5967739,0.1534094,-0.001942825
0.5967738,0.1534094,0.008557205
0.5884131,0.1534094,0.01175507
0.5884131,0.1534094,0.006506348
0.596774,0.1534094,-0.01175507
0.5884129,0.1534094,-0.01175499
0.5164093,0.1534094,0.01175499
0.5164093,0.1534094,0.006506271
0.5080484,0.1534094,0.008557205
0.5080483,0.1534094,-0.001942825
0.5164095,0.1534094,-0.01175491
0.5080487,0.1534094,-0.01175476
0.5080484,0.1534094,0.008557205
0.5080484,0.1673287,0.008557205
0.5080483,0.1673287,-0.001942825
0.5080483,0.1534094,-0.001942825
0.5967739,0.1534094,-0.001942825
0.5967739,0.1673287,-0.001942825
0.5967738,0.1673287,0.008557205
0.5967738,0.1534094,0.008557205
0.5884131,0.1673287,0.006506348
0.5884129,0.1673287,-0.01175499
0.5884129,0.1534094,-0.01175499
0.5884131,0.1534094,0.006506348
0.5967739,0.1534094,-0.001942825
0.596774,0.1534094,-0.01175507
0.596774,0.1673287,-0.01175507
0.5967739,0.1673287,-0.001942825
0.5080483,0.1673287,-0.001942825
0.5080487,0.1673287,-0.01175476
0.5080487,0.1534094,-0.01175476
0.5080483,0.1534094,-0.001942825
0.5164093,0.1534094,0.006506271
0.5164095,0.1534094,-0.01175491
0.5164095,0.1673287,-0.01175491
0.5164093,0.1673287,0.006506271
92
0.2999023,0.2648787
0.2999023,0.1975803
0.2389497,0.1975803
0.2389498,0.2648787
0.1770339,0.2648787
0.2379864,0.2648787
0.2379864,0.1975803
0.1770339,0.1975803
0.2999023,0.265842
0.2999023,0.2648787
0.2389498,0.2648787
0.2389497,0.265842
0.2379864,0.2648787
0.2389498,0.2648787
0.2389497,0.1975803
0.2379864,0.1975803
0.2389497,0.196617
0.2389497,0.1975803
0.2999023,0.1975803
0.2999023,0.196617
0.3008656,0.1975803
0.2999023,0.1975803
0.2999023,0.2648787
0.3008656,0.2648787
0.698544,0.009973187
0.698544,0.0393525
0.7083372,0.0393525
0.7083372,0.009973187
0.7181301,0.0393525
0.7181301,0.009973187
0.7279236,0.0393525
0.7279236,0.009973187
0.7181301,0.0393525
0.7279236,0.06873214
0.7279236,0.0393525
0.7181301,0.06873214
0.7279236,0.06873214
0.7181301,0.06873214
0.7083372,0.0393525
0.7083372,0.06873214
0.698544,0.0393525
0.698544,0.06873214
0.7083372,0.06873214
0.698544,0.06873214
0.698544,0.06873214
0.698544,0.098111
0.7083372,0.098111
0.7083372,0.06873214
0.7083372,0.06873214
0.7083372,0.098111
0.7181301,0.098111
0.7181301,0.06873214
0.7181301,0.06873214
0.7181301,0.098111
0.7279236,0.098111
0.7279236,0.06873214
0.698544,0.098111
0.698544,0.1274903
0.7083372,0.1274903
0.7083372,0.098111
0.698544,0.098111
0.7083372,0.098111
0.7181301,0.1274903
0.7181301,0.098111
0.7279236,0.1274903
0.7279236,0.098111
0.7181301,0.098111
0.7279236,0.098111
0.7279236,0.009973187
0.7279236,0.0393525
0.7573029,0.0393525
0.7573029,0.009973187
0.669165,0.009973187
0.669165,0.0393525
0.698544,0.0393525
0.698544,0.009973187
0.7083372,0.06873214
0.7083372,0.06873214
0.7083372,0.098111
0.7083372,0.098111
0.698544,0.098111
0.698544,0.098111
0.698544,0.06873214
0.698544,0.06873214
0.7279236,0.06873214
0.7279236,0.06873214
0.7279236,0.098111
0.7279236,0.098111
0.7181301,0.098111
0.7181301,0.098111
0.7181301,0.06873214
0.7181301,0.06873214
1
168
0
1
2
0
2
3
4
5
6
4
6
7
8
9
10
8
10
11
12
13
14
12
14
15
16
17
18
16
18
19
20
21
22
20
22
23
24
25
26
24
26
27
27
26
28
27
28
29
29
28
30
29
30
31
32
33
34
32
35
33
35
36
33
35
37
36
38
35
32
38
39
35
40
39
38
40
41
39
41
42
39
41
43
42
44
45
46
44
46
47
48
49
50
48
50
51
52
53
54
52
54
55
56
57
58
56
58
59
59
60
56
59
61
60
59
58
62
59
62
63
63
62
64
63
64
65
65
66
63
65
67
66
68
69
70
68
70
71
72
73
74
72
74
75
76
77
78
76
78
79
80
81
82
80
82
83
84
85
86
84
86
87
88
89
90
88
90
91
