MESH3
draw04
176
0.04128534,0.009259854,0.3150921
0.04128534,0.02317913,0.3150921
0.03292429,0.02317913,0.3182898
0.03292429,0.009259854,0.3182898
-0.03907919,0.02317913,0.3182899
-0.03907919,0.009259854,0.3182899
-0.04744009,0.02317913,0.3150921
-0.04744009,0.009259854,0.3150921
-0.03907919,0.02317913,0.3182899
-0.04744013,0.02317913,0.3045921
-0.04744009,0.02317913,0.3150921
-0.03907919,0.02317913,0.3130411
-0.04744009,0.02317913,0.29478
-0.03907919,0.02317913,0.2947798
0.03292429,0.02317913,0.3182898
0.03292444,0.02317913,0.3130412
0.04128534,0.02317913,0.3150921
0.0412853,0.02317913,0.304592
0.03292444,0.02317913,0.2947799
0.04128534,0.02317913,0.2947797
0.04128534,0.02317913,0.2947797
0.04128534,0.009259854,0.2947797
0.03292444,0.009259854,0.2947799
0.03292444,0.02317913,0.2947799
0.03292444,0.02317913,0.3130412
0.03292444,0.009259854,0.3130412
-0.03907919,0.009259854,0.3130411
-0.03907919,0.02317913,0.3130411
-0.03907919,0.02317913,0.2947798
-0.03907919,0.009259854,0.2947798
-0.04744009,0.009259854,0.29478
-0.04744009,0.02317913,0.29478
0.0412853,0.009259854,0.304592
0.04128534,0.009259854,0.3150921
0.03292429,0.009259854,0.3182898
0.03292444,0.009259854,0.3130412
0.04128534,0.009259854,0.2947797
0.03292444,0.009259854,0.2947799
-0.03907919,0.009259854,0.3182899
-0.03907919,0.009259854,0.3130411
-0.04744009,0.009259854,0.3150921
-0.04744013,0.009259854,0.3045921
-0.03907919,0.009259854,0.2947798
-0.04744009,0.009259854,0.29478
-0.04744009,0.009259854,0.3150921
-0.04744009,0.02317913,0.3150921
-0.04744013,0.02317913,0.3045921
-0.04744013,0.009259854,0.3045921
0.0412853,0.009259854,0.304592
0.0412853,0.02317913,0.304592
0.04128534,0.02317913,0.3150921
0.04128534,0.009259854,0.3150921
0.03292444,0.02317913,0.3130412
0.03292444,0.02317913,0.2947799
0.03292444,0.009259854,0.2947799
0.03292444,0.009259854,0.3130412
0.0412853,0.009259854,0.304592
0.04128534,0.009259854,0.2947797
0.04128534,0.02317913,0.2947797
0.0412853,0.02317913,0.304592
-0.04744013,0.02317913,0.3045921
-0.04744009,0.02317913,0.29478
-0.04744009,0.009259854,0.29478
-0.04744013,0.009259854,0.3045921
-0.03907919,0.009259854,0.3130411
-0.03907919,0.009259854,0.2947798
-0.03907919,0.02317913,0.2947798
-0.03907919,0.02317913,0.3130411
0.2595264,-0.0900494,-0.3182898
0.2457585,0.009753074,-0.3182899
0.2595264,0.009753074,-0.3182898
0.2457585,-0.0900494,-0.3182899
-0.2457174,0.009752998,-0.3182899
-0.2457174,-0.0900494,-0.3182899
-0.2595265,0.009752998,-0.3182899
-0.2595265,-0.0900494,-0.3182899
0.2595265,-0.08540358,0.2964124
0.2595265,-0.08540358,0.3067723
0.2457585,-0.08540358,0.3067724
0.2457585,-0.08540358,0.2964124
0.2595265,-0.0900494,-0.3054982
-0.2457174,-0.08540358,0.2964124
-0.2457174,-0.08540358,0.3067724
0.2457585,-0.0900494,-0.3054982
0.2595264,-0.0900494,-0.3182898
0.2457585,-0.0900494,-0.3182899
-0.2457174,-0.0900494,-0.3054982
-0.2457174,-0.0900494,-0.3182899
-0.2595265,-0.08540358,0.2964124
-0.2595265,-0.08540358,0.3067724
-0.2595265,-0.0900494,-0.3054982
-0.2595265,-0.0900494,-0.3182899
-0.2595265,-0.08540358,0.2964124
-0.2595265,-0.08540358,0.3067724
-0.2595265,0.009752998,0.3067724
-0.2595265,0.009752998,0.2964124
-0.2595265,-0.0900494,-0.3054982
-0.2595265,0.09004932,0.2964124
-0.2595265,0.09004932,0.3067724
-0.2595265,0.009752998,-0.3054982
-0.2595265,-0.0900494,-0.3182899
-0.2595265,0.009752998,-0.3182899
0.2457585,0.0900494,0.2964124
0.2595265,0.0900494,0.3067723
0.2595265,0.0900494,0.2964124
0.2457585,0.0900494,0.3067724
-0.2457174,0.09004932,0.2964124
-0.2457174,0.09004932,0.3067724
-0.2595265,0.09004932,0.2964124
-0.2595265,0.09004932,0.3067724
0.2595265,0.009753074,0.3067723
0.2595265,-0.08540358,0.3067723
0.2595265,-0.08540358,0.2964124
0.2595265,0.009753074,0.2964124
0.2595265,0.0900494,0.2964124
0.2595265,0.0900494,0.3067723
0.2595265,0.009753074,-0.3054982
0.2595265,-0.0900494,-0.3054982
0.2595264,0.009753074,-0.3182898
0.2595264,-0.0900494,-0.3182898
0.2595265,0.009753074,0.2964124
0.2457585,0.0900494,0.2964124
0.2595265,0.0900494,0.2964124
0.2457585,0.009753074,0.2964124
-0.2457174,0.09004932,0.2964124
-0.2457174,0.009752998,0.2964124
-0.2595265,0.09004932,0.2964124
-0.2595265,0.009752998,0.2964124
0.2595265,0.009753074,0.3067723
0.2595265,0.0900494,0.3067723
0.2457585,0.0900494,0.3067724
0.2457585,0.009753074,0.3067724
0.2595265,-0.08540358,0.3067723
0.2457585,-0.08540358,0.3067724
-0.2457174,-0.08540358,0.3067724
-0.2457174,0.009752998,0.3067724
-0.2595265,-0.08540358,0.3067724
-0.2457174,0.09004932,0.3067724
-0.2595265,0.009752998,0.3067724
-0.2595265,0.09004932,0.3067724
0.2595265,0.009753074,0.2964124
0.2457585,0.009753074,-0.3054982
0.2457585,0.009753074,0.2964124
0.2595265,0.009753074,-0.3054982
0.2457585,0.009753074,-0.3182899
0.2595264,0.009753074,-0.3182898
-0.2457174,0.009752998,-0.3054982
-0.2595265,0.009752998,0.2964124
-0.2457174,0.009752998,0.2964124
-0.2595265,0.009752998,-0.3054982
-0.2457174,0.009752998,-0.3182899
-0.2595265,0.009752998,-0.3182899
0.2457585,-0.08010942,-0.3054982
-0.2457173,-0.08010952,-0.3054982
-0.2457173,-0.0754637,0.2964124
0.2457585,-0.07546362,0.2964124
0.2457585,0.009753074,-0.3182899
-0.2457174,0.009752998,-0.3182899
-0.2457174,0.009752998,-0.3054982
0.2457585,0.009753074,-0.3054982
0.2457585,0.009753074,-0.3054982
0.2457585,-0.08010942,-0.3054982
0.2457585,-0.07546362,0.2964124
0.2457585,0.009753074,0.2964124
0.2457585,0.009753074,0.2964124
0.2457585,-0.07546362,0.2964124
-0.2457173,-0.0754637,0.2964124
-0.2457174,0.009752998,0.2964124
-0.2457174,0.009752998,0.2964124
-0.2457173,-0.0754637,0.2964124
-0.2457173,-0.08010952,-0.3054982
-0.2457174,0.009752998,-0.3054982
-0.2457174,0.009752998,-0.3054982
-0.2457173,-0.08010952,-0.3054982
0.2457585,-0.08010942,-0.3054982
0.2457585,0.009753074,-0.3054982
176
0.7029058,0.01054816
0.7026148,0.04175712
0.7130178,0.04185402
0.7133088,0.01064518
0.7234206,0.04195116
0.7237117,0.01074219
0.7338241,0.04204809
0.734115,0.01083923
0.7234206,0.04195116
0.733533,0.07325737
0.7338241,0.04204809
0.7231296,0.07316045
0.733533,0.07325737
0.7231296,0.07316045
0.7130178,0.04185402
0.7127268,0.07306343
0.7026148,0.04175712
0.7023239,0.07296643
0.7127268,0.07306343
0.7023239,0.07296643
0.7023239,0.07296643
0.7020329,0.104175
0.7124358,0.1042719
0.7127268,0.07306343
0.7127268,0.07306343
0.7124358,0.1042719
0.7228386,0.104369
0.7231296,0.07316045
0.7231296,0.07316045
0.7228386,0.104369
0.733242,0.104466
0.733533,0.07325737
0.7020329,0.104175
0.7017419,0.1353839
0.7121448,0.1354809
0.7124358,0.1042719
0.7020329,0.104175
0.7124358,0.1042719
0.7225478,0.1355779
0.7228386,0.104369
0.732951,0.1356748
0.733242,0.104466
0.7228386,0.104369
0.733242,0.104466
0.734115,0.01083923
0.7338241,0.04204809
0.7650329,0.04233903
0.7653239,0.01113019
0.6716971,0.01025721
0.6714062,0.04146617
0.7026148,0.04175712
0.7029058,0.01054816
0.7127268,0.07306343
0.7127268,0.07306343
0.7124358,0.1042719
0.7124358,0.1042719
0.7020329,0.104175
0.7020329,0.104175
0.7023239,0.07296643
0.7023239,0.07296643
0.733533,0.07325737
0.733533,0.07325737
0.733242,0.104466
0.733242,0.104466
0.7228386,0.104369
0.7228386,0.104369
0.7231296,0.07316045
0.7231296,0.07316045
0.1319803,0.2548018
0.1452997,0.2566149
0.1452967,0.2547778
0.1319835,0.2566386
0.1454165,0.3221906
0.1321002,0.3222146
0.1454196,0.3240331
0.1321033,0.3240569
0.0475378,0.2532887
0.0461089,0.2532458
0.04602492,0.2551011
0.04748833,0.2551377
0.1302737,0.2548047
0.04885966,0.3229051
0.04739946,0.3230082
0.1302771,0.2566418
0.1319803,0.2548018
0.1319835,0.2566386
0.1303932,0.3222175
0.1321002,0.3222146
0.04901844,0.3247576
0.04759789,0.3248664
0.1303966,0.3240601
0.1321033,0.3240569
0.04901844,0.3247576
0.04759789,0.3248664
0.04872733,0.3375216
0.05010971,0.3375192
0.1303966,0.3240601
0.05012852,0.3482325
0.04874647,0.3482348
0.1304202,0.3373761
0.1321033,0.3240569
0.1321269,0.3373731
0.01948768,0.2543738
0.02107066,0.2525571
0.01966554,0.2525117
0.02098662,0.2544247
0.02100199,0.3254555
0.02246857,0.3252679
0.02125627,0.3273076
0.02268261,0.3271198
0.04641688,0.240436
0.0461089,0.2532458
0.0475378,0.2532887
0.04780817,0.2405046
0.04877657,0.2300856
0.0473929,0.2299605
0.1302501,0.2414883
0.1302737,0.2548047
0.1319568,0.2414854
0.1319803,0.2548018
0.008441985,0.2512348
0.01948768,0.2543738
0.01966554,0.2525117
0.008202851,0.2530932
0.02100199,0.3254555
0.00953728,0.3271782
0.02125627,0.3273076
0.009852648,0.3290168
0.03255612,0.2528569
0.02107066,0.2525571
0.02098662,0.2544247
0.03250414,0.2547279
0.0461089,0.2532458
0.04602492,0.2551011
0.04739946,0.3230082
0.03388613,0.3240681
0.04759789,0.3248664
0.02246857,0.3252679
0.03405523,0.3259305
0.02268261,0.3271198
0.5494959,0.5060298
0.4101751,0.5091455
0.5495015,0.509217
0.4101701,0.5062771
0.4072143,0.5091507
0.4072095,0.5062824
0.4158863,0.4820234
0.5552172,0.4846524
0.5552117,0.481456
0.4158913,0.4848998
0.4129255,0.4820281
0.4129305,0.4849052
0.01391244,0.5810269
0.07488975,0.5809187
0.07282621,0.5048249
0.01659772,0.5054976
0.07772923,0.4634344
0.1698768,0.4632704
0.169872,0.4603096
0.07772398,0.4604736
0.008347571,0.5866115
0.01391244,0.5810269
0.01659772,0.5054976
0.01026553,0.4991553
0.01026553,0.4991553
0.01659772,0.5054976
0.07282621,0.5048249
0.0791558,0.4979144
0.0791558,0.4979144
0.07282621,0.5048249
0.07488975,0.5809187
0.08047405,0.5864834
0.08047405,0.5864834
0.07488975,0.5809187
0.01391244,0.5810269
0.008347571,0.5866115
1
384
0
1
2
0
2
3
3
2
4
3
4
5
5
4
6
5
6
7
8
9
10
8
11
9
11
12
9
11
13
12
14
11
8
14
15
11
16
15
14
16
17
15
17
18
15
17
19
18
20
21
22
20
22
23
24
25
26
24
26
27
28
29
30
28
30
31
32
33
34
32
34
35
35
36
32
35
37
36
35
34
38
35
38
39
39
38
40
39
40
41
41
42
39
41
43
42
44
45
46
44
46
47
48
49
50
48
50
51
52
53
54
52
54
55
56
57
58
56
58
59
60
61
62
60
62
63
64
65
66
64
66
67
68
69
70
68
71
69
71
72
69
71
73
72
73
74
72
73
75
74
76
77
78
76
78
79
79
80
76
78
81
79
78
82
81
79
83
80
81
83
79
83
84
80
83
85
84
86
85
83
81
86
83
86
87
85
82
88
81
88
86
81
82
89
88
88
90
86
90
87
86
90
91
87
92
93
94
92
94
95
95
96
92
94
97
95
94
98
97
95
99
96
99
100
96
99
101
100
102
103
104
102
105
103
106
105
102
106
107
105
108
107
106
108
109
107
110
111
112
110
112
113
114
110
113
114
115
110
112
116
113
112
117
116
117
118
116
117
119
118
120
121
122
120
123
121
123
124
121
123
125
124
125
126
124
125
127
126
128
129
130
128
130
131
132
128
131
132
131
133
131
134
133
130
135
131
131
135
134
135
136
134
130
137
135
135
138
136
137
138
135
137
139
138
140
141
142
140
143
141
143
144
141
143
145
144
146
147
148
146
149
147
150
149
146
150
151
149
152
153
154
152
154
155
156
157
158
156
158
159
160
161
162
160
162
163
164
165
166
164
166
167
168
169
170
168
170
171
172
173
174
172
174
175
