MESH3
draw03
140
-0.5906913,0.3982438,-0.2960776
-0.5906913,0.2703866,-0.2960776
-1.01767,0.2703866,-0.2960776
-1.01767,0.3982438,-0.2960776
-0.5829111,0.3982438,0.207723
-0.5829111,0.4339112,0.207723
-0.5829111,0.4339112,0.215723
-0.5829111,0.3982438,0.215723
-0.5829111,0.2703866,0.207723
-0.5829111,0.2703866,0.215723
-0.5829111,0.2597303,0.207723
-0.5829111,0.2597303,0.215723
-1.025749,0.3982438,0.215723
-1.025749,0.4339112,0.215723
-1.025749,0.4339112,0.207723
-1.025749,0.3982438,0.207723
-1.025749,0.2703866,0.215723
-1.025749,0.2703866,0.207723
-1.025749,0.2597303,0.215723
-1.025749,0.2597303,0.207723
-0.6037111,0.2831913,0.2060789
-0.6037111,0.2831913,-0.2791372
-1.00465,0.2831913,-0.2791372
-1.00465,0.2831913,0.2060789
-1.01767,0.3982438,0.207723
-1.01767,0.3982438,-0.2960776
-1.01767,0.2703866,-0.2960776
-1.01767,0.2703866,0.207723
-1.01767,0.2703866,0.207723
-1.01767,0.2703866,-0.2960776
-0.5906913,0.2703866,-0.2960776
-0.5906913,0.2703866,0.207723
-0.5906913,0.2703866,0.207723
-0.5906913,0.2703866,-0.2960776
-0.5906913,0.3982438,-0.2960776
-0.5906913,0.3982438,0.207723
-1.01767,0.3982438,0.207723
-1.00473,0.3982438,0.207723
-1.00465,0.3982438,-0.2791372
-1.01767,0.3982438,-0.2960776
-1.01767,0.3982438,-0.2960776
-1.00465,0.3982438,-0.2791372
-0.6037111,0.3982438,-0.2791372
-0.5906913,0.3982438,-0.2960776
-0.5906913,0.3982438,-0.2960776
-0.6037111,0.3982438,-0.2791372
-0.6027662,0.3982438,0.207723
-0.5906913,0.3982438,0.207723
-1.00473,0.3982438,0.207723
-0.6037111,0.2831913,0.2060789
-1.00465,0.2831913,0.2060789
-0.6027662,0.3982438,0.207723
-0.5906913,0.4339112,0.207723
-0.5906913,0.3982438,0.207723
-1.01767,0.4339112,0.207723
-1.01767,0.3982438,0.207723
-1.025749,0.4339112,0.207723
-1.025749,0.3982438,0.207723
-1.01767,0.2703866,0.207723
-1.025749,0.2703866,0.207723
-0.5829111,0.3982438,0.207723
-0.5829111,0.4339112,0.207723
-0.5829111,0.2703866,0.207723
-0.5906913,0.2703866,0.207723
-1.00473,0.3982438,0.207723
-1.00465,0.2831913,0.2060789
-1.00465,0.2831913,-0.2791372
-1.00465,0.3982438,-0.2791372
-1.00465,0.3982438,-0.2791372
-1.00465,0.2831913,-0.2791372
-0.6037111,0.2831913,-0.2791372
-0.6037111,0.3982438,-0.2791372
-0.6037111,0.3982438,-0.2791372
-0.6037111,0.2831913,-0.2791372
-0.6037111,0.2831913,0.2060789
-0.6027662,0.3982438,0.207723
-1.01767,0.2597303,0.215723
-1.025749,0.2597303,0.215723
-1.025749,0.2597303,0.207723
-1.01767,0.2597303,0.207723
-0.5906913,0.2597303,0.207723
-0.5906913,0.2597303,0.215723
-0.5829111,0.2597303,0.215723
-0.5829111,0.2597303,0.207723
-1.01767,0.4339112,0.207723
-1.025749,0.4339112,0.207723
-1.025749,0.4339112,0.215723
-1.01767,0.4339112,0.215723
-0.5906913,0.4339112,0.215723
-0.5906913,0.4339112,0.207723
-0.5829111,0.4339112,0.207723
-0.5829111,0.4339112,0.215723
-1.01767,0.4339112,0.215723
-1.025749,0.4339112,0.215723
-1.025749,0.3982438,0.215723
-1.01767,0.3982438,0.215723
-1.025749,0.2703866,0.215723
-0.5906913,0.3982438,0.215723
-0.5906913,0.4339112,0.215723
-0.5829111,0.4339112,0.215723
-0.5829111,0.3982438,0.215723
-0.5906913,0.2703866,0.215723
-0.5829111,0.2703866,0.215723
-0.5829111,0.2597303,0.215723
-0.5906913,0.2597303,0.215723
-1.01767,0.2703866,0.215723
-1.01767,0.2597303,0.215723
-1.025749,0.2597303,0.215723
-1.01767,0.2703866,0.207723
-1.025749,0.2597303,0.207723
-1.025749,0.2703866,0.207723
-1.01767,0.2597303,0.207723
-0.5906913,0.2703866,0.207723
-0.5906913,0.2597303,0.207723
-0.5829111,0.2703866,0.207723
-0.5829111,0.2597303,0.207723
-0.733059,0.343367,0.2304283
-0.733059,0.3568711,0.22726
-0.8756012,0.3568711,0.22726
-0.8756012,0.343367,0.2304283
-0.733059,0.3568711,0.22726
-0.733059,0.3553423,0.2097993
-0.8756012,0.3553423,0.2097993
-0.8756012,0.3568711,0.22726
-0.733059,0.3553423,0.2097993
-0.733059,0.3441571,0.2099456
-0.8756012,0.3441571,0.2099456
-0.8756012,0.3553423,0.2097993
-0.733059,0.3441571,0.2099456
-0.733059,0.343367,0.2304283
-0.8756012,0.343367,0.2304283
-0.8756012,0.3441571,0.2099456
-0.8756012,0.343367,0.2304283
-0.8756012,0.3568711,0.22726
-0.8756012,0.3553423,0.2097993
-0.8756012,0.3441571,0.2099456
-0.733059,0.3441571,0.2099456
-0.733059,0.3553423,0.2097993
-0.733059,0.3568711,0.22726
-0.733059,0.343367,0.2304283
140
0.8107896,0.1525597
0.7501732,0.1525595
0.750173,0.3549875
0.8107894,0.3549877
0.436811,0.1450776
0.4199011,0.1450774
0.4199011,0.1488702
0.4368108,0.1488706
0.4974272,0.1450782
0.4974272,0.1488709
0.5024794,0.1450784
0.5024794,0.1488711
0.4368106,0.3588176
0.4199011,0.3588178
0.4199011,0.3626105
0.4368109,0.3626105
0.4974273,0.3588177
0.4974273,0.3626103
0.5024792,0.3588176
0.5024792,0.3626104
0.344653,0.1587319
0.1146151,0.1587313
0.1146146,0.3488143
0.3446528,0.3488146
0.511324,0.4156036
0.750173,0.4156038
0.750173,0.3549875
0.511324,0.3549874
0.511324,0.3549874
0.750173,0.3549875
0.7501732,0.1525595
0.511324,0.1525592
0.511324,0.1525592
0.7501732,0.1525595
0.7501732,0.09194345
0.5113243,0.09194281
0.511324,0.4156036
0.511324,0.4217389
0.7421418,0.4217764
0.750173,0.4156038
0.8107894,0.3549877
0.8188207,0.3488152
0.8188207,0.1587324
0.8107896,0.1525597
0.7501732,0.09194345
0.742142,0.08577079
0.5113245,0.08621832
0.5113243,0.09194281
0.3991982,0.3488525
0.344653,0.1587319
0.3446528,0.3488146
0.3991988,0.158284
0.4161083,0.1525595
0.3991988,0.1525592
0.4161082,0.3549874
0.3991984,0.3549875
0.4161082,0.3588177
0.3991984,0.3588177
0.3385821,0.3549874
0.3385821,0.3588176
0.3991988,0.148871
0.4161084,0.1488707
0.3385825,0.1488707
0.3385826,0.1525592
0.511324,0.4217389
0.512095,0.4762851
0.7421329,0.4763218
0.7421418,0.4217764
0.8188207,0.3488152
0.8733665,0.3488153
0.8733667,0.1587324
0.8188207,0.1587324
0.742142,0.08577079
0.7420359,0.03122522
0.5119982,0.03167125
0.5113245,0.08621832
0.5024792,0.3549873
0.5024792,0.3588177
0.506272,0.3588177
0.5062722,0.3549874
0.506272,0.1525595
0.5024792,0.1525595
0.5024794,0.148871
0.506272,0.148871
0.4161082,0.3549874
0.4161083,0.3588175
0.419901,0.3588176
0.419901,0.3549873
0.4199011,0.1525592
0.4161083,0.1525595
0.4161084,0.1488706
0.419901,0.1488706
0.419901,0.3549873
0.4199008,0.3588175
0.4368106,0.3588176
0.4368106,0.3549875
0.4974273,0.3588177
0.4368106,0.1525592
0.4199011,0.1525592
0.4199014,0.1488707
0.4368108,0.1488706
0.4974273,0.1525595
0.4974272,0.1488709
0.5024794,0.148871
0.5024792,0.1525595
0.4974272,0.3549873
0.5024792,0.3549873
0.5024792,0.3588177
0.511324,0.3549874
0.506272,0.3588177
0.511324,0.3588177
0.5062722,0.3549874
0.511324,0.1525592
0.506272,0.1525595
0.511324,0.148871
0.506272,0.148871
0.6783873,0.9533224
0.6783873,0.9063188
0.1888808,0.9063188
0.1888807,0.9533225
0.6783873,0.9063188
0.6783873,0.8466717
0.1888808,0.8466717
0.1888808,0.9063188
0.6783873,0.8466717
0.6783873,0.8082603
0.1888808,0.8082603
0.1888808,0.8466717
0.6783873,0.8082603
0.6783873,0.7379205
0.1888808,0.7379205
0.1888808,0.8082603
0.1888807,0.9533225
0.1888808,0.9063188
0.1293049,0.8974187
0.12102,0.9349294
0.7462482,0.9349294
0.7379633,0.8974186
0.6783873,0.9063188
0.6783873,0.9533224
1
288
0
1
2
0
2
3
4
5
6
4
6
7
8
4
7
8
7
9
9
10
8
9
11
10
12
13
14
12
14
15
16
12
15
16
15
17
17
18
16
17
19
18
20
21
22
20
22
23
24
25
26
24
26
27
28
29
30
28
30
31
32
33
34
32
34
35
36
37
38
36
38
39
40
41
42
40
42
43
44
45
46
44
46
47
48
49
50
48
51
49
48
52
51
52
53
51
48
54
52
48
55
54
55
56
54
55
57
56
58
57
55
58
59
57
52
60
53
52
61
60
53
60
62
53
62
63
64
65
66
64
66
67
68
69
70
68
70
71
72
73
74
72
74
75
76
77
78
76
78
79
80
76
79
80
81
76
80
82
81
80
83
82
84
85
86
84
86
87
88
84
87
88
89
84
88
90
89
88
91
90
92
93
94
92
94
95
95
94
96
97
92
95
97
98
92
97
99
98
97
100
99
101
100
97
101
97
95
101
102
100
101
103
102
101
104
103
101
95
105
105
104
101
95
96
105
105
106
104
96
106
105
96
107
106
108
109
110
108
111
109
112
111
108
112
113
111
114
113
112
114
115
113
116
117
118
116
118
119
120
121
122
120
122
123
124
125
126
124
126
127
128
129
130
128
130
131
132
133
134
132
134
135
136
137
138
136
138
139
