MESH3
draw06
140
0.3244426,0.07057197,-0.2632529
0.3244426,-0.09558304,-0.2632529
-0.3241436,-0.09558304,-0.263253
-0.3241436,0.07057197,-0.263253
0.3322227,0.07057197,0.2405477
0.3322227,0.1062393,0.2405477
0.3322227,0.1062393,0.2485477
0.3322227,0.07057197,0.2485477
0.3322227,-0.09558304,0.2405477
0.3322227,-0.09558304,0.2485477
0.3322227,-0.1062393,0.2405477
0.3322227,-0.1062393,0.2485477
-0.3322227,0.07057197,0.2485477
-0.3322227,0.1062393,0.2485477
-0.3322227,0.1062393,0.2405476
-0.3322227,0.07057197,0.2405476
-0.3322227,-0.09558304,0.2485477
-0.3322227,-0.09558304,0.2405476
-0.3322227,-0.1062393,0.2485477
-0.3322227,-0.1062393,0.2405476
0.3114228,-0.08277832,0.2389035
0.3114228,-0.08277832,-0.2463125
-0.3111237,-0.08277832,-0.2463126
-0.3111237,-0.08277832,0.2389035
-0.3241436,0.07057197,0.2405476
-0.3241436,0.07057197,-0.263253
-0.3241436,-0.09558304,-0.263253
-0.3241436,-0.09558304,0.2405476
-0.3241436,-0.09558304,0.2405476
-0.3241436,-0.09558304,-0.263253
0.3244426,-0.09558304,-0.2632529
0.3244426,-0.09558304,0.2405477
0.3244426,-0.09558304,0.2405477
0.3244426,-0.09558304,-0.2632529
0.3244426,0.07057197,-0.2632529
0.3244426,0.07057197,0.2405477
-0.3241436,0.07057197,0.2405476
-0.3112033,0.07057197,0.2405476
-0.3111237,0.07057197,-0.2463126
-0.3241436,0.07057197,-0.263253
-0.3241436,0.07057197,-0.263253
-0.3111237,0.07057197,-0.2463126
0.3114228,0.07057197,-0.2463125
0.3244426,0.07057197,-0.2632529
0.3244426,0.07057197,-0.2632529
0.3114228,0.07057197,-0.2463125
0.3123676,0.07057197,0.2405476
0.3244426,0.07057197,0.2405477
-0.3112033,0.07057197,0.2405476
0.3114228,-0.08277832,0.2389035
-0.3111237,-0.08277832,0.2389035
0.3123676,0.07057197,0.2405476
0.3244426,0.1062393,0.2405477
0.3244426,0.07057197,0.2405477
-0.3241436,0.1062393,0.2405476
-0.3241436,0.07057197,0.2405476
-0.3322227,0.1062393,0.2405476
-0.3322227,0.07057197,0.2405476
-0.3241436,-0.09558304,0.2405476
-0.3322227,-0.09558304,0.2405476
0.3322227,0.07057197,0.2405477
0.3322227,0.1062393,0.2405477
0.3322227,-0.09558304,0.2405477
0.3244426,-0.09558304,0.2405477
-0.3112033,0.07057197,0.2405476
-0.3111237,-0.08277832,0.2389035
-0.3111237,-0.08277832,-0.2463126
-0.3111237,0.07057197,-0.2463126
-0.3111237,0.07057197,-0.2463126
-0.3111237,-0.08277832,-0.2463126
0.3114228,-0.08277832,-0.2463125
0.3114228,0.07057197,-0.2463125
0.3114228,0.07057197,-0.2463125
0.3114228,-0.08277832,-0.2463125
0.3114228,-0.08277832,0.2389035
0.3123676,0.07057197,0.2405476
-0.3241436,-0.1062393,0.2485477
-0.3322227,-0.1062393,0.2485477
-0.3322227,-0.1062393,0.2405476
-0.3241436,-0.1062393,0.2405476
0.3244426,-0.1062393,0.2405477
0.3244426,-0.1062393,0.2485477
0.3322227,-0.1062393,0.2485477
0.3322227,-0.1062393,0.2405477
-0.3241436,0.1062393,0.2405476
-0.3322227,0.1062393,0.2405476
-0.3322227,0.1062393,0.2485477
-0.3241436,0.1062393,0.2485477
0.3244426,0.1062393,0.2485477
0.3244426,0.1062393,0.2405477
0.3322227,0.1062393,0.2405477
0.3322227,0.1062393,0.2485477
-0.3241436,0.1062393,0.2485477
-0.3322227,0.1062393,0.2485477
-0.3322227,0.07057197,0.2485477
-0.3241436,0.07057197,0.2485477
-0.3322227,-0.09558304,0.2485477
0.3244426,0.07057197,0.2485477
0.3244426,0.1062393,0.2485477
0.3322227,0.1062393,0.2485477
0.3322227,0.07057197,0.2485477
0.3244426,-0.09558304,0.2485477
0.3322227,-0.09558304,0.2485477
0.3322227,-0.1062393,0.2485477
0.3244426,-0.1062393,0.2485477
-0.3241436,-0.09558304,0.2485477
-0.3241436,-0.1062393,0.2485477
-0.3322227,-0.1062393,0.2485477
-0.3241436,-0.09558304,0.2405476
-0.3322227,-0.1062393,0.2405476
-0.3322227,-0.09558304,0.2405476
-0.3241436,-0.1062393,0.2405476
0.3244426,-0.09558304,0.2405477
0.3244426,-0.1062393,0.2405477
0.3322227,-0.09558304,0.2405477
0.3322227,-0.1062393,0.2405477
0.06847453,-0.004500198,0.263253
0.06847453,0.009003907,0.2600846
-0.07406758,0.009003907,0.2600846
-0.07406758,-0.004500198,0.263253
0.06847453,0.009003907,0.2600846
0.06847453,0.007475128,0.242624
-0.07406758,0.007475128,0.242624
-0.07406758,0.009003907,0.2600846
0.06847453,0.007475128,0.242624
0.06847453,-0.003710022,0.2427703
-0.07406758,-0.003710022,0.2427703
-0.07406758,0.007475128,0.242624
0.06847453,-0.003710022,0.2427703
0.06847453,-0.004500198,0.263253
-0.07406758,-0.004500198,0.263253
-0.07406758,-0.003710022,0.2427703
-0.07406758,-0.004500198,0.263253
-0.07406758,0.009003907,0.2600846
-0.07406758,0.007475128,0.242624
-0.07406758,-0.003710022,0.2427703
0.06847453,-0.003710022,0.2427703
0.06847453,0.007475128,0.242624
0.06847453,0.009003907,0.2600846
0.06847453,-0.004500198,0.263253
140
0.8218212,0.1310483
0.7625807,0.1310483
0.7625805,0.3622931
0.8218209,0.3622929
0.513266,0.1254216
0.5005491,0.1254215
0.5005491,0.1282737
0.513266,0.128274
0.5725063,0.1254222
0.5725063,0.1282744
0.5763055,0.1254219
0.5763055,0.1282746
0.513266,0.3651729
0.5005491,0.3651735
0.5005497,0.3680264
0.5132664,0.3680246
0.5725064,0.3651648
0.5725066,0.3680171
0.5763057,0.3651643
0.5763061,0.3680164
0.4303051,0.1356901
0.2573081,0.1356897
0.2573076,0.3576502
0.4303051,0.3576507
0.5829571,0.4215329
0.7625806,0.4215331
0.7625805,0.3622931
0.5829571,0.3622929
0.5829571,0.3622929
0.7625805,0.3622931
0.7625807,0.1310483
0.5829573,0.1310483
0.5829573,0.1310483
0.7625807,0.1310483
0.7625807,0.07180768
0.5829573,0.07180756
0.5829571,0.4215329
0.5829571,0.4261469
0.7565407,0.4261751
0.7625806,0.4215331
0.8218209,0.3622929
0.8278605,0.3576507
0.8278607,0.1356905
0.8218212,0.1310483
0.7625807,0.07180768
0.7565409,0.06716585
0.5829575,0.06750232
0.5829573,0.07180756
0.4849799,0.3576789
0.4303051,0.1356901
0.4303051,0.3576507
0.4849802,0.1353531
0.497697,0.1310483
0.4849802,0.1310483
0.4976968,0.3622926
0.48498,0.3622926
0.4976968,0.3651733
0.4849799,0.3651733
0.4257399,0.3622927
0.4257399,0.365173
0.4849802,0.128274
0.497697,0.128274
0.4257398,0.128274
0.4257398,0.1310483
0.5829571,0.4261469
0.5835343,0.4808218
0.7565318,0.4808504
0.7565407,0.4261751
0.8278605,0.3576507
0.8825357,0.3576508
0.8825361,0.1356902
0.8278607,0.1356905
0.7565409,0.06716585
0.7564349,0.01249141
0.5834379,0.01282597
0.5829575,0.06750232
0.5763057,0.3622927
0.5763057,0.3651732
0.5791578,0.3651732
0.5791578,0.3622926
0.5791578,0.1310481
0.5763055,0.1310481
0.5763055,0.1282743
0.5791578,0.1282743
0.4976968,0.3622926
0.4976968,0.3651733
0.5005491,0.3651733
0.5005491,0.3622927
0.5005496,0.1310481
0.497697,0.1310483
0.497697,0.1282743
0.5005496,0.1282743
0.5005491,0.3622927
0.5005491,0.3651735
0.513266,0.3651729
0.513266,0.3622927
0.5725064,0.3651733
0.513266,0.1310481
0.5005496,0.1310481
0.5005491,0.128274
0.513266,0.128274
0.5725063,0.1310481
0.5725063,0.1282744
0.5763055,0.128274
0.5763055,0.1310481
0.5725064,0.3622927
0.5763057,0.3622927
0.5763057,0.3651733
0.5829571,0.3622929
0.5791578,0.365173
0.5829574,0.365173
0.5791578,0.3622926
0.5829573,0.1310483
0.5791578,0.1310481
0.5829573,0.128274
0.5791578,0.128274
0.695479,0.741607
0.695479,0.6946026
0.2059726,0.6946025
0.2059726,0.741607
0.695479,0.6946026
0.695479,0.6349559
0.2059726,0.6349559
0.2059726,0.6946025
0.695479,0.6349559
0.695479,0.5965447
0.2059726,0.5965447
0.2059726,0.6349559
0.695479,0.5965447
0.695479,0.5262047
0.205972,0.5262048
0.2059726,0.5965447
0.2059726,0.741607
0.2059726,0.6946025
0.1463961,0.6857029
0.1381116,0.7232134
0.76334,0.7232137
0.7550548,0.6857034
0.695479,0.6946026
0.695479,0.741607
1
288
0
1
2
0
2
3
4
5
6
4
6
7
8
4
7
8
7
9
9
10
8
9
11
10
12
13
14
12
14
15
16
12
15
16
15
17
17
18
16
17
19
18
20
21
22
20
22
23
24
25
26
24
26
27
28
29
30
28
30
31
32
33
34
32
34
35
36
37
38
36
38
39
40
41
42
40
42
43
44
45
46
44
46
47
48
49
50
48
51
49
48
52
51
52
53
51
48
54
52
48
55
54
55
56
54
55
57
56
58
57
55
58
59
57
52
60
53
52
61
60
53
60
62
53
62
63
64
65
66
64
66
67
68
69
70
68
70
71
72
73
74
72
74
75
76
77
78
76
78
79
80
76
79
80
81
76
80
82
81
80
83
82
84
85
86
84
86
87
88
84
87
88
89
84
88
90
89
88
91
90
92
93
94
92
94
95
95
94
96
97
92
95
97
98
92
97
99
98
97
100
99
101
100
97
101
97
95
101
102
100
101
103
102
101
104
103
101
95
105
105
104
101
95
96
105
105
106
104
96
106
105
96
107
106
108
109
110
108
111
109
112
111
108
112
113
111
114
113
112
114
115
113
116
117
118
116
118
119
120
121
122
120
122
123
124
125
126
124
126
127
128
129
130
128
130
131
132
133
134
132
134
135
136
137
138
136
138
139
