MESH3
draw
108
0.2560215,-0.05733436,0.1862054
0.2560215,-0.05733436,-0.2016908
-0.2500365,-0.05733436,0.1862054
-0.2500365,-0.05733436,-0.2016908
0.2520412,-0.00205246,-0.1998663
0.2650988,-0.06305245,-0.2119679
-0.2460562,-0.00205246,-0.1998663
-0.2591138,-0.06305245,-0.2119679
0.2650988,-0.06305245,-0.2119679
0.2650988,-0.06305245,0.1964824
-0.2591138,-0.06305245,-0.2119679
-0.2591138,-0.06305245,0.1964824
0.2650988,-0.05979004,0.2060628
0.2691772,-0.06205917,0.1961442
0.2691772,-0.05879677,0.2057246
-0.2591138,-0.05979004,0.2060628
-0.2691772,-0.05859245,0.205655
-0.2691772,-0.06185486,0.1960746
-0.2591138,-0.06305245,0.1964824
-0.2460562,-0.00205246,0.1790567
-0.2591138,-0.06305245,-0.2119679
-0.2460562,-0.00205246,-0.1998663
0.2650988,-0.06305245,0.1964824
0.2650988,-0.06305245,-0.2119679
0.2520412,-0.00205246,0.1790567
0.2520412,-0.00205246,-0.1998663
0.2520412,-0.00205246,0.1790567
0.2434161,-0.00205246,0.1687797
-0.2460562,-0.00205246,0.1790567
-0.2374311,-0.00205246,0.1687797
-0.2460562,-0.00205246,0.1790567
-0.2374311,-0.00205246,0.1687797
-0.2460562,-0.00205246,-0.1998663
-0.2374311,-0.00205246,-0.1895892
-0.2460562,-0.00205246,-0.1998663
-0.2374311,-0.00205246,-0.1895892
0.2520412,-0.00205246,-0.1998663
0.2434161,-0.00205246,-0.1895892
0.2520412,-0.00205246,-0.1998663
0.2434161,-0.00205246,-0.1895892
0.2520412,-0.00205246,0.1790567
0.2434161,-0.00205246,0.1687797
0.2434161,-0.00205246,0.1687797
0.2560215,-0.05733436,0.1862054
-0.2374311,-0.00205246,0.1687797
-0.2500365,-0.05733436,0.1862054
-0.2374311,-0.00205246,-0.1895892
-0.2374311,-0.00205246,0.1687797
-0.2500365,-0.05733436,-0.2016908
-0.2500365,-0.05733436,0.1862054
-0.2374311,-0.00205246,-0.1895892
-0.2500365,-0.05733436,-0.2016908
0.2434161,-0.00205246,-0.1895892
0.2560215,-0.05733436,-0.2016908
0.2434161,-0.00205246,-0.1895892
0.2560215,-0.05733436,-0.2016908
0.2434161,-0.00205246,0.1687797
0.2560215,-0.05733436,0.1862054
-0.2691772,-0.06185486,0.1960746
-0.2691772,-0.05859245,0.205655
-0.2465727,0.05979004,0.1761597
-0.2465738,0.06305245,0.1857401
-0.2460562,-0.00205246,0.1790567
-0.2591138,-0.06305245,0.1964824
-0.2691772,-0.06185486,0.1960746
-0.2465727,0.05979004,0.1761597
0.2468425,0.05957878,0.176177
0.2520412,-0.00205246,0.1790567
0.2691772,-0.06205917,0.1961442
0.2650988,-0.06305245,0.1964824
0.2468414,0.06284115,0.1857574
0.2468425,0.05957878,0.176177
-0.2465738,0.06305245,0.1857401
-0.2465727,0.05979004,0.1761597
0.2468414,0.06284115,0.1857574
0.2691772,-0.05879677,0.2057246
0.2468425,0.05957878,0.176177
0.2691772,-0.06205917,0.1961442
-0.2691772,-0.05859245,0.205655
-0.2591138,-0.05979004,0.2060628
-0.2465738,0.06305245,0.1857401
0.2650988,-0.05979004,0.2060628
0.2468414,0.06284115,0.1857574
0.2691772,-0.05879677,0.2057246
0.04228204,0.009269638,0.2119679
0.04228204,0.02531692,0.1987545
-0.03771795,0.009269638,0.2119679
-0.03771795,0.02531692,0.1987545
0.04228204,0.02531692,0.1987545
0.04228204,0.01975456,0.1842772
-0.03771795,0.02531692,0.1987545
-0.03771795,0.01975456,0.1842772
0.04228204,0.01975456,0.1842772
0.04228204,0.01178917,0.1848585
-0.03771795,0.01975456,0.1842772
-0.03771795,0.01178917,0.1848585
0.04228204,0.01178917,0.1848585
0.04228204,0.009269638,0.2119679
-0.03771795,0.01178917,0.1848585
-0.03771795,0.009269638,0.2119679
-0.03771795,0.009269638,0.2119679
-0.03771795,0.02531692,0.1987545
-0.03771795,0.01178917,0.1848585
-0.03771795,0.01975456,0.1842772
0.04228204,0.009269638,0.2119679
0.04228204,0.01178917,0.1848585
0.04228204,0.02531692,0.1987545
0.04228204,0.01975456,0.1842772
108
0.1014108,0.4214163
0.3587956,0.4214164
0.1014108,0.08562636
0.3587956,0.08562636
0.4647151,0.4166277
0.505191,0.425292
0.4647151,0.08612004
0.5051911,0.07745588
0.505191,0.425292
0.7762143,0.425292
0.5051911,0.07745588
0.7762143,0.07745579
0.7825713,0.425292
0.7759898,0.4279982
0.7823469,0.4279982
0.7825713,0.07745582
0.7823007,0.07077837
0.7759438,0.07077837
0.7762143,0.07745579
0.7646517,0.03697982
0.5051911,0.07745588
0.513221,0.03697991
0.7762143,0.425292
0.505191,0.425292
0.7646517,0.4657679
0.513221,0.4657679
0.05790979,0.4187751
0.06472901,0.4130521
0.05790994,0.08826745
0.06472906,0.0939905
0.1061544,0.04322135
0.1129735,0.04894447
0.357585,0.04322165
0.3507657,0.04894465
0.4022967,0.08826751
0.3954775,0.09399056
0.4022966,0.4187753
0.3954773,0.4130521
0.3575849,0.4638221
0.3507656,0.4580986
0.1061543,0.4638203
0.1129735,0.4580977
0.06472901,0.4130521
0.1014108,0.4214163
0.06472906,0.0939905
0.1014108,0.08562636
0.3507657,0.04894465
0.1129735,0.04894447
0.3587956,0.08562636
0.1014108,0.08562636
0.3954775,0.09399056
0.3587956,0.08562636
0.3954773,0.4130521
0.3587956,0.4214164
0.3507656,0.4580986
0.3587956,0.4214164
0.1129735,0.4580977
0.1014108,0.4214163
0.4863151,0.2801401
0.4799581,0.2823048
0.4995295,0.3608564
0.4931725,0.3630212
0.2199862,0.1826259
0.211322,0.1421501
0.2046447,0.1429447
0.2196435,0.223661
0.5470445,0.2235208
0.550494,0.1826259
0.5618643,0.1428091
0.5591581,0.1421501
0.863942,0.4131776
0.8702989,0.4131807
0.8640822,0.08577666
0.8704393,0.08577991
0.4173843,0.3541199
0.4306333,0.2734083
0.4110273,0.3519552
0.4242763,0.2712435
0.783366,0.07077843
0.7825713,0.07745582
0.8640822,0.08577666
0.7825713,0.425292
0.863942,0.4131776
0.7832303,0.4279982
0.9450657,0.06758781
0.9450657,0.09316504
0.9706429,0.06758781
0.9706429,0.09316504
0.9450657,0.09316504
0.9450657,0.1187423
0.9706429,0.09316504
0.9706429,0.1187423
0.9450657,0.1187423
0.9450657,0.1443195
0.9706429,0.1187423
0.9706429,0.1443195
0.9450657,0.1443195
0.9450657,0.1698968
0.9706429,0.1443195
0.9706429,0.1698968
0.9706429,0.06758781
0.9706429,0.09316504
0.9962203,0.06758781
0.9962203,0.09316504
0.9450657,0.06758781
0.9194885,0.06758781
0.9450657,0.09316504
0.9194885,0.09316504
1
180
0
1
2
1
3
2
4
5
6
5
7
6
8
9
10
9
11
10
9
12
11
9
13
12
13
14
12
12
15
11
15
16
11
16
17
11
18
19
20
19
21
20
22
23
24
23
25
24
26
27
28
27
29
28
30
31
32
31
33
32
34
35
36
35
37
36
38
39
40
39
41
40
42
43
44
43
45
44
46
47
48
47
49
48
50
51
52
51
53
52
54
55
56
55
57
56
58
59
60
59
61
60
62
63
64
65
62
64
65
66
62
66
67
62
66
68
67
68
69
67
70
71
72
71
73
72
74
75
76
75
77
76
78
79
80
79
81
80
82
80
81
83
82
81
84
85
86
85
87
86
88
89
90
89
91
90
92
93
94
93
95
94
96
97
98
97
99
98
100
101
102
101
103
102
104
105
106
105
107
106
