MESH3
draw03
176
0.04128534,0.01036976,0.3150921
0.04128534,0.02428902,0.3150921
0.03292429,0.02428902,0.3182898
0.03292429,0.01036976,0.3182898
-0.03907919,0.02428902,0.3182899
-0.03907919,0.01036976,0.3182899
-0.04744009,0.02428902,0.3150921
-0.04744009,0.01036976,0.3150921
-0.03907919,0.02428902,0.3182899
-0.04744013,0.02428902,0.3045921
-0.04744009,0.02428902,0.3150921
-0.03907919,0.02428902,0.3130411
-0.04744009,0.02428902,0.29478
-0.03907919,0.02428902,0.2947798
0.03292429,0.02428902,0.3182898
0.03292444,0.02428902,0.3130412
0.04128534,0.02428902,0.3150921
0.0412853,0.02428902,0.304592
0.03292444,0.02428902,0.2947799
0.04128534,0.02428902,0.2947797
0.04128534,0.02428902,0.2947797
0.04128534,0.01036976,0.2947797
0.03292444,0.01036976,0.2947799
0.03292444,0.02428902,0.2947799
0.03292444,0.02428902,0.3130412
0.03292444,0.01036976,0.3130412
-0.03907919,0.01036976,0.3130411
-0.03907919,0.02428902,0.3130411
-0.03907919,0.02428902,0.2947798
-0.03907919,0.01036976,0.2947798
-0.04744009,0.01036976,0.29478
-0.04744009,0.02428902,0.29478
0.0412853,0.01036976,0.304592
0.04128534,0.01036976,0.3150921
0.03292429,0.01036976,0.3182898
0.03292444,0.01036976,0.3130412
0.04128534,0.01036976,0.2947797
0.03292444,0.01036976,0.2947799
-0.03907919,0.01036976,0.3182899
-0.03907919,0.01036976,0.3130411
-0.04744009,0.01036976,0.3150921
-0.04744013,0.01036976,0.3045921
-0.03907919,0.01036976,0.2947798
-0.04744009,0.01036976,0.29478
-0.04744009,0.01036976,0.3150921
-0.04744009,0.02428902,0.3150921
-0.04744013,0.02428902,0.3045921
-0.04744013,0.01036976,0.3045921
0.0412853,0.01036976,0.304592
0.0412853,0.02428902,0.304592
0.04128534,0.02428902,0.3150921
0.04128534,0.01036976,0.3150921
0.03292444,0.02428902,0.3130412
0.03292444,0.02428902,0.2947799
0.03292444,0.01036976,0.2947799
0.03292444,0.01036976,0.3130412
0.0412853,0.01036976,0.304592
0.04128534,0.01036976,0.2947797
0.04128534,0.02428902,0.2947797
0.0412853,0.02428902,0.304592
-0.04744013,0.02428902,0.3045921
-0.04744009,0.02428902,0.29478
-0.04744009,0.01036976,0.29478
-0.04744013,0.01036976,0.3045921
-0.03907919,0.01036976,0.3130411
-0.03907919,0.01036976,0.2947798
-0.03907919,0.02428902,0.2947798
-0.03907919,0.02428902,0.3130411
0.2595264,-0.0900494,-0.3182898
0.2457585,0.009753074,-0.3182899
0.2595264,0.009753074,-0.3182898
0.2457585,-0.0900494,-0.3182899
-0.2457174,0.009752998,-0.3182899
-0.2457174,-0.0900494,-0.3182899
-0.2595265,0.009752998,-0.3182899
-0.2595265,-0.0900494,-0.3182899
0.2595265,-0.0900494,0.2964124
0.2595265,-0.0900494,0.3067723
0.2457585,-0.0900494,0.3067724
0.2457585,-0.0900494,0.2964124
0.2595265,-0.0900494,-0.3054982
-0.2457174,-0.0900494,0.2964124
-0.2457174,-0.0900494,0.3067724
0.2457585,-0.0900494,-0.3054982
0.2595264,-0.0900494,-0.3182898
0.2457585,-0.0900494,-0.3182899
-0.2457174,-0.0900494,-0.3054982
-0.2457174,-0.0900494,-0.3182899
-0.2595265,-0.0900494,0.2964124
-0.2595265,-0.0900494,0.3067724
-0.2595265,-0.0900494,-0.3054982
-0.2595265,-0.0900494,-0.3182899
-0.2595265,-0.0900494,0.2964124
-0.2595265,-0.0900494,0.3067724
-0.2595265,0.009752998,0.3067724
-0.2595265,0.009752998,0.2964124
-0.2595265,-0.0900494,-0.3054982
-0.2595265,0.09004932,0.2964124
-0.2595265,0.09004932,0.3067724
-0.2595265,0.009752998,-0.3054982
-0.2595265,-0.0900494,-0.3182899
-0.2595265,0.009752998,-0.3182899
0.2457585,0.0900494,0.2964124
0.2595265,0.0900494,0.3067723
0.2595265,0.0900494,0.2964124
0.2457585,0.0900494,0.3067724
-0.2457174,0.09004932,0.2964124
-0.2457174,0.09004932,0.3067724
-0.2595265,0.09004932,0.2964124
-0.2595265,0.09004932,0.3067724
0.2595265,0.009753074,0.3067723
0.2595265,-0.0900494,0.3067723
0.2595265,-0.0900494,0.2964124
0.2595265,0.009753074,0.2964124
0.2595265,0.0900494,0.2964124
0.2595265,0.0900494,0.3067723
0.2595265,0.009753074,-0.3054982
0.2595265,-0.0900494,-0.3054982
0.2595264,0.009753074,-0.3182898
0.2595264,-0.0900494,-0.3182898
0.2595265,0.009753074,0.2964124
0.2457585,0.0900494,0.2964124
0.2595265,0.0900494,0.2964124
0.2457585,0.009753074,0.2964124
-0.2457174,0.09004932,0.2964124
-0.2457174,0.009752998,0.2964124
-0.2595265,0.09004932,0.2964124
-0.2595265,0.009752998,0.2964124
0.2595265,0.009753074,0.3067723
0.2595265,0.0900494,0.3067723
0.2457585,0.0900494,0.3067724
0.2457585,0.009753074,0.3067724
0.2595265,-0.0900494,0.3067723
0.2457585,-0.0900494,0.3067724
-0.2457174,-0.0900494,0.3067724
-0.2457174,0.009752998,0.3067724
-0.2595265,-0.0900494,0.3067724
-0.2457174,0.09004932,0.3067724
-0.2595265,0.009752998,0.3067724
-0.2595265,0.09004932,0.3067724
0.2595265,0.009753074,0.2964124
0.2457585,0.009753074,-0.3054982
0.2457585,0.009753074,0.2964124
0.2595265,0.009753074,-0.3054982
0.2457585,0.009753074,-0.3182899
0.2595264,0.009753074,-0.3182898
-0.2457174,0.009752998,-0.3054982
-0.2595265,0.009752998,0.2964124
-0.2457174,0.009752998,0.2964124
-0.2595265,0.009752998,-0.3054982
-0.2457174,0.009752998,-0.3182899
-0.2595265,0.009752998,-0.3182899
0.2457585,-0.08010944,-0.3054982
-0.2457173,-0.08010952,-0.3054982
-0.2457173,-0.08010952,0.2964124
0.2457585,-0.08010944,0.2964124
0.2457585,0.009753074,-0.3182899
-0.2457174,0.009752998,-0.3182899
-0.2457174,0.009752998,-0.3054982
0.2457585,0.009753074,-0.3054982
0.2457585,0.009753074,-0.3054982
0.2457585,-0.08010944,-0.3054982
0.2457585,-0.08010944,0.2964124
0.2457585,0.009753074,0.2964124
0.2457585,0.009753074,0.2964124
0.2457585,-0.08010944,0.2964124
-0.2457173,-0.08010952,0.2964124
-0.2457174,0.009752998,0.2964124
-0.2457174,0.009752998,0.2964124
-0.2457173,-0.08010952,0.2964124
-0.2457173,-0.08010952,-0.3054982
-0.2457174,0.009752998,-0.3054982
-0.2457174,0.009752998,-0.3054982
-0.2457173,-0.08010952,-0.3054982
0.2457585,-0.08010944,-0.3054982
0.2457585,0.009753074,-0.3054982
176
0.7026145,0.01034442
0.7026581,0.04167696
0.7131023,0.0416624
0.7130588,0.01032983
0.7235464,0.04164783
0.723503,0.0103153
0.7339911,0.04163336
0.7339474,0.01030072
0.7235464,0.04164783
0.7340347,0.07296637
0.7339911,0.04163336
0.7235902,0.07298084
0.7340347,0.07296637
0.7235902,0.07298084
0.7131023,0.0416624
0.7131459,0.07299529
0.7026581,0.04167696
0.7027017,0.07300998
0.7131459,0.07299529
0.7027017,0.07300998
0.7027017,0.07300998
0.7027455,0.1043422
0.7131897,0.1043276
0.7131459,0.07299529
0.7131459,0.07299529
0.7131897,0.1043276
0.7236338,0.1043131
0.7235902,0.07298084
0.7235902,0.07298084
0.7236338,0.1043131
0.7340782,0.1042984
0.7340347,0.07296637
0.7027455,0.1043422
0.7027891,0.1356748
0.7132332,0.1356601
0.7131897,0.1043276
0.7027455,0.1043422
0.7131897,0.1043276
0.7236773,0.1356457
0.7236338,0.1043131
0.7341219,0.1356311
0.7340782,0.1042984
0.7236338,0.1043131
0.7340782,0.1042984
0.7339474,0.01030072
0.7339911,0.04163336
0.7653236,0.04158978
0.7652799,0.01025721
0.6712821,0.01038802
0.6713257,0.04172057
0.7026581,0.04167696
0.7026145,0.01034442
0.7131459,0.07299529
0.7131459,0.07299529
0.7131897,0.1043276
0.7131897,0.1043276
0.7027455,0.1043422
0.7027455,0.1043422
0.7027017,0.07300998
0.7027017,0.07300998
0.7340347,0.07296637
0.7340347,0.07296637
0.7340782,0.1042984
0.7340782,0.1042984
0.7236338,0.1043131
0.7236338,0.1043131
0.7235902,0.07298084
0.7235902,0.07298084
0.1390535,0.1421413
0.1523755,0.1439795
0.1523755,0.1421416
0.1390535,0.1439795
0.1523755,0.2095824
0.1390535,0.2095824
0.1523755,0.2114256
0.1390535,0.2114256
0.0559183,0.1413115
0.05449142,0.1411449
0.05432149,0.1430056
0.05579527,0.1431019
0.1373462,0.1421412
0.05700197,0.2095824
0.05561896,0.2095824
0.1373462,0.1439793
0.1390535,0.1421413
0.1390535,0.1439795
0.1373462,0.2095824
0.1390535,0.2095824
0.05700197,0.2114256
0.05561896,0.2114255
0.1373461,0.2114255
0.1390535,0.2114256
0.05700197,0.2114256
0.05561896,0.2114255
0.05561896,0.2247473
0.05700197,0.2247473
0.1373461,0.2114255
0.05700203,0.2354656
0.05561896,0.2354656
0.1373462,0.2247477
0.1390535,0.2114256
0.1390535,0.2247476
0.02730098,0.1409481
0.02897175,0.1392393
0.0275441,0.1390897
0.02878299,0.1411069
0.02848204,0.2126599
0.02994492,0.2124505
0.02876612,0.214525
0.03019347,0.2143157
0.05551078,0.1284656
0.05449142,0.1411449
0.0559183,0.1413115
0.0569044,0.1284615
0.05700197,0.1181014
0.05561896,0.1181014
0.1373462,0.1288192
0.1373462,0.1421412
0.1390535,0.1288193
0.1390535,0.1421413
0.01627227,0.1375734
0.02730098,0.1409481
0.0275441,0.1390897
0.01599612,0.1394262
0.02848204,0.2126599
0.01702645,0.2145507
0.02876612,0.214525
0.01736685,0.2164021
0.040311,0.1402076
0.02897175,0.1392393
0.02878299,0.1411069
0.04016336,0.1420783
0.05449142,0.1411449
0.05432149,0.1430056
0.05561896,0.2095824
0.04138496,0.2110483
0.05561896,0.2114255
0.02994492,0.2124505
0.04159065,0.2129144
0.03019347,0.2143157
0.1586177,0.005500972
0.1614872,0.1448847
0.1618059,0.005501047
0.1586176,0.1448847
0.1614872,0.147847
0.1586177,0.1478471
0.1681643,0.3526954
0.1710421,0.2133119
0.1678445,0.213312
0.1710421,0.3526954
0.1681643,0.3556572
0.1710421,0.3556575
0.09371918,0.5837451
0.154722,0.583745
0.1526826,0.5074597
0.09666374,0.5079622
0.08742332,0.4886071
0.1796096,0.4886071
0.1796095,0.4856452
0.08742326,0.4856448
0.08814222,0.5893217
0.09371918,0.5837451
0.09666374,0.5079622
0.08948535,0.5011184
0.08948535,0.5011184
0.09666374,0.5079622
0.1526826,0.5074597
0.159342,0.5001605
0.159342,0.5001605
0.1526826,0.5074597
0.154722,0.583745
0.1602989,0.5893219
0.1602989,0.5893219
0.154722,0.583745
0.09371918,0.5837451
0.08814222,0.5893217
1
384
0
1
2
0
2
3
3
2
4
3
4
5
5
4
6
5
6
7
8
9
10
8
11
9
11
12
9
11
13
12
14
11
8
14
15
11
16
15
14
16
17
15
17
18
15
17
19
18
20
21
22
20
22
23
24
25
26
24
26
27
28
29
30
28
30
31
32
33
34
32
34
35
35
36
32
35
37
36
35
34
38
35
38
39
39
38
40
39
40
41
41
42
39
41
43
42
44
45
46
44
46
47
48
49
50
48
50
51
52
53
54
52
54
55
56
57
58
56
58
59
60
61
62
60
62
63
64
65
66
64
66
67
68
69
70
68
71
69
71
72
69
71
73
72
73
74
72
73
75
74
76
77
78
76
78
79
79
80
76
78
81
79
78
82
81
79
83
80
81
83
79
83
84
80
83
85
84
86
85
83
81
86
83
86
87
85
82
88
81
88
86
81
82
89
88
88
90
86
90
87
86
90
91
87
92
93
94
92
94
95
95
96
92
94
97
95
94
98
97
95
99
96
99
100
96
99
101
100
102
103
104
102
105
103
106
105
102
106
107
105
108
107
106
108
109
107
110
111
112
110
112
113
114
110
113
114
115
110
112
116
113
112
117
116
117
118
116
117
119
118
120
121
122
120
123
121
123
124
121
123
125
124
125
126
124
125
127
126
128
129
130
128
130
131
132
128
131
132
131
133
131
134
133
130
135
131
131
135
134
135
136
134
130
137
135
135
138
136
137
138
135
137
139
138
140
141
142
140
143
141
143
144
141
143
145
144
146
147
148
146
149
147
150
149
146
150
151
149
152
153
154
152
154
155
156
157
158
156
158
159
160
161
162
160
162
163
164
165
166
164
166
167
168
169
170
168
170
171
172
173
174
172
174
175
