MESH3
draw04
140
0.3028074,0.4035285,-0.2949657
0.3028074,0.2373735,-0.2949657
-0.3457787,0.2373735,-0.2949657
-0.3457787,0.4035285,-0.2949657
0.3105875,0.4035285,0.2088349
0.3105875,0.4391958,0.2088349
0.3105875,0.4391958,0.2168349
0.3105875,0.4035285,0.2168349
0.3105875,0.2373735,0.2088349
0.3105875,0.2373735,0.2168349
0.3105875,0.2267172,0.2088349
0.3105875,0.2267172,0.2168349
-0.3538578,0.4035285,0.2168349
-0.3538578,0.4391958,0.2168349
-0.3538578,0.4391958,0.2088349
-0.3538578,0.4035285,0.2088349
-0.3538579,0.2373735,0.2168349
-0.3538579,0.2373735,0.2088349
-0.3538579,0.2267172,0.2168349
-0.3538579,0.2267172,0.2088349
0.2897876,0.2501782,0.2071907
0.2897876,0.2501782,-0.2780253
-0.3327589,0.2501782,-0.2780253
-0.3327589,0.2501782,0.2071907
-0.3457787,0.4035285,0.2088349
-0.3457787,0.4035285,-0.2949657
-0.3457787,0.2373735,-0.2949657
-0.3457787,0.2373735,0.2088349
-0.3457787,0.2373735,0.2088349
-0.3457787,0.2373735,-0.2949657
0.3028074,0.2373735,-0.2949657
0.3028074,0.2373735,0.2088349
0.3028074,0.2373735,0.2088349
0.3028074,0.2373735,-0.2949657
0.3028074,0.4035285,-0.2949657
0.3028074,0.4035285,0.2088349
-0.3457787,0.4035285,0.2088349
-0.3328385,0.4035285,0.2088349
-0.3327589,0.4035285,-0.2780253
-0.3457787,0.4035285,-0.2949657
-0.3457787,0.4035285,-0.2949657
-0.3327589,0.4035285,-0.2780253
0.2897876,0.4035285,-0.2780253
0.3028074,0.4035285,-0.2949657
0.3028074,0.4035285,-0.2949657
0.2897876,0.4035285,-0.2780253
0.2907324,0.4035285,0.2088349
0.3028074,0.4035285,0.2088349
-0.3328385,0.4035285,0.2088349
0.2897876,0.2501782,0.2071907
-0.3327589,0.2501782,0.2071907
0.2907324,0.4035285,0.2088349
0.3028074,0.4391958,0.2088349
0.3028074,0.4035285,0.2088349
-0.3457787,0.4391958,0.2088349
-0.3457787,0.4035285,0.2088349
-0.3538578,0.4391958,0.2088349
-0.3538578,0.4035285,0.2088349
-0.3457787,0.2373735,0.2088349
-0.3538579,0.2373735,0.2088349
0.3105875,0.4035285,0.2088349
0.3105875,0.4391958,0.2088349
0.3105875,0.2373735,0.2088349
0.3028074,0.2373735,0.2088349
-0.3328385,0.4035285,0.2088349
-0.3327589,0.2501782,0.2071907
-0.3327589,0.2501782,-0.2780253
-0.3327589,0.4035285,-0.2780253
-0.3327589,0.4035285,-0.2780253
-0.3327589,0.2501782,-0.2780253
0.2897876,0.2501782,-0.2780253
0.2897876,0.4035285,-0.2780253
0.2897876,0.4035285,-0.2780253
0.2897876,0.2501782,-0.2780253
0.2897876,0.2501782,0.2071907
0.2907324,0.4035285,0.2088349
-0.3457787,0.2267172,0.2168349
-0.3538579,0.2267172,0.2168349
-0.3538579,0.2267172,0.2088349
-0.3457787,0.2267172,0.2088349
0.3028074,0.2267172,0.2088349
0.3028074,0.2267172,0.2168349
0.3105875,0.2267172,0.2168349
0.3105875,0.2267172,0.2088349
-0.3457787,0.4391958,0.2088349
-0.3538578,0.4391958,0.2088349
-0.3538578,0.4391958,0.2168349
-0.3457787,0.4391958,0.2168349
0.3028074,0.4391958,0.2168349
0.3028074,0.4391958,0.2088349
0.3105875,0.4391958,0.2088349
0.3105875,0.4391958,0.2168349
-0.3457787,0.4391958,0.2168349
-0.3538578,0.4391958,0.2168349
-0.3538578,0.4035285,0.2168349
-0.3457787,0.4035285,0.2168349
-0.3538579,0.2373735,0.2168349
0.3028074,0.4035285,0.2168349
0.3028074,0.4391958,0.2168349
0.3105875,0.4391958,0.2168349
0.3105875,0.4035285,0.2168349
0.3028074,0.2373735,0.2168349
0.3105875,0.2373735,0.2168349
0.3105875,0.2267172,0.2168349
0.3028074,0.2267172,0.2168349
-0.3457787,0.2373735,0.2168349
-0.3457787,0.2267172,0.2168349
-0.3538579,0.2267172,0.2168349
-0.3457787,0.2373735,0.2088349
-0.3538579,0.2267172,0.2088349
-0.3538579,0.2373735,0.2088349
-0.3457787,0.2267172,0.2088349
0.3028074,0.2373735,0.2088349
0.3028074,0.2267172,0.2088349
0.3105875,0.2373735,0.2088349
0.3105875,0.2267172,0.2088349
0.04683937,0.3284563,0.2315402
0.04683937,0.3419604,0.2283718
-0.09570275,0.3419604,0.2283718
-0.09570275,0.3284563,0.2315402
0.04683937,0.3419604,0.2283718
0.04683937,0.3404316,0.2109112
-0.09570275,0.3404316,0.2109112
-0.09570275,0.3419604,0.2283718
0.04683937,0.3404316,0.2109112
0.04683937,0.3292464,0.2110575
-0.09570275,0.3292464,0.2110575
-0.09570275,0.3404316,0.2109112
0.04683937,0.3292464,0.2110575
0.04683937,0.3284563,0.2315402
-0.09570275,0.3284563,0.2315402
-0.09570275,0.3292464,0.2110575
-0.09570275,0.3284563,0.2315402
-0.09570275,0.3419604,0.2283718
-0.09570275,0.3404316,0.2109112
-0.09570275,0.3292464,0.2110575
0.04683937,0.3292464,0.2110575
0.04683937,0.3404316,0.2109112
0.04683937,0.3419604,0.2283718
0.04683937,0.3284563,0.2315402
140
0.6153075,0.1236532
0.5560672,0.1236532
0.5560672,0.3548975
0.6153075,0.3548976
0.3067529,0.1180282
0.2940362,0.1180279
0.2940362,0.1208803
0.3067529,0.1208799
0.365993,0.1180267
0.365993,0.1208792
0.3697923,0.1180265
0.3697923,0.1208792
0.3067529,0.3577785
0.2940362,0.3577786
0.2940363,0.3606313
0.3067529,0.3606313
0.365993,0.3577787
0.365993,0.36063
0.3697923,0.3577779
0.3697923,0.3606304
0.2237922,0.1282957
0.05079524,0.1282952
0.05079441,0.3502556
0.2237922,0.3502561
0.3764442,0.4141382
0.5560676,0.4141378
0.5560672,0.3548975
0.3764442,0.3548979
0.3764442,0.3548979
0.5560672,0.3548975
0.5560672,0.1236532
0.3764437,0.1236538
0.3764437,0.1236538
0.5560672,0.1236532
0.5560672,0.06441271
0.3764437,0.06441295
0.3764442,0.4141382
0.3764442,0.4187518
0.5500277,0.4187797
0.5560676,0.4141378
0.6153075,0.3548976
0.6213474,0.3502554
0.6213477,0.1282951
0.6153075,0.1236532
0.5560672,0.06441271
0.5500274,0.05977058
0.3764442,0.06010789
0.3764437,0.06441295
0.2784671,0.3502841
0.2237922,0.1282957
0.2237922,0.3502561
0.2784671,0.1279585
0.2911837,0.1236535
0.2784671,0.1236535
0.2911837,0.3548979
0.2784671,0.3548979
0.2911837,0.3577784
0.2784671,0.3577783
0.2192269,0.3548979
0.2192269,0.3577783
0.2784671,0.1208795
0.2911837,0.1208795
0.2192269,0.1208794
0.2192269,0.1236535
0.3764442,0.4187518
0.3770218,0.4734268
0.5500188,0.4734548
0.5500277,0.4187797
0.6213474,0.3502554
0.6760225,0.3502554
0.6760228,0.1282951
0.6213477,0.1282951
0.5500274,0.05977058
0.5499208,0.00509584
0.376924,0.00543189
0.3764442,0.06010789
0.3697923,0.3548979
0.3697923,0.3577784
0.3726448,0.3577785
0.3726449,0.3548979
0.3726444,0.1236538
0.3697923,0.1236538
0.3697923,0.1208794
0.3726444,0.1208794
0.2911837,0.3548979
0.2911837,0.3577781
0.2940358,0.3577782
0.2940358,0.3548979
0.2940362,0.1236537
0.2911837,0.1236535
0.2911837,0.1208795
0.2940362,0.1208795
0.2940358,0.3548979
0.2940358,0.357778
0.3067529,0.3577785
0.3067529,0.3548979
0.365993,0.3577787
0.3067529,0.1236538
0.2940362,0.1236537
0.2940358,0.1208795
0.3067529,0.1208799
0.365993,0.1236538
0.365993,0.1208792
0.3697923,0.1208794
0.3697923,0.1236538
0.3659931,0.3548979
0.3697923,0.3548979
0.3697923,0.3577784
0.3764442,0.3548979
0.3726448,0.3577783
0.3764442,0.3577783
0.3726449,0.3548979
0.3764437,0.1236538
0.3726444,0.1236538
0.3764441,0.1208795
0.3726444,0.1208794
0.8618274,0.91155
0.861828,0.8645458
0.3723208,0.8645458
0.3723208,0.91155
0.861828,0.8645458
0.8618274,0.8048992
0.3723208,0.8048992
0.3723208,0.8645458
0.8618274,0.8048992
0.8618274,0.7664874
0.3723208,0.7664874
0.3723208,0.8048992
0.8618274,0.7664874
0.8618274,0.6961479
0.3723202,0.6961477
0.3723208,0.7664874
0.3723208,0.91155
0.3723208,0.8645458
0.3127443,0.8556457
0.3044598,0.8931568
0.9296882,0.8931568
0.9214036,0.8556461
0.861828,0.8645458
0.8618274,0.91155
1
288
0
1
2
0
2
3
4
5
6
4
6
7
8
4
7
8
7
9
9
10
8
9
11
10
12
13
14
12
14
15
16
12
15
16
15
17
17
18
16
17
19
18
20
21
22
20
22
23
24
25
26
24
26
27
28
29
30
28
30
31
32
33
34
32
34
35
36
37
38
36
38
39
40
41
42
40
42
43
44
45
46
44
46
47
48
49
50
48
51
49
48
52
51
52
53
51
48
54
52
48
55
54
55
56
54
55
57
56
58
57
55
58
59
57
52
60
53
52
61
60
53
60
62
53
62
63
64
65
66
64
66
67
68
69
70
68
70
71
72
73
74
72
74
75
76
77
78
76
78
79
80
76
79
80
81
76
80
82
81
80
83
82
84
85
86
84
86
87
88
84
87
88
89
84
88
90
89
88
91
90
92
93
94
92
94
95
95
94
96
97
92
95
97
98
92
97
99
98
97
100
99
101
100
97
101
97
95
101
102
100
101
103
102
101
104
103
101
95
105
105
104
101
95
96
105
105
106
104
96
106
105
96
107
106
108
109
110
108
111
109
112
111
108
112
113
111
114
113
112
114
115
113
116
117
118
116
118
119
120
121
122
120
122
123
124
125
126
124
126
127
128
129
130
128
130
131
132
133
134
132
134
135
136
137
138
136
138
139
