MESH3
draw02
176
0.04128534,0.01074757,0.3150921
0.04128534,0.02466686,0.3150921
0.03292429,0.02466686,0.3182898
0.03292429,0.01074757,0.3182898
-0.03907919,0.02466686,0.3182899
-0.03907919,0.01074757,0.3182899
-0.04744009,0.02466686,0.3150921
-0.04744009,0.01074757,0.3150921
-0.03907919,0.02466686,0.3182899
-0.04744013,0.02466686,0.3045921
-0.04744009,0.02466686,0.3150921
-0.03907919,0.02466686,0.3130411
-0.04744009,0.02466686,0.29478
-0.03907919,0.02466686,0.2947798
0.03292429,0.02466686,0.3182898
0.03292444,0.02466686,0.3130412
0.04128534,0.02466686,0.3150921
0.0412853,0.02466686,0.304592
0.03292444,0.02466686,0.2947799
0.04128534,0.02466686,0.2947797
0.04128534,0.02466686,0.2947797
0.04128534,0.01074757,0.2947797
0.03292444,0.01074757,0.2947799
0.03292444,0.02466686,0.2947799
0.03292444,0.02466686,0.3130412
0.03292444,0.01074757,0.3130412
-0.03907919,0.01074757,0.3130411
-0.03907919,0.02466686,0.3130411
-0.03907919,0.02466686,0.2947798
-0.03907919,0.01074757,0.2947798
-0.04744009,0.01074757,0.29478
-0.04744009,0.02466686,0.29478
0.0412853,0.01074757,0.304592
0.04128534,0.01074757,0.3150921
0.03292429,0.01074757,0.3182898
0.03292444,0.01074757,0.3130412
0.04128534,0.01074757,0.2947797
0.03292444,0.01074757,0.2947799
-0.03907919,0.01074757,0.3182899
-0.03907919,0.01074757,0.3130411
-0.04744009,0.01074757,0.3150921
-0.04744013,0.01074757,0.3045921
-0.03907919,0.01074757,0.2947798
-0.04744009,0.01074757,0.29478
-0.04744009,0.01074757,0.3150921
-0.04744009,0.02466686,0.3150921
-0.04744013,0.02466686,0.3045921
-0.04744013,0.01074757,0.3045921
0.0412853,0.01074757,0.304592
0.0412853,0.02466686,0.304592
0.04128534,0.02466686,0.3150921
0.04128534,0.01074757,0.3150921
0.03292444,0.02466686,0.3130412
0.03292444,0.02466686,0.2947799
0.03292444,0.01074757,0.2947799
0.03292444,0.01074757,0.3130412
0.0412853,0.01074757,0.304592
0.04128534,0.01074757,0.2947797
0.04128534,0.02466686,0.2947797
0.0412853,0.02466686,0.304592
-0.04744013,0.02466686,0.3045921
-0.04744009,0.02466686,0.29478
-0.04744009,0.01074757,0.29478
-0.04744013,0.01074757,0.3045921
-0.03907919,0.01074757,0.3130411
-0.03907919,0.01074757,0.2947798
-0.03907919,0.02466686,0.2947798
-0.03907919,0.02466686,0.3130411
0.2595264,-0.0900494,-0.3182898
0.2457585,0.009753074,-0.3182899
0.2595264,0.009753074,-0.3182898
0.2457585,-0.0900494,-0.3182899
-0.2457174,0.009752998,-0.3182899
-0.2457174,-0.0900494,-0.3182899
-0.2595265,0.009752998,-0.3182899
-0.2595265,-0.0900494,-0.3182899
0.2595265,-0.0900494,0.2964124
0.2595265,-0.0900494,0.3067723
0.2457585,-0.0900494,0.3067724
0.2457585,-0.0900494,0.2964124
0.2595265,-0.0900494,-0.3054982
-0.2457174,-0.0900494,0.2964124
-0.2457174,-0.0900494,0.3067724
0.2457585,-0.0900494,-0.3054982
0.2595264,-0.0900494,-0.3182898
0.2457585,-0.0900494,-0.3182899
-0.2457174,-0.0900494,-0.3054982
-0.2457174,-0.0900494,-0.3182899
-0.2595265,-0.0900494,0.2964124
-0.2595265,-0.0900494,0.3067724
-0.2595265,-0.0900494,-0.3054982
-0.2595265,-0.0900494,-0.3182899
-0.2595265,-0.0900494,0.2964124
-0.2595265,-0.0900494,0.3067724
-0.2595265,0.009752998,0.3067724
-0.2595265,0.009752998,0.2964124
-0.2595265,-0.0900494,-0.3054982
-0.2595265,0.09004924,0.2964124
-0.2595265,0.09004924,0.3067724
-0.2595265,0.009752998,-0.3054982
-0.2595265,-0.0900494,-0.3182899
-0.2595265,0.009752998,-0.3182899
0.2457585,0.0900494,0.2964124
0.2595265,0.0900494,0.3067723
0.2595265,0.0900494,0.2964124
0.2457585,0.0900494,0.3067724
-0.2457174,0.09004924,0.2964124
-0.2457174,0.09004924,0.3067724
-0.2595265,0.09004924,0.2964124
-0.2595265,0.09004924,0.3067724
0.2595265,0.009753074,0.3067723
0.2595265,-0.0900494,0.3067723
0.2595265,-0.0900494,0.2964124
0.2595265,0.009753074,0.2964124
0.2595265,0.0900494,0.2964124
0.2595265,0.0900494,0.3067723
0.2595265,0.009753074,-0.3054982
0.2595265,-0.0900494,-0.3054982
0.2595264,0.009753074,-0.3182898
0.2595264,-0.0900494,-0.3182898
0.2595265,0.009753074,0.2964124
0.2457585,0.0900494,0.2964124
0.2595265,0.0900494,0.2964124
0.2457585,0.009753074,0.2964124
-0.2457174,0.09004924,0.2964124
-0.2457174,0.009752998,0.2964124
-0.2595265,0.09004924,0.2964124
-0.2595265,0.009752998,0.2964124
0.2595265,0.009753074,0.3067723
0.2595265,0.0900494,0.3067723
0.2457585,0.0900494,0.3067724
0.2457585,0.009753074,0.3067724
0.2595265,-0.0900494,0.3067723
0.2457585,-0.0900494,0.3067724
-0.2457174,-0.0900494,0.3067724
-0.2457174,0.009752998,0.3067724
-0.2595265,-0.0900494,0.3067724
-0.2457174,0.09004924,0.3067724
-0.2595265,0.009752998,0.3067724
-0.2595265,0.09004924,0.3067724
0.2595265,0.009753074,0.2964124
0.2457585,0.009753074,-0.3054982
0.2457585,0.009753074,0.2964124
0.2595265,0.009753074,-0.3054982
0.2457585,0.009753074,-0.3182899
0.2595264,0.009753074,-0.3182898
-0.2457174,0.009752998,-0.3054982
-0.2595265,0.009752998,0.2964124
-0.2457174,0.009752998,0.2964124
-0.2595265,0.009752998,-0.3054982
-0.2457174,0.009752998,-0.3182899
-0.2595265,0.009752998,-0.3182899
0.2457585,-0.08010944,-0.3054982
-0.2457173,-0.08010952,-0.3054982
-0.2457173,-0.08010952,0.2964124
0.2457585,-0.08010944,0.2964124
0.2457585,0.009753074,-0.3182899
-0.2457174,0.009752998,-0.3182899
-0.2457174,0.009752998,-0.3054982
0.2457585,0.009753074,-0.3054982
0.2457585,0.009753074,-0.3054982
0.2457585,-0.08010944,-0.3054982
0.2457585,-0.08010944,0.2964124
0.2457585,0.009753074,0.2964124
0.2457585,0.009753074,0.2964124
0.2457585,-0.08010944,0.2964124
-0.2457173,-0.08010952,0.2964124
-0.2457174,0.009752998,0.2964124
-0.2457174,0.009752998,0.2964124
-0.2457173,-0.08010952,0.2964124
-0.2457173,-0.08010952,-0.3054982
-0.2457174,0.009752998,-0.3054982
-0.2457174,0.009752998,-0.3054982
-0.2457173,-0.08010952,-0.3054982
0.2457585,-0.08010944,-0.3054982
0.2457585,0.009753074,-0.3054982
176
0.7026781,0.01032075
0.7026146,0.04164335
0.7130554,0.04166469
0.713119,0.01034211
0.7234961,0.04168576
0.7235598,0.01036319
0.7339374,0.0417071
0.7340012,0.01038454
0.7234961,0.04168576
0.7338738,0.07303001
0.7339374,0.0417071
0.7234325,0.07300881
0.7338738,0.07303001
0.7234325,0.07300881
0.7130554,0.04166469
0.7129917,0.07298747
0.7026146,0.04164335
0.7025509,0.07296637
0.7129917,0.07298747
0.7025509,0.07296637
0.7025509,0.07296637
0.7024872,0.1042886
0.7129281,0.1043098
0.7129917,0.07298747
0.7129917,0.07298747
0.7129281,0.1043098
0.723369,0.104331
0.7234325,0.07300881
0.7234325,0.07300881
0.723369,0.104331
0.7338102,0.1043523
0.7338738,0.07303001
0.7024872,0.1042886
0.7024235,0.1356112
0.7128645,0.1356324
0.7129281,0.1043098
0.7024872,0.1042886
0.7129281,0.1043098
0.7233052,0.1356536
0.723369,0.104331
0.7337465,0.1356748
0.7338102,0.1043523
0.723369,0.104331
0.7338102,0.1043523
0.7340012,0.01038454
0.7339374,0.0417071
0.7652599,0.04177063
0.7653236,0.01044808
0.6713558,0.01025721
0.6712922,0.04157979
0.7026146,0.04164335
0.7026781,0.01032075
0.7129917,0.07298747
0.7129917,0.07298747
0.7129281,0.1043098
0.7129281,0.1043098
0.7024872,0.1042886
0.7024872,0.1042886
0.7025509,0.07296637
0.7025509,0.07296637
0.7338738,0.07303001
0.7338738,0.07303001
0.7338102,0.1043523
0.7338102,0.1043523
0.723369,0.104331
0.723369,0.104331
0.7234325,0.07300881
0.7234325,0.07300881
0.1549657,0.3693559
0.1682852,0.3711694
0.1682821,0.3693322
0.1549689,0.3711931
0.1684016,0.4367453
0.1550855,0.436769
0.168405,0.4385878
0.1550887,0.4386116
0.07104543,0.3684354
0.06962913,0.3683366
0.06953144,0.370168
0.07098719,0.3702462
0.1532587,0.3693591
0.07119307,0.4372543
0.06976002,0.4373375
0.1532619,0.3711963
0.1549657,0.3693559
0.1549689,0.3711931
0.1533785,0.4367721
0.1550855,0.436769
0.0712415,0.4390982
0.0698657,0.4391562
0.1533817,0.4386146
0.1550887,0.4386116
0.0712415,0.4390982
0.0698657,0.4391562
0.07007933,0.4524616
0.07145557,0.4524006
0.1533817,0.4386146
0.07236072,0.4628538
0.0709877,0.4629339
0.1534053,0.4519311
0.1550887,0.4386116
0.1551123,0.4519278
0.0425083,0.3688566
0.04411626,0.3670595
0.04271495,0.3669896
0.04400158,0.368933
0.04323196,0.4397954
0.04466903,0.4396002
0.0434978,0.4416322
0.04488951,0.441437
0.07004124,0.3553092
0.06962913,0.3683366
0.07104543,0.3684354
0.07145077,0.3553738
0.07207647,0.3448727
0.07072097,0.3447981
0.1532351,0.3560427
0.1532587,0.3693591
0.1549417,0.3560398
0.1549657,0.3693559
0.03153825,0.3655235
0.0425083,0.3688566
0.04271495,0.3669896
0.03127551,0.3673847
0.04323196,0.4397954
0.03197932,0.4415938
0.0434978,0.4416322
0.03230327,0.4434159
0.05554789,0.3675759
0.04411626,0.3670595
0.04400158,0.368933
0.05545992,0.3694518
0.06962913,0.3683366
0.06953144,0.370168
0.06976002,0.4373375
0.05586416,0.4383903
0.0698657,0.4391562
0.04466903,0.4396002
0.05602938,0.4402359
0.04488951,0.441437
0.5523717,0.4892682
0.4130509,0.492384
0.5523777,0.4924549
0.4130459,0.4895159
0.4100906,0.4923893
0.4100856,0.4895207
0.408821,0.4980339
0.5481519,0.500663
0.5481462,0.4974671
0.4088258,0.5009105
0.4058602,0.4980392
0.4058656,0.5009161
0.01297885,0.6791154
0.07395631,0.6790068
0.07155418,0.6036981
0.01630384,0.6040032
0.08110228,0.4791397
0.17325,0.4789762
0.1732447,0.4760154
0.08109698,0.4761794
0.007413924,0.6846999
0.01297885,0.6791154
0.01630384,0.6040032
0.009087503,0.5971621
0.009087503,0.5971621
0.01630384,0.6040032
0.07155418,0.6036981
0.07809252,0.5965078
0.07809252,0.5965078
0.07155418,0.6036981
0.07395631,0.6790068
0.07954085,0.684572
0.07954085,0.684572
0.07395631,0.6790068
0.01297885,0.6791154
0.007413924,0.6846999
1
384
0
1
2
0
2
3
3
2
4
3
4
5
5
4
6
5
6
7
8
9
10
8
11
9
11
12
9
11
13
12
14
11
8
14
15
11
16
15
14
16
17
15
17
18
15
17
19
18
20
21
22
20
22
23
24
25
26
24
26
27
28
29
30
28
30
31
32
33
34
32
34
35
35
36
32
35
37
36
35
34
38
35
38
39
39
38
40
39
40
41
41
42
39
41
43
42
44
45
46
44
46
47
48
49
50
48
50
51
52
53
54
52
54
55
56
57
58
56
58
59
60
61
62
60
62
63
64
65
66
64
66
67
68
69
70
68
71
69
71
72
69
71
73
72
73
74
72
73
75
74
76
77
78
76
78
79
79
80
76
78
81
79
78
82
81
79
83
80
81
83
79
83
84
80
83
85
84
86
85
83
81
86
83
86
87
85
82
88
81
88
86
81
82
89
88
88
90
86
90
87
86
90
91
87
92
93
94
92
94
95
95
96
92
94
97
95
94
98
97
95
99
96
99
100
96
99
101
100
102
103
104
102
105
103
106
105
102
106
107
105
108
107
106
108
109
107
110
111
112
110
112
113
114
110
113
114
115
110
112
116
113
112
117
116
117
118
116
117
119
118
120
121
122
120
123
121
123
124
121
123
125
124
125
126
124
125
127
126
128
129
130
128
130
131
132
128
131
132
131
133
131
134
133
130
135
131
131
135
134
135
136
134
130
137
135
135
138
136
137
138
135
137
139
138
140
141
142
140
143
141
143
144
141
143
145
144
146
147
148
146
149
147
150
149
146
150
151
149
152
153
154
152
154
155
156
157
158
156
158
159
160
161
162
160
162
163
164
165
166
164
166
167
168
169
170
168
170
171
172
173
174
172
174
175
