MESH3
draw01
140
0.1604396,-0.02064506,0.2304283
0.1604396,-0.007140954,0.22726
0.01789749,-0.007140954,0.22726
0.01789749,-0.02064506,0.2304283
0.1604396,-0.007140954,0.22726
0.1604396,-0.008669732,0.2097993
0.01789749,-0.008669732,0.2097993
0.01789749,-0.007140954,0.22726
0.1604396,-0.008669732,0.2097993
0.1604396,-0.01985488,0.2099456
0.01789749,-0.01985488,0.2099456
0.01789749,-0.008669732,0.2097993
0.1604396,-0.01985488,0.2099456
0.1604396,-0.02064506,0.2304283
0.01789749,-0.02064506,0.2304283
0.01789749,-0.01985488,0.2099456
0.01789749,-0.02064506,0.2304283
0.01789749,-0.007140954,0.22726
0.01789749,-0.008669732,0.2097993
0.01789749,-0.01985488,0.2099456
0.1604396,-0.01985488,0.2099456
0.1604396,-0.008669732,0.2097993
0.1604396,-0.007140954,0.22726
0.1604396,-0.02064506,0.2304283
0.3028074,0.0342318,-0.2960776
0.3028074,-0.0936254,-0.2960776
-0.1241713,-0.0936254,-0.2960776
-0.1241713,0.0342318,-0.2960776
0.3105875,0.0342318,0.207723
0.3105875,0.06989914,0.207723
0.3105875,0.06989914,0.215723
0.3105875,0.0342318,0.215723
0.3105875,-0.0936254,0.207723
0.3105875,-0.0936254,0.215723
0.3105875,-0.1042817,0.207723
0.3105875,-0.1042817,0.215723
-0.1322504,0.0342318,0.215723
-0.1322504,0.06989914,0.215723
-0.1322504,0.06989914,0.207723
-0.1322504,0.0342318,0.207723
-0.1322504,-0.0936254,0.215723
-0.1322504,-0.0936254,0.207723
-0.1322504,-0.1042817,0.215723
-0.1322504,-0.1042817,0.207723
0.2897876,-0.08082068,0.2060789
0.2897876,-0.08082068,-0.2791372
-0.1111515,-0.08082068,-0.2791372
-0.1111515,-0.08082068,0.2060789
-0.1241713,0.0342318,0.207723
-0.1241713,0.0342318,-0.2960776
-0.1241713,-0.0936254,-0.2960776
-0.1241713,-0.0936254,0.207723
-0.1241713,-0.0936254,0.207723
-0.1241713,-0.0936254,-0.2960776
0.3028074,-0.0936254,-0.2960776
0.3028074,-0.0936254,0.207723
0.3028074,-0.0936254,0.207723
0.3028074,-0.0936254,-0.2960776
0.3028074,0.0342318,-0.2960776
0.3028074,0.0342318,0.207723
-0.1241713,0.0342318,0.207723
-0.111231,0.0342318,0.207723
-0.1111515,0.0342318,-0.2791372
-0.1241713,0.0342318,-0.2960776
-0.1241713,0.0342318,-0.2960776
-0.1111515,0.0342318,-0.2791372
0.2897876,0.0342318,-0.2791372
0.3028074,0.0342318,-0.2960776
0.3028074,0.0342318,-0.2960776
0.2897876,0.0342318,-0.2791372
0.2907324,0.0342318,0.207723
0.3028074,0.0342318,0.207723
-0.111231,0.0342318,0.207723
0.2897876,-0.08082068,0.2060789
-0.1111515,-0.08082068,0.2060789
0.2907324,0.0342318,0.207723
0.3028074,0.06989914,0.207723
0.3028074,0.0342318,0.207723
-0.1241713,0.06989914,0.207723
-0.1241713,0.0342318,0.207723
-0.1322504,0.06989914,0.207723
-0.1322504,0.0342318,0.207723
-0.1241713,-0.0936254,0.207723
-0.1322504,-0.0936254,0.207723
0.3105875,0.0342318,0.207723
0.3105875,0.06989914,0.207723
0.3105875,-0.0936254,0.207723
0.3028074,-0.0936254,0.207723
-0.111231,0.0342318,0.207723
-0.1111515,-0.08082068,0.2060789
-0.1111515,-0.08082068,-0.2791372
-0.1111515,0.0342318,-0.2791372
-0.1111515,0.0342318,-0.2791372
-0.1111515,-0.08082068,-0.2791372
0.2897876,-0.08082068,-0.2791372
0.2897876,0.0342318,-0.2791372
0.2897876,0.0342318,-0.2791372
0.2897876,-0.08082068,-0.2791372
0.2897876,-0.08082068,0.2060789
0.2907324,0.0342318,0.207723
-0.1241713,-0.1042817,0.215723
-0.1322504,-0.1042817,0.215723
-0.1322504,-0.1042817,0.207723
-0.1241713,-0.1042817,0.207723
0.3028074,-0.1042817,0.207723
0.3028074,-0.1042817,0.215723
0.3105875,-0.1042817,0.215723
0.3105875,-0.1042817,0.207723
-0.1241713,0.06989914,0.207723
-0.1322504,0.06989914,0.207723
-0.1322504,0.06989914,0.215723
-0.1241713,0.06989914,0.215723
0.3028074,0.06989914,0.215723
0.3028074,0.06989914,0.207723
0.3105875,0.06989914,0.207723
0.3105875,0.06989914,0.215723
-0.1241713,0.06989914,0.215723
-0.1322504,0.06989914,0.215723
-0.1322504,0.0342318,0.215723
-0.1241713,0.0342318,0.215723
-0.1322504,-0.0936254,0.215723
0.3028074,0.0342318,0.215723
0.3028074,0.06989914,0.215723
0.3105875,0.06989914,0.215723
0.3105875,0.0342318,0.215723
0.3028074,-0.0936254,0.215723
0.3105875,-0.0936254,0.215723
0.3105875,-0.1042817,0.215723
0.3028074,-0.1042817,0.215723
-0.1241713,-0.0936254,0.215723
-0.1241713,-0.1042817,0.215723
-0.1322504,-0.1042817,0.215723
-0.1241713,-0.0936254,0.207723
-0.1322504,-0.1042817,0.207723
-0.1322504,-0.0936254,0.207723
-0.1241713,-0.1042817,0.207723
0.3028074,-0.0936254,0.207723
0.3028074,-0.1042817,0.207723
0.3105875,-0.0936254,0.207723
0.3105875,-0.1042817,0.207723
140
0.7161638,0.8813115
0.7161638,0.8343215
0.2268073,0.8343215
0.2268073,0.8813115
0.7161638,0.8343215
0.7161639,0.7746932
0.2268073,0.7746932
0.2268073,0.8343215
0.7161639,0.7746932
0.7161638,0.7362936
0.2268073,0.7362936
0.2268073,0.7746932
0.7161638,0.7362936
0.7161638,0.6659755
0.2268073,0.6659755
0.2268073,0.7362936
0.2268073,0.8813115
0.2268073,0.8343215
0.1672497,0.8254241
0.1589672,0.862923
0.7840039,0.8629239
0.7757213,0.8254246
0.7161638,0.8343215
0.7161638,0.8813115
0.7638912,0.1391306
0.6999919,0.1391302
0.6999921,0.3525212
0.7638911,0.3525212
0.3696599,0.1312378
0.3518346,0.1312351
0.3518339,0.1352335
0.3696589,0.1352389
0.4335591,0.1312497
0.4335581,0.1352449
0.4388848,0.1312506
0.4388839,0.1352489
0.3696592,0.3565622
0.3518336,0.3565685
0.3518342,0.3605669
0.36966,0.3605632
0.4335584,0.3565558
0.433559,0.3605506
0.4388839,0.3565513
0.4388848,0.3605497
0.2725101,0.1456376
0.03001371,0.1456376
0.03001365,0.3460146
0.2725104,0.3460146
0.4482078,0.4164197
0.699992,0.4164206
0.6999921,0.3525212
0.4482078,0.3525211
0.4482078,0.3525211
0.6999921,0.3525212
0.6999919,0.1391302
0.4482077,0.1391306
0.4482077,0.1391306
0.6999919,0.1391302
0.6999918,0.07523122
0.4482078,0.07523163
0.4482078,0.4164197
0.4482078,0.4228871
0.6915255,0.4229271
0.699992,0.4164206
0.7638911,0.3525212
0.7723575,0.3460146
0.7723576,0.1456371
0.7638912,0.1391306
0.6999918,0.07523122
0.6915255,0.06872413
0.4482081,0.06919684
0.4482078,0.07523163
0.3300104,0.3460545
0.2725101,0.1456376
0.2725104,0.3460146
0.3300097,0.1451645
0.3478351,0.1391301
0.3300097,0.1391302
0.3478357,0.3525211
0.3300104,0.3525212
0.3478357,0.3565586
0.3300101,0.3565586
0.2661111,0.3525211
0.2661108,0.3565586
0.3300097,0.1352416
0.3478354,0.1352426
0.2661106,0.1352416
0.2661106,0.1391302
0.4482078,0.4228871
0.4490202,0.4803872
0.6915164,0.4804271
0.6915255,0.4229271
0.7723575,0.3460146
0.8298572,0.3460146
0.8298575,0.1456371
0.7723576,0.1456371
0.6915255,0.06872413
0.6914138,0.01122461
0.4489182,0.01169591
0.4482081,0.06919684
0.4388841,0.3525212
0.4388839,0.3565586
0.4428823,0.3565586
0.4428819,0.3525212
0.442882,0.1391306
0.4388837,0.1391306
0.4388835,0.1352426
0.442882,0.1352426
0.3478357,0.3525211
0.3478357,0.3565585
0.3518339,0.3565586
0.3518339,0.3525211
0.3518336,0.1391302
0.3478351,0.1391301
0.3478354,0.1352426
0.3518333,0.1352426
0.3518339,0.3525211
0.3518339,0.3565586
0.3696592,0.3565622
0.3696592,0.3525212
0.4335584,0.3565558
0.3696589,0.1391301
0.3518336,0.1391302
0.3518336,0.1352416
0.3696589,0.1352389
0.4335582,0.1391306
0.4335581,0.1352449
0.4388839,0.1352426
0.4388837,0.1391306
0.4335584,0.3525211
0.4388841,0.3525212
0.4388842,0.3565585
0.4482078,0.3525211
0.4428821,0.3565586
0.4482078,0.3565586
0.4428819,0.3525212
0.4482077,0.1391306
0.442882,0.1391306
0.4482077,0.1352426
0.442882,0.1352426
1
288
0
1
2
0
2
3
4
5
6
4
6
7
8
9
10
8
10
11
12
13
14
12
14
15
16
17
18
16
18
19
20
21
22
20
22
23
24
25
26
24
26
27
28
29
30
28
30
31
32
28
31
32
31
33
33
34
32
33
35
34
36
37
38
36
38
39
40
36
39
40
39
41
41
42
40
41
43
42
44
45
46
44
46
47
48
49
50
48
50
51
52
53
54
52
54
55
56
57
58
56
58
59
60
61
62
60
62
63
64
65
66
64
66
67
68
69
70
68
70
71
72
73
74
72
75
73
72
76
75
76
77
75
72
78
76
72
79
78
79
80
78
79
81
80
82
81
79
82
83
81
76
84
77
76
85
84
77
84
86
77
86
87
88
89
90
88
90
91
92
93
94
92
94
95
96
97
98
96
98
99
100
101
102
100
102
103
104
100
103
104
105
100
104
106
105
104
107
106
108
109
110
108
110
111
112
108
111
112
113
108
112
114
113
112
115
114
116
117
118
116
118
119
119
118
120
121
116
119
121
122
116
121
123
122
121
124
123
125
124
121
125
121
119
125
126
124
125
127
126
125
128
127
125
119
129
129
128
125
119
120
129
129
130
128
120
130
129
120
131
130
132
133
134
132
135
133
136
135
132
136
137
135
138
137
136
138
139
137
