MESH3
draw07
140
0.3244426,0.07057197,-0.2632529
0.3244426,-0.09558304,-0.2632529
-0.3241435,-0.09558304,-0.263253
-0.3241435,0.07057197,-0.263253
0.3322227,0.07057197,0.2405477
0.3322227,0.1062393,0.2405477
0.3322227,0.1062393,0.2485477
0.3322227,0.07057197,0.2485477
0.3322227,-0.09558304,0.2405477
0.3322227,-0.09558304,0.2485477
0.3322227,-0.1062393,0.2405477
0.3322227,-0.1062393,0.2485477
-0.3322227,0.07057197,0.2485477
-0.3322227,0.1062393,0.2485477
-0.3322227,0.1062393,0.2405476
-0.3322227,0.07057197,0.2405476
-0.3322227,-0.09558304,0.2485477
-0.3322227,-0.09558304,0.2405476
-0.3322227,-0.1062393,0.2485477
-0.3322227,-0.1062393,0.2405476
0.3114227,-0.08277832,0.2389035
0.3114227,-0.08277832,-0.2463125
-0.3111238,-0.08277832,-0.2463126
-0.3111238,-0.08277832,0.2389035
-0.3241435,0.07057197,0.2405476
-0.3241435,0.07057197,-0.263253
-0.3241435,-0.09558304,-0.263253
-0.3241435,-0.09558304,0.2405476
-0.3241435,-0.09558304,0.2405476
-0.3241435,-0.09558304,-0.263253
0.3244426,-0.09558304,-0.2632529
0.3244426,-0.09558304,0.2405477
0.3244426,-0.09558304,0.2405477
0.3244426,-0.09558304,-0.2632529
0.3244426,0.07057197,-0.2632529
0.3244426,0.07057197,0.2405477
-0.3241435,0.07057197,0.2405476
-0.3112032,0.07057197,0.2405476
-0.3111238,0.07057197,-0.2463126
-0.3241435,0.07057197,-0.263253
-0.3241435,0.07057197,-0.263253
-0.3111238,0.07057197,-0.2463126
0.3114227,0.07057197,-0.2463125
0.3244426,0.07057197,-0.2632529
0.3244426,0.07057197,-0.2632529
0.3114227,0.07057197,-0.2463125
0.3123676,0.07057197,0.2405476
0.3244426,0.07057197,0.2405477
-0.3112032,0.07057197,0.2405476
0.3114227,-0.08277832,0.2389035
-0.3111238,-0.08277832,0.2389035
0.3123676,0.07057197,0.2405476
0.3244426,0.1062393,0.2405477
0.3244426,0.07057197,0.2405477
-0.3241435,0.1062393,0.2405476
-0.3241435,0.07057197,0.2405476
-0.3322227,0.1062393,0.2405476
-0.3322227,0.07057197,0.2405476
-0.3241435,-0.09558304,0.2405476
-0.3322227,-0.09558304,0.2405476
0.3322227,0.07057197,0.2405477
0.3322227,0.1062393,0.2405477
0.3322227,-0.09558304,0.2405477
0.3244426,-0.09558304,0.2405477
-0.3112032,0.07057197,0.2405476
-0.3111238,-0.08277832,0.2389035
-0.3111238,-0.08277832,-0.2463126
-0.3111238,0.07057197,-0.2463126
-0.3111238,0.07057197,-0.2463126
-0.3111238,-0.08277832,-0.2463126
0.3114227,-0.08277832,-0.2463125
0.3114227,0.07057197,-0.2463125
0.3114227,0.07057197,-0.2463125
0.3114227,-0.08277832,-0.2463125
0.3114227,-0.08277832,0.2389035
0.3123676,0.07057197,0.2405476
-0.3241435,-0.1062393,0.2485477
-0.3322227,-0.1062393,0.2485477
-0.3322227,-0.1062393,0.2405476
-0.3241435,-0.1062393,0.2405476
0.3244426,-0.1062393,0.2405477
0.3244426,-0.1062393,0.2485477
0.3322227,-0.1062393,0.2485477
0.3322227,-0.1062393,0.2405477
-0.3241435,0.1062393,0.2405476
-0.3322227,0.1062393,0.2405476
-0.3322227,0.1062393,0.2485477
-0.3241435,0.1062393,0.2485477
0.3244426,0.1062393,0.2485477
0.3244426,0.1062393,0.2405477
0.3322227,0.1062393,0.2405477
0.3322227,0.1062393,0.2485477
-0.3241435,0.1062393,0.2485477
-0.3322227,0.1062393,0.2485477
-0.3322227,0.07057197,0.2485477
-0.3241435,0.07057197,0.2485477
-0.3322227,-0.09558304,0.2485477
0.3244426,0.07057197,0.2485477
0.3244426,0.1062393,0.2485477
0.3322227,0.1062393,0.2485477
0.3322227,0.07057197,0.2485477
0.3244426,-0.09558304,0.2485477
0.3322227,-0.09558304,0.2485477
0.3322227,-0.1062393,0.2485477
0.3244426,-0.1062393,0.2485477
-0.3241435,-0.09558304,0.2485477
-0.3241435,-0.1062393,0.2485477
-0.3322227,-0.1062393,0.2485477
-0.3241435,-0.09558304,0.2405476
-0.3322227,-0.1062393,0.2405476
-0.3322227,-0.09558304,0.2405476
-0.3241435,-0.1062393,0.2405476
0.3244426,-0.09558304,0.2405477
0.3244426,-0.1062393,0.2405477
0.3322227,-0.09558304,0.2405477
0.3322227,-0.1062393,0.2405477
0.06847448,-0.004500198,0.263253
0.06847448,0.009003907,0.2600846
-0.07406763,0.009003907,0.2600846
-0.07406763,-0.004500198,0.263253
0.06847448,0.009003907,0.2600846
0.06847448,0.007475128,0.242624
-0.07406763,0.007475128,0.242624
-0.07406763,0.009003907,0.2600846
0.06847448,0.007475128,0.242624
0.06847448,-0.003710022,0.2427703
-0.07406763,-0.003710022,0.2427703
-0.07406763,0.007475128,0.242624
0.06847448,-0.003710022,0.2427703
0.06847448,-0.004500198,0.263253
-0.07406763,-0.004500198,0.263253
-0.07406763,-0.003710022,0.2427703
-0.07406763,-0.004500198,0.263253
-0.07406763,0.009003907,0.2600846
-0.07406763,0.007475128,0.242624
-0.07406763,-0.003710022,0.2427703
0.06847448,-0.003710022,0.2427703
0.06847448,0.007475128,0.242624
0.06847448,0.009003907,0.2600846
0.06847448,-0.004500198,0.263253
140
0.8169079,0.1306166
0.7576677,0.1306168
0.7576677,0.3618612
0.8169081,0.3618611
0.5083529,0.1249905
0.4956362,0.1249905
0.4956362,0.1278429
0.5083529,0.1278427
0.5675933,0.1249902
0.5675933,0.1278428
0.5713925,0.1249902
0.5713925,0.1278424
0.5083529,0.3647417
0.4956362,0.3647418
0.4956362,0.3675941
0.5083529,0.3675941
0.5675933,0.3647418
0.5675933,0.3675942
0.5713924,0.3647418
0.5713924,0.3675942
0.4253923,0.1352587
0.252395,0.1352587
0.2523946,0.3572193
0.425392,0.3572193
0.5780444,0.4211017
0.7576677,0.4211017
0.7576677,0.3618612
0.5780442,0.3618613
0.5780442,0.3618613
0.7576677,0.3618612
0.7576677,0.1306168
0.5780442,0.1306167
0.5780442,0.1306167
0.7576677,0.1306168
0.7576675,0.07137638
0.5780444,0.07137626
0.5780444,0.4211017
0.5780444,0.4257153
0.7516277,0.4257437
0.7576677,0.4211017
0.8169081,0.3618611
0.822948,0.357219
0.8229479,0.1352585
0.8169079,0.1306166
0.7576675,0.07137638
0.7516276,0.06673449
0.5780444,0.06707114
0.5780444,0.07137626
0.480067,0.3572474
0.4253923,0.1352587
0.425392,0.3572193
0.4800671,0.1349216
0.4927838,0.1306165
0.4800673,0.1306165
0.4927838,0.3618612
0.480067,0.3618611
0.4927837,0.3647416
0.4800671,0.3647416
0.4208266,0.3618613
0.4208266,0.3647418
0.4800673,0.1278425
0.4927838,0.1278425
0.4208268,0.1278428
0.4208268,0.1306168
0.5780444,0.4257153
0.5786216,0.4803904
0.7516188,0.4804186
0.7516277,0.4257437
0.822948,0.357219
0.877623,0.3572192
0.877623,0.1352586
0.8229479,0.1352585
0.7516276,0.06673449
0.7515216,0.01205957
0.5785245,0.01239508
0.5780444,0.06707114
0.5713924,0.3618613
0.5713924,0.3647418
0.5742447,0.3647418
0.5742447,0.3618613
0.5742447,0.1306167
0.5713925,0.1306167
0.5713925,0.1278428
0.5742447,0.1278428
0.4927838,0.3618612
0.4927837,0.3647417
0.495636,0.3647417
0.4956362,0.3618611
0.4956362,0.1306165
0.4927838,0.1306165
0.4927838,0.1278427
0.4956362,0.1278427
0.4956362,0.3618611
0.4956362,0.3647417
0.5083529,0.3647417
0.5083529,0.361861
0.5675933,0.3647418
0.5083529,0.1306165
0.4956362,0.1306165
0.4956362,0.1278425
0.5083529,0.1278427
0.5675933,0.1306167
0.5675933,0.1278428
0.5713925,0.1278428
0.5713925,0.1306167
0.5675933,0.3618613
0.5713924,0.3618613
0.5713924,0.3647418
0.5780442,0.3618613
0.5742447,0.3647418
0.5780442,0.3647418
0.5742447,0.3618613
0.5780442,0.1306167
0.5742447,0.1306167
0.5780442,0.1278428
0.5742447,0.1278428
0.9041095,0.7623705
0.9041096,0.7153662
0.4146031,0.7153661
0.4146031,0.7623705
0.9041096,0.7153662
0.9041095,0.6557192
0.4146031,0.6557192
0.4146031,0.7153661
0.9041095,0.6557192
0.9041095,0.6173081
0.4146031,0.6173081
0.4146031,0.6557192
0.9041095,0.6173081
0.9041096,0.5469686
0.4146031,0.5469686
0.4146031,0.6173081
0.4146031,0.7623705
0.4146031,0.7153661
0.3550273,0.7064667
0.3467422,0.7439765
0.9719706,0.7439773
0.9636854,0.7064667
0.9041096,0.7153662
0.9041095,0.7623705
1
288
0
1
2
0
2
3
4
5
6
4
6
7
8
4
7
8
7
9
9
10
8
9
11
10
12
13
14
12
14
15
16
12
15
16
15
17
17
18
16
17
19
18
20
21
22
20
22
23
24
25
26
24
26
27
28
29
30
28
30
31
32
33
34
32
34
35
36
37
38
36
38
39
40
41
42
40
42
43
44
45
46
44
46
47
48
49
50
48
51
49
48
52
51
52
53
51
48
54
52
48
55
54
55
56
54
55
57
56
58
57
55
58
59
57
52
60
53
52
61
60
53
60
62
53
62
63
64
65
66
64
66
67
68
69
70
68
70
71
72
73
74
72
74
75
76
77
78
76
78
79
80
76
79
80
81
76
80
82
81
80
83
82
84
85
86
84
86
87
88
84
87
88
89
84
88
90
89
88
91
90
92
93
94
92
94
95
95
94
96
97
92
95
97
98
92
97
99
98
97
100
99
101
100
97
101
97
95
101
102
100
101
103
102
101
104
103
101
95
105
105
104
101
95
96
105
105
106
104
96
106
105
96
107
106
108
109
110
108
111
109
112
111
108
112
113
111
114
113
112
114
115
113
116
117
118
116
118
119
120
121
122
120
122
123
124
125
126
124
126
127
128
129
130
128
130
131
132
133
134
132
134
135
136
137
138
136
138
139
