MESH3
draw02
144
-0.143537,0.2156853,-0.2957605
-0.143537,0.08782809,-0.2957605
-0.5705157,0.08782809,-0.2957605
-0.5705157,0.2156853,-0.2957605
-0.5785949,0.08782809,0.2160401
-0.5785949,0.2156853,0.2080401
-0.5785949,0.08782809,0.2080401
-0.5785949,0.2156853,0.2160401
-0.5785948,0.2513526,0.2080401
-0.5785948,0.2513526,0.2160401
-0.1357569,0.08782809,0.2080401
-0.1357569,0.2156853,0.2160401
-0.1357569,0.08782809,0.2160401
-0.1357569,0.2156853,0.2080401
-0.1357569,0.2513526,0.2160401
-0.1357569,0.2513526,0.2080401
-0.1565568,0.1006328,0.206396
-0.1565568,0.1006328,-0.2788201
-0.5574959,0.1006328,-0.2788201
-0.5574959,0.1006328,0.206396
-0.5705157,0.2156853,0.2080401
-0.5705157,0.2156853,-0.2957605
-0.5705157,0.08782809,-0.2957605
-0.5705157,0.08782809,0.2080401
-0.5705157,0.08782809,0.2080401
-0.5705157,0.08782809,-0.2957605
-0.143537,0.08782809,-0.2957605
-0.143537,0.08782809,0.2080401
-0.143537,0.08782809,0.2080401
-0.143537,0.08782809,-0.2957605
-0.143537,0.2156853,-0.2957605
-0.143537,0.2156853,0.2080401
-0.5705157,0.2156853,0.2080401
-0.5575755,0.2156853,0.2080401
-0.5574959,0.2156853,-0.2788201
-0.5705157,0.2156853,-0.2957605
-0.5705157,0.2156853,-0.2957605
-0.5574959,0.2156853,-0.2788201
-0.1565568,0.2156853,-0.2788201
-0.143537,0.2156853,-0.2957605
-0.143537,0.2156853,-0.2957605
-0.1565568,0.2156853,-0.2788201
-0.1556119,0.2156853,0.20804
-0.143537,0.2156853,0.2080401
-0.5575755,0.2156853,0.2080401
-0.1565568,0.1006328,0.206396
-0.5574959,0.1006328,0.206396
-0.1556119,0.2156853,0.20804
-0.143537,0.2513526,0.2080401
-0.143537,0.2156853,0.2080401
-0.5705157,0.2513526,0.2080401
-0.5705157,0.2156853,0.2080401
-0.5785948,0.2513526,0.2080401
-0.5785949,0.2156853,0.2080401
-0.5705157,0.08782809,0.2080401
-0.5785949,0.08782809,0.2080401
-0.1357569,0.2156853,0.2080401
-0.1357569,0.2513526,0.2080401
-0.1357569,0.08782809,0.2080401
-0.143537,0.08782809,0.2080401
-0.5575755,0.2156853,0.2080401
-0.5574959,0.1006328,0.206396
-0.5574959,0.1006328,-0.2788201
-0.5574959,0.2156853,-0.2788201
-0.5574959,0.2156853,-0.2788201
-0.5574959,0.1006328,-0.2788201
-0.1565568,0.1006328,-0.2788201
-0.1565568,0.2156853,-0.2788201
-0.1565568,0.2156853,-0.2788201
-0.1565568,0.1006328,-0.2788201
-0.1565568,0.1006328,0.206396
-0.1556119,0.2156853,0.20804
-0.5705157,0.0771718,0.2160401
-0.5785949,0.0771718,0.2160401
-0.5785949,0.0771718,0.2080401
-0.5705157,0.0771718,0.2080401
-0.143537,0.0771718,0.2080401
-0.143537,0.0771718,0.2160401
-0.1357569,0.0771718,0.2160401
-0.1357569,0.0771718,0.2080401
-0.5705157,0.2513526,0.2080401
-0.5785948,0.2513526,0.2080401
-0.5785948,0.2513526,0.2160401
-0.5705157,0.2513526,0.2160401
-0.143537,0.2513526,0.2160401
-0.143537,0.2513526,0.2080401
-0.1357569,0.2513526,0.2080401
-0.1357569,0.2513526,0.2160401
-0.5705157,0.2513526,0.2160401
-0.5785948,0.2513526,0.2160401
-0.5785949,0.2156853,0.2160401
-0.5705157,0.2156853,0.2160401
-0.5785949,0.08782809,0.2160401
-0.143537,0.2156853,0.2160401
-0.143537,0.2513526,0.2160401
-0.1357569,0.2513526,0.2160401
-0.1357569,0.2156853,0.2160401
-0.143537,0.08782809,0.2160401
-0.1357569,0.08782809,0.2160401
-0.1357569,0.0771718,0.2160401
-0.143537,0.0771718,0.2160401
-0.5705157,0.08782809,0.2160401
-0.5705157,0.0771718,0.2160401
-0.5785949,0.0771718,0.2160401
-0.5705157,0.08782809,0.2080401
-0.5785949,0.0771718,0.2080401
-0.5785949,0.08782809,0.2080401
-0.5705157,0.0771718,0.2080401
-0.143537,0.08782809,0.2080401
-0.143537,0.0771718,0.2080401
-0.1357569,0.08782809,0.2080401
-0.1357569,0.0771718,0.2080401
-0.5785949,0.08782809,0.2080401
-0.5785949,0.0771718,0.2080401
-0.5785949,0.0771718,0.2160401
-0.5785949,0.08782809,0.2160401
-0.1357569,0.08782809,0.2160401
-0.1357569,0.0771718,0.2160401
-0.1357569,0.0771718,0.2080401
-0.1357569,0.08782809,0.2080401
-0.2859048,0.1608084,0.2307454
-0.2859048,0.1743125,0.2275771
-0.4284469,0.1743125,0.2275771
-0.4284469,0.1608084,0.2307454
-0.2859048,0.1743125,0.2275771
-0.2859048,0.1727837,0.2101165
-0.4284469,0.1727837,0.2101165
-0.4284469,0.1743125,0.2275771
-0.2859048,0.1727837,0.2101165
-0.2859048,0.1615986,0.2102627
-0.4284469,0.1615986,0.2102627
-0.4284469,0.1727837,0.2101165
-0.2859048,0.1615986,0.2102627
-0.2859048,0.1608084,0.2307454
-0.4284469,0.1608084,0.2307454
-0.4284469,0.1615986,0.2102627
-0.4284469,0.1608084,0.2307454
-0.4284469,0.1743125,0.2275771
-0.4284469,0.1727837,0.2101165
-0.4284469,0.1615986,0.2102627
-0.2859048,0.1615986,0.2102627
-0.2859048,0.1727837,0.2101165
-0.2859048,0.1743125,0.2275771
-0.2859048,0.1608084,0.2307454
144
0.7576356,0.1516309
0.6971439,0.1516309
0.6971439,0.3536423
0.7576356,0.3536427
0.2864,0.3612494
0.3468918,0.3574649
0.2864,0.3574645
0.3468918,0.3612498
0.3637661,0.3574651
0.3637661,0.36125
0.2863994,0.1479497
0.3468912,0.1441653
0.2863994,0.1441646
0.3468912,0.1479501
0.3637661,0.1441655
0.3637658,0.1479504
0.2924578,0.1577906
0.06289331,0.1577913
0.06289399,0.3474829
0.292458,0.3474823
0.4587863,0.414134
0.6971437,0.4141341
0.6971439,0.3536423
0.458786,0.3536423
0.458786,0.3536423
0.6971439,0.3536423
0.6971439,0.1516309
0.458786,0.1516309
0.458786,0.1516309
0.6971439,0.1516309
0.6971439,0.09113958
0.4587862,0.0911395
0.4587863,0.414134
0.4587862,0.4202563
0.6891289,0.4202942
0.6971437,0.4141341
0.7576356,0.3536427
0.7656504,0.3474825
0.7656506,0.1577909
0.7576356,0.1516309
0.6971439,0.09113958
0.6891289,0.08497936
0.4587865,0.08542636
0.4587862,0.0911395
0.3468918,0.3475198
0.2924578,0.1577906
0.292458,0.3474823
0.3468912,0.1573437
0.3637661,0.1516306
0.3468912,0.1516306
0.3637665,0.3536421
0.3468918,0.3536421
0.3637665,0.3574646
0.3468918,0.3574649
0.2864,0.3536423
0.2864,0.3574645
0.3468912,0.1479501
0.3637661,0.1479497
0.2863994,0.1479497
0.2863994,0.1516309
0.4587862,0.4202563
0.4595549,0.47469
0.6891199,0.4747276
0.6891289,0.4202942
0.7656504,0.3474825
0.8200839,0.3474825
0.8200842,0.157791
0.7656506,0.1577909
0.6891289,0.08497936
0.6890231,0.03054613
0.4594588,0.03099158
0.4587865,0.08542636
0.4499596,0.3536424
0.4499596,0.3574649
0.4537446,0.3574649
0.4537442,0.3536424
0.4537446,0.1516309
0.4499596,0.1516309
0.4499596,0.1479498
0.4537446,0.1479498
0.3637665,0.3536421
0.3637661,0.3574645
0.3675512,0.3574646
0.3675513,0.3536421
0.3675512,0.1516309
0.3637661,0.1516306
0.3637661,0.1479497
0.3675512,0.1479497
0.3675513,0.3536421
0.3675513,0.3574646
0.3844259,0.3574647
0.3844259,0.3536424
0.4449175,0.3574646
0.3844259,0.1516306
0.3675512,0.1516309
0.3675512,0.1479497
0.3844259,0.1479497
0.4449179,0.1516309
0.4449179,0.1479498
0.4499593,0.1479498
0.4499596,0.1516309
0.4449175,0.3536424
0.4499596,0.3536424
0.4499592,0.3574646
0.458786,0.3536423
0.4537442,0.357465
0.458786,0.3574643
0.4537442,0.3536424
0.458786,0.1516309
0.4537446,0.1516309
0.458786,0.1479519
0.4537442,0.1479478
0.458786,0.3574643
0.4537442,0.357465
0.4537455,0.3612505
0.4587874,0.3612486
0.4587921,0.144169
0.4537504,0.1441605
0.4537442,0.1479478
0.458786,0.1479519
0.6088302,0.8420482
0.6088302,0.7950441
0.1193238,0.7950441
0.1193238,0.8420482
0.6088302,0.7950441
0.6088303,0.735397
0.1193238,0.735397
0.1193238,0.7950441
0.6088303,0.735397
0.6088302,0.6969861
0.1193238,0.696986
0.1193238,0.735397
0.6088302,0.6969861
0.6088303,0.6266459
0.1193239,0.6266459
0.1193238,0.696986
0.1193238,0.8420482
0.1193238,0.7950441
0.05974795,0.7861439
0.05146299,0.8236542
0.6766912,0.8236551
0.6684061,0.7861442
0.6088302,0.7950441
0.6088302,0.8420482
1
288
0
1
2
0
2
3
4
5
6
4
7
5
7
8
5
7
9
8
10
11
12
10
13
11
13
14
11
13
15
14
16
17
18
16
18
19
20
21
22
20
22
23
24
25
26
24
26
27
28
29
30
28
30
31
32
33
34
32
34
35
36
37
38
36
38
39
40
41
42
40
42
43
44
45
46
44
47
45
44
48
47
48
49
47
44
50
48
44
51
50
51
52
50
51
53
52
54
53
51
54
55
53
48
56
49
48
57
56
49
56
58
49
58
59
60
61
62
60
62
63
64
65
66
64
66
67
68
69
70
68
70
71
72
73
74
72
74
75
76
72
75
76
77
72
76
78
77
76
79
78
80
81
82
80
82
83
84
80
83
84
85
80
84
86
85
84
87
86
88
89
90
88
90
91
91
90
92
93
88
91
93
94
88
93
95
94
93
96
95
97
96
93
97
93
91
97
98
96
97
99
98
97
100
99
97
91
101
101
100
97
91
92
101
101
102
100
92
102
101
92
103
102
104
105
106
104
107
105
108
107
104
108
109
107
110
109
108
110
111
109
112
113
114
112
114
115
116
117
118
116
118
119
120
121
122
120
122
123
124
125
126
124
126
127
128
129
130
128
130
131
132
133
134
132
134
135
136
137
138
136
138
139
140
141
142
140
142
143
