MESH3
draw01
176
0.04128534,0.008007164,0.3150921
0.04128534,0.02192638,0.3150921
0.03292429,0.02192638,0.3182898
0.03292429,0.008007164,0.3182898
-0.03907919,0.02192638,0.3182899
-0.03907919,0.008007164,0.3182899
-0.04744009,0.02192638,0.3150921
-0.04744009,0.008007164,0.3150921
-0.03907919,0.02192638,0.3182899
-0.04744013,0.02192638,0.3045921
-0.04744009,0.02192638,0.3150921
-0.03907919,0.02192638,0.3130411
-0.04744009,0.02192638,0.29478
-0.03907919,0.02192638,0.2947798
0.03292429,0.02192638,0.3182898
0.03292444,0.02192638,0.3130412
0.04128534,0.02192638,0.3150921
0.0412853,0.02192638,0.304592
0.03292444,0.02192638,0.2947799
0.04128534,0.02192638,0.2947797
0.04128534,0.02192638,0.2947797
0.04128534,0.008007164,0.2947797
0.03292444,0.008007164,0.2947799
0.03292444,0.02192638,0.2947799
0.03292444,0.02192638,0.3130412
0.03292444,0.008007164,0.3130412
-0.03907919,0.008007164,0.3130411
-0.03907919,0.02192638,0.3130411
-0.03907919,0.02192638,0.2947798
-0.03907919,0.008007164,0.2947798
-0.04744009,0.008007164,0.29478
-0.04744009,0.02192638,0.29478
0.0412853,0.008007164,0.304592
0.04128534,0.008007164,0.3150921
0.03292429,0.008007164,0.3182898
0.03292444,0.008007164,0.3130412
0.04128534,0.008007164,0.2947797
0.03292444,0.008007164,0.2947799
-0.03907919,0.008007164,0.3182899
-0.03907919,0.008007164,0.3130411
-0.04744009,0.008007164,0.3150921
-0.04744013,0.008007164,0.3045921
-0.03907919,0.008007164,0.2947798
-0.04744009,0.008007164,0.29478
-0.04744009,0.008007164,0.3150921
-0.04744009,0.02192638,0.3150921
-0.04744013,0.02192638,0.3045921
-0.04744013,0.008007164,0.3045921
0.0412853,0.008007164,0.304592
0.0412853,0.02192638,0.304592
0.04128534,0.02192638,0.3150921
0.04128534,0.008007164,0.3150921
0.03292444,0.02192638,0.3130412
0.03292444,0.02192638,0.2947799
0.03292444,0.008007164,0.2947799
0.03292444,0.008007164,0.3130412
0.0412853,0.008007164,0.304592
0.04128534,0.008007164,0.2947797
0.04128534,0.02192638,0.2947797
0.0412853,0.02192638,0.304592
-0.04744013,0.02192638,0.3045921
-0.04744009,0.02192638,0.29478
-0.04744009,0.008007164,0.29478
-0.04744013,0.008007164,0.3045921
-0.03907919,0.008007164,0.3130411
-0.03907919,0.008007164,0.2947798
-0.03907919,0.02192638,0.2947798
-0.03907919,0.02192638,0.3130411
0.2595264,-0.0900494,-0.3182898
0.2457585,0.009753074,-0.3182899
0.2595264,0.009753074,-0.3182898
0.2457585,-0.0900494,-0.3182899
-0.2457174,0.009752998,-0.3182899
-0.2457174,-0.0900494,-0.3182899
-0.2595265,0.009752998,-0.3182899
-0.2595265,-0.0900494,-0.3182899
0.2595265,-0.0900494,0.2964124
0.2595265,-0.0900494,0.3067723
0.2457585,-0.0900494,0.3067724
0.2457585,-0.0900494,0.2964124
0.2595265,-0.0900494,-0.3054982
-0.2457174,-0.0900494,0.2964124
-0.2457174,-0.0900494,0.3067724
0.2457585,-0.0900494,-0.3054982
0.2595264,-0.0900494,-0.3182898
0.2457585,-0.0900494,-0.3182899
-0.2457174,-0.0900494,-0.3054982
-0.2457174,-0.0900494,-0.3182899
-0.2595265,-0.0900494,0.2964124
-0.2595265,-0.0900494,0.3067724
-0.2595265,-0.0900494,-0.3054982
-0.2595265,-0.0900494,-0.3182899
-0.2595265,-0.0900494,0.2964124
-0.2595265,-0.0900494,0.3067724
-0.2595265,0.009752998,0.3067724
-0.2595265,0.009752998,0.2964124
-0.2595265,-0.0900494,-0.3054982
-0.2595265,0.09004932,0.2964124
-0.2595265,0.09004932,0.3067724
-0.2595265,0.009752998,-0.3054982
-0.2595265,-0.0900494,-0.3182899
-0.2595265,0.009752998,-0.3182899
0.2457585,0.0900494,0.2964124
0.2595265,0.0900494,0.3067723
0.2595265,0.0900494,0.2964124
0.2457585,0.0900494,0.3067724
-0.2457174,0.09004932,0.2964124
-0.2457174,0.09004932,0.3067724
-0.2595265,0.09004932,0.2964124
-0.2595265,0.09004932,0.3067724
0.2595265,0.009753074,0.3067723
0.2595265,-0.0900494,0.3067723
0.2595265,-0.0900494,0.2964124
0.2595265,0.009753074,0.2964124
0.2595265,0.0900494,0.2964124
0.2595265,0.0900494,0.3067723
0.2595265,0.009753074,-0.3054982
0.2595265,-0.0900494,-0.3054982
0.2595264,0.009753074,-0.3182898
0.2595264,-0.0900494,-0.3182898
0.2595265,0.009753074,0.2964124
0.2457585,0.0900494,0.2964124
0.2595265,0.0900494,0.2964124
0.2457585,0.009753074,0.2964124
-0.2457174,0.09004932,0.2964124
-0.2457174,0.009752998,0.2964124
-0.2595265,0.09004932,0.2964124
-0.2595265,0.009752998,0.2964124
0.2595265,0.009753074,0.3067723
0.2595265,0.0900494,0.3067723
0.2457585,0.0900494,0.3067724
0.2457585,0.009753074,0.3067724
0.2595265,-0.0900494,0.3067723
0.2457585,-0.0900494,0.3067724
-0.2457174,-0.0900494,0.3067724
-0.2457174,0.009752998,0.3067724
-0.2595265,-0.0900494,0.3067724
-0.2457174,0.09004932,0.3067724
-0.2595265,0.009752998,0.3067724
-0.2595265,0.09004932,0.3067724
0.2595265,0.009753074,0.2964124
0.2457585,0.009753074,-0.3054982
0.2457585,0.009753074,0.2964124
0.2595265,0.009753074,-0.3054982
0.2457585,0.009753074,-0.3182899
0.2595264,0.009753074,-0.3182898
-0.2457174,0.009752998,-0.3054982
-0.2595265,0.009752998,0.2964124
-0.2457174,0.009752998,0.2964124
-0.2595265,0.009752998,-0.3054982
-0.2457174,0.009752998,-0.3182899
-0.2595265,0.009752998,-0.3182899
0.2457585,-0.08010944,-0.3054982
-0.2457173,-0.08010952,-0.3054982
-0.2457173,-0.08010952,0.2964124
0.2457585,-0.08010944,0.2964124
0.2457585,0.009753074,-0.3182899
-0.2457174,0.009752998,-0.3182899
-0.2457174,0.009752998,-0.3054982
0.2457585,0.009753074,-0.3054982
0.2457585,0.009753074,-0.3054982
0.2457585,-0.08010944,-0.3054982
0.2457585,-0.08010944,0.2964124
0.2457585,0.009753074,0.2964124
0.2457585,0.009753074,0.2964124
0.2457585,-0.08010944,0.2964124
-0.2457173,-0.08010952,0.2964124
-0.2457174,0.009752998,0.2964124
-0.2457174,0.009752998,0.2964124
-0.2457173,-0.08010952,0.2964124
-0.2457173,-0.08010952,-0.3054982
-0.2457174,0.009752998,-0.3054982
-0.2457174,0.009752998,-0.3054982
-0.2457173,-0.08010952,-0.3054982
0.2457585,-0.08010944,-0.3054982
0.2457585,0.009753074,-0.3054982
176
0.7021064,0.009128559
0.7021064,0.04048299
0.7125577,0.04048299
0.7125577,0.009128559
0.7230092,0.04048299
0.7230092,0.009128559
0.733461,0.04048299
0.733461,0.009128559
0.7230092,0.04048299
0.733461,0.07183778
0.733461,0.04048299
0.7230092,0.07183778
0.733461,0.07183778
0.7230092,0.07183778
0.7125577,0.04048299
0.7125577,0.07183778
0.7021064,0.04048299
0.7021064,0.07183778
0.7125577,0.07183778
0.7021064,0.07183778
0.7021064,0.07183778
0.7021064,0.1031917
0.7125577,0.1031917
0.7125577,0.07183778
0.7125577,0.07183778
0.7125577,0.1031917
0.7230092,0.1031917
0.7230092,0.07183778
0.7230092,0.07183778
0.7230092,0.1031917
0.733461,0.1031917
0.733461,0.07183778
0.7021064,0.1031917
0.7021064,0.1345461
0.7125577,0.1345461
0.7125577,0.1031917
0.7021064,0.1031917
0.7125577,0.1031917
0.7230092,0.1345461
0.7230092,0.1031917
0.733461,0.1345461
0.733461,0.1031917
0.7230092,0.1031917
0.733461,0.1031917
0.733461,0.009128559
0.733461,0.04048299
0.7648153,0.04048299
0.7648153,0.009128559
0.6707521,0.009128559
0.6707521,0.04048299
0.7021064,0.04048299
0.7021064,0.009128559
0.7125577,0.07183778
0.7125577,0.07183778
0.7125577,0.1031917
0.7125577,0.1031917
0.7021064,0.1031917
0.7021064,0.1031917
0.7021064,0.07183778
0.7021064,0.07183778
0.733461,0.07183778
0.733461,0.07183778
0.733461,0.1031917
0.733461,0.1031917
0.7230092,0.1031917
0.7230092,0.1031917
0.7230092,0.07183778
0.7230092,0.07183778
0.126567,0.02875644
0.1398865,0.03056988
0.1398834,0.0287329
0.1265702,0.03059369
0.1400032,0.09614557
0.1266869,0.09616905
0.1400064,0.09798801
0.1266901,0.09801203
0.04454985,0.02890217
0.04316735,0.02890429
0.04317021,0.03074166
0.04455297,0.03073907
0.1248601,0.02875924
0.04466938,0.09631467
0.04328697,0.09631717
0.1248636,0.03059646
0.126567,0.02875644
0.1265702,0.03059369
0.1249799,0.09617221
0.1266869,0.09616905
0.04467278,0.09815758
0.04329013,0.09815985
0.1249833,0.09801489
0.1266901,0.09801203
0.04467278,0.09815758
0.04329013,0.09815985
0.04331364,0.1114761
0.04469644,0.1114737
0.1249833,0.09801489
0.04471561,0.1221875
0.04333293,0.1221899
0.1250069,0.1113312
0.1266901,0.09801203
0.1267137,0.1113282
0.01550194,0.02839613
0.01719894,0.02663431
0.01575019,0.02652296
0.01703122,0.02851567
0.01620498,0.09943306
0.01766648,0.0992161
0.0164931,0.1012895
0.01791766,0.1010734
0.04314347,0.01558858
0.04316735,0.02890429
0.04454985,0.02890217
0.04452591,0.01558614
0.04450702,0.004871905
0.04312431,0.004874468
0.1248365,0.01544303
0.1248601,0.02875924
0.1265436,0.01544032
0.126567,0.02875644
0.004335663,0.02482474
0.01550194,0.02839613
0.01575019,0.02652296
0.004027567,0.02669176
0.01620498,0.09943306
0.004748902,0.1013604
0.0164931,0.1012895
0.005096457,0.1032025
0.02891495,0.0275296
0.01719894,0.02663431
0.01703122,0.02851567
0.02876034,0.02940544
0.04316735,0.02890429
0.04317021,0.03074166
0.04328697,0.09631717
0.02908119,0.09779584
0.04329013,0.09815985
0.01766648,0.0992161
0.02928879,0.09965426
0.01791766,0.1010734
0.1611674,0.2156859
0.1642829,0.3550066
0.1643541,0.2156804
0.1614146,0.3550116
0.164288,0.3579676
0.1614199,0.3579726
0.1650026,0.1450293
0.1676323,0.005698681
0.1644359,0.005703986
0.1678795,0.1450244
0.1650081,0.1479902
0.1678849,0.1479852
0.09164727,0.6803011
0.1526245,0.6801925
0.150498,0.6039019
0.09483635,0.6043035
0.07979667,0.4719176
0.1719444,0.4717535
0.1719391,0.4687927
0.07979167,0.4689566
0.08608246,0.6858853
0.09164727,0.6803011
0.09483635,0.6043035
0.08766904,0.5972778
0.08766904,0.5972778
0.09483635,0.6043035
0.150498,0.6039019
0.1571018,0.5966071
0.1571018,0.5966071
0.150498,0.6039019
0.1526245,0.6801925
0.1582091,0.6857572
0.1582091,0.6857572
0.1526245,0.6801925
0.09164727,0.6803011
0.08608246,0.6858853
1
384
0
1
2
0
2
3
3
2
4
3
4
5
5
4
6
5
6
7
8
9
10
8
11
9
11
12
9
11
13
12
14
11
8
14
15
11
16
15
14
16
17
15
17
18
15
17
19
18
20
21
22
20
22
23
24
25
26
24
26
27
28
29
30
28
30
31
32
33
34
32
34
35
35
36
32
35
37
36
35
34
38
35
38
39
39
38
40
39
40
41
41
42
39
41
43
42
44
45
46
44
46
47
48
49
50
48
50
51
52
53
54
52
54
55
56
57
58
56
58
59
60
61
62
60
62
63
64
65
66
64
66
67
68
69
70
68
71
69
71
72
69
71
73
72
73
74
72
73
75
74
76
77
78
76
78
79
79
80
76
78
81
79
78
82
81
79
83
80
81
83
79
83
84
80
83
85
84
86
85
83
81
86
83
86
87
85
82
88
81
88
86
81
82
89
88
88
90
86
90
87
86
90
91
87
92
93
94
92
94
95
95
96
92
94
97
95
94
98
97
95
99
96
99
100
96
99
101
100
102
103
104
102
105
103
106
105
102
106
107
105
108
107
106
108
109
107
110
111
112
110
112
113
114
110
113
114
115
110
112
116
113
112
117
116
117
118
116
117
119
118
120
121
122
120
123
121
123
124
121
123
125
124
125
126
124
125
127
126
128
129
130
128
130
131
132
128
131
132
131
133
131
134
133
130
135
131
131
135
134
135
136
134
130
137
135
135
138
136
137
138
135
137
139
138
140
141
142
140
143
141
143
144
141
143
145
144
146
147
148
146
149
147
150
149
146
150
151
149
152
153
154
152
154
155
156
157
158
156
158
159
160
161
162
160
162
163
164
165
166
164
166
167
168
169
170
168
170
171
172
173
174
172
174
175
