MESH3
KitchenBench_base
655
2.166545,0.3273883,-0.4725002
2.166545,-0.3771322,-0.4724999
2.166545,-0.3930062,-0.4725002
2.166545,0.3273883,-0.4725002
2.166545,0.3106295,-0.4725002
2.166545,-0.3771322,-0.4724999
-2.166503,-0.3930062,-0.4724998
-2.166545,-0.3930062,-0.4725001
2.166558,-0.3930062,-0.4724999
1.340535,-0.3771322,0.4232018
1.340535,-0.3930062,0.423202
1.340535,-0.3930062,0.4546801
2.115369,-0.3930062,0.423202
2.11537,-0.3930062,0.4546802
1.340535,-0.3930062,0.4546801
1.340535,-0.3930062,0.423202
2.115369,0.3106295,0.423202
2.115369,0.3273883,0.423202
2.11537,0.3273883,0.4546802
2.115369,-0.3771322,0.4232018
2.11537,-0.3930062,0.4546802
2.115369,-0.3930062,0.423202
1.622618,0.1255274,0.4546801
1.622618,0.1883788,0.4546801
1.622618,0.1899104,0.4546801
1.340535,-0.3930062,0.4546801
1.622618,0.1240769,0.4546801
1.340535,0.3273883,0.4546801
2.11537,-0.3930062,0.4546802
1.833287,0.1899104,0.4546801
1.833287,0.1240769,0.4546801
2.11537,0.3273883,0.4546802
1.833287,0.1883788,0.4546801
1.833287,0.1255274,0.4546801
1.340535,0.3273883,0.4546801
1.340535,-0.3771322,0.4232018
1.340535,-0.3930062,0.4546801
1.340535,0.3106295,0.423202
1.340535,0.3273883,0.423202
0.7179914,0.1900124,0.2417645
0.7618218,0.1900124,-0.09573509
0.7179915,0.1900124,-0.046567
0.7618217,0.1900124,0.2909326
1.136141,0.1900124,-0.09573509
1.136141,0.1900124,0.2909327
1.179971,0.1900124,-0.046567
1.179971,0.1900124,0.2417645
0.8456141,0.4767808,-0.03167702
0.8527075,0.4767808,-0.02248093
0.8456141,0.497497,-0.03167702
0.8529199,0.497493,-0.02239082
0.8642183,0.4767808,-0.02402603
0.8460398,0.5084465,-0.03069206
0.8642183,0.497497,-0.02402603
0.8686358,0.4767808,-0.0347673
0.8686358,0.497497,-0.0347673
0.8527956,0.510069,-0.02128281
0.8468686,0.5209284,-0.03026939
0.8536058,0.5229256,-0.02208481
0.8620127,0.5084465,-0.02255333
0.8684298,0.5036173,-0.03432029
0.8611839,0.5209284,-0.022976
0.8664506,0.5165374,-0.03274605
0.8456141,0.4767808,-0.03167702
0.8500317,0.497497,-0.04241836
0.8500317,0.4767808,-0.04241836
0.8456141,0.497497,-0.03167702
0.8506662,0.503529,-0.04312652
0.8460398,0.5084465,-0.03069206
0.8516777,0.5165374,-0.04027336
0.8468686,0.5209284,-0.03026939
0.8536058,0.5229256,-0.02208481
0.8595911,0.5195365,-0.03355705
0.8611839,0.5209284,-0.022976
0.8664506,0.5165374,-0.03274605
0.9716443,0.4105543,-0.2255989
0.9716443,0.3934444,-0.2111076
0.9716443,0.3934444,-0.2255989
0.9716443,0.4105543,-0.2111076
0.9565899,0.3934444,-0.1960532
0.9716443,0.4330119,-0.2111076
0.9716443,0.4330119,-0.2255989
0.9716443,0.5365285,-0.2255989
0.9716443,0.5416952,-0.2111076
0.9716443,0.5504321,-0.2255989
0.9716443,0.5504321,-0.2111076
0.9565899,0.4330119,-0.1960532
0.9565899,0.5416952,-0.1960529
0.9565899,0.4105543,-0.1960532
0.9493442,0.4330119,-0.1960532
0.9420984,0.5413617,-0.1960532
0.9493442,0.420064,-0.1960532
0.9420985,0.420064,-0.1960532
0.9420985,0.4341085,-0.1960532
0.9420985,0.3934444,-0.1960532
0.9345712,0.420064,-0.2035802
0.9345712,0.4330119,-0.2035802
0.9270442,0.4105543,-0.2111076
0.9270442,0.3934444,-0.2111076
0.9270442,0.4105543,-0.2255989
0.9270442,0.3934444,-0.2255989
0.9420985,0.3934444,-0.2406539
0.9270442,0.5365285,-0.2111076
0.9420985,0.5504321,-0.1960532
0.9270442,0.5504321,-0.2111076
0.9270442,0.5504321,-0.2255989
0.9270442,0.4330119,-0.2111076
0.9270442,0.5365285,-0.2255989
0.9420985,0.4105543,-0.2406539
0.9565899,0.3934444,-0.2406539
0.9270442,0.4330119,-0.2255989
0.9420985,0.4330119,-0.2406539
0.9420985,0.5365285,-0.2406539
0.9420985,0.5504321,-0.2406539
0.9565899,0.5504321,-0.2406539
0.9565899,0.4105543,-0.2406539
0.9716443,0.3934444,-0.2255989
0.9716443,0.4105543,-0.2255989
0.9716443,0.4330119,-0.2255989
0.9565899,0.4330119,-0.2406539
0.9565899,0.5365285,-0.2406539
0.9716443,0.5504321,-0.2255989
0.9716443,0.5365285,-0.2255989
0.9493442,0.420064,-0.1960532
0.9493442,0.4330119,-0.1960532
0.8684298,0.5036173,-0.03432029
0.8664506,0.5165374,-0.03274605
0.9420985,0.4341085,-0.1960532
0.8595911,0.5195365,-0.03355705
0.8516777,0.5165374,-0.04027336
0.9345712,0.4330119,-0.2035802
0.8506662,0.503529,-0.04312652
0.9345712,0.420064,-0.2035802
1.010278,0.5453023,-0.1170469
0.9953462,0.5414307,-0.1084058
1.010278,0.5414296,-0.1170469
0.9953462,0.5453033,-0.1084058
0.980571,0.541339,-0.1039578
0.980571,0.5453045,-0.1039578
0.9716443,0.5504321,-0.2111076
1.010278,0.5453023,-0.1170469
1.010278,0.5414296,-0.1170469
0.9716443,0.5416952,-0.2111076
0.9716443,0.5416952,-0.2111076
1.010278,0.5414296,-0.1170469
0.9953462,0.5414307,-0.1084058
0.9565899,0.5416952,-0.1960529
0.980571,0.541339,-0.1039578
0.9420984,0.5413617,-0.1960532
0.9420984,0.5413617,-0.1960532
0.980571,0.541339,-0.1039578
0.980571,0.5453045,-0.1039578
0.9420985,0.5504321,-0.1960532
0.9420985,0.5504321,-0.1960532
0.980571,0.5453045,-0.1039578
0.9953462,0.5453033,-0.1084058
0.9565899,0.5504321,-0.1960532
0.9493442,0.5504321,-0.2183533
1.010278,0.5453023,-0.1170469
0.9716443,0.5504321,-0.2111076
0.9270442,0.5504321,-0.2111076
0.9716443,0.5504321,-0.2255989
0.9270442,0.5504321,-0.2255989
0.9565899,0.5504321,-0.2406539
0.9420985,0.5504321,-0.2406539
2.166558,-0.5504321,0.3672152
-2.166503,-0.5504321,0.3672156
-2.166503,-0.5504321,-0.4724998
2.166558,-0.5504321,-0.4724999
-2.166545,-0.3930062,0.4232023
-2.166545,-0.3771322,0.4232023
-2.166545,-0.3771322,-0.4725001
-2.166545,-0.3930062,-0.4725001
-2.166545,-0.3930062,-0.4725001
-2.166545,-0.3771322,-0.4725001
-2.166545,0.3106295,-0.4725001
2.166545,-0.3930062,-0.4725002
-2.166545,0.3273883,-0.4725001
0.09778564,0.3273884,-0.4724998
0.6855623,0.3273884,-0.4725001
1.22798,0.3273884,-0.4725001
2.166545,0.3273883,-0.4725002
2.166545,-0.3930062,-0.4725002
2.166545,-0.3771322,0.4232018
2.166545,-0.3930062,0.4232018
2.166545,-0.3771322,-0.4724999
2.166545,0.3106295,0.4232018
2.166545,0.3106295,-0.4725002
2.166545,0.3273883,0.4232018
2.166545,0.3273883,-0.4725002
-2.166503,-0.3930062,0.3672156
-2.166503,-0.5504321,0.3672156
2.166558,-0.5504321,0.3672152
2.166558,-0.3930062,0.3672152
-2.166503,-0.5504321,0.3672156
-2.166503,-0.3930062,0.3672156
-2.166503,-0.3930062,-0.4724998
-2.166503,-0.5504321,-0.4724998
2.166558,-0.5504321,-0.4724999
-2.166503,-0.5504321,-0.4724998
-2.166503,-0.3930062,-0.4724998
2.166558,-0.3930062,-0.4724999
2.166558,-0.5504321,-0.4724999
2.166558,-0.3930062,-0.4724999
2.166558,-0.3930062,0.3672152
2.166558,-0.5504321,0.3672152
-2.166503,-0.3930062,0.3672156
-2.166545,-0.3930062,-0.4725001
-2.166503,-0.3930062,-0.4724998
-2.166545,-0.3930062,0.4232023
1.274999,-0.3930062,0.4232019
2.115369,-0.3930062,0.423202
1.340535,-0.3930062,0.423202
2.166558,-0.3930062,0.3672152
2.166545,-0.3930062,0.4232018
2.166545,-0.3930062,0.4232018
2.115369,-0.3771322,0.4232018
2.115369,-0.3930062,0.423202
2.166545,-0.3771322,0.4232018
2.115369,0.3106295,0.423202
2.166545,0.3106295,0.4232018
2.115369,0.3273883,0.423202
2.166545,0.3273883,0.4232018
1.274999,-0.3771322,0.4232019
1.274999,-0.3930062,0.4232019
1.340535,-0.3930062,0.423202
1.340535,-0.3771322,0.4232018
1.274999,0.3106295,0.4232019
1.340535,0.3106295,0.423202
1.274999,0.3273883,0.4232019
1.340535,0.3273883,0.423202
-2.166545,-0.3930062,0.4232023
-2.102554,-0.3930062,0.423202
-2.102554,-0.3771322,0.423202
-2.166545,-0.3771322,0.4232023
-2.166545,-0.3771322,0.4232023
-2.166545,0.3106295,0.4232023
-2.166545,0.3106295,-0.4725001
-2.166545,-0.3771322,-0.4725001
-2.102554,-0.3771322,0.423202
-2.102554,0.3106295,0.423202
-2.166545,0.3106295,0.4232023
-2.166545,-0.3771322,0.4232023
-2.166545,0.3106295,0.4232023
-2.166545,0.3273883,0.4232023
-2.166545,0.3273883,-0.4725001
-2.166545,0.3106295,-0.4725001
-2.102554,0.3106295,0.423202
-2.102554,0.3273883,0.423202
-2.166545,0.3273883,0.4232023
-2.166545,0.3106295,0.4232023
1.833286,0.1274184,0.4402294
1.622618,0.1287218,0.4408663
1.622618,0.1274184,0.4402294
1.833287,0.1287218,0.4408663
1.622618,0.1851927,0.4684585
1.833286,0.1851927,0.4684585
1.622618,0.1865688,0.4691308
1.833287,0.1865688,0.4691308
1.833287,0.1240769,0.4546801
1.833286,0.1274184,0.4402294
1.622618,0.1274184,0.4402294
1.622618,0.1240769,0.4546801
1.622618,0.1240769,0.4546801
1.622618,0.1274184,0.4402294
1.622618,0.1287218,0.4408663
1.622618,0.1255274,0.4546801
1.622618,0.1851927,0.4684585
1.622618,0.1883788,0.4546801
1.622618,0.1255274,0.4546801
1.622618,0.1899104,0.4546801
1.622618,0.1865688,0.4691308
1.833287,0.1865688,0.4691308
1.833287,0.1899104,0.4546801
1.833287,0.1255274,0.4546801
1.833287,0.1287218,0.4408663
1.833286,0.1274184,0.4402294
1.833287,0.1240769,0.4546801
1.833287,0.1883788,0.4546801
1.833287,0.1287218,0.4408663
1.833286,0.1851927,0.4684585
1.622618,0.1851927,0.4684585
1.622618,0.1865688,0.4691308
1.622618,0.1899104,0.4546801
1.622618,0.1883788,0.4546801
1.833287,0.1899104,0.4546801
1.833287,0.1865688,0.4691308
1.833286,0.1851927,0.4684585
1.833287,0.1883788,0.4546801
-1.613588,-0.3771322,0.423202
-2.102554,-0.3771322,0.423202
-2.102554,-0.3930062,0.423202
-1.613588,-0.3930062,0.423202
-2.102554,0.3106295,-0.415563
-2.102554,-0.3771322,-0.4155631
-1.613588,-0.3771322,-0.4155631
-1.613588,0.3106295,-0.415563
-1.613588,0.3273883,0.423202
-2.102554,0.3273883,0.423202
-2.102554,0.3106295,0.423202
-1.613588,0.3106295,0.423202
-1.589152,0.3273883,0.423202
-1.589152,0.3106295,0.423202
-1.613588,-0.3771322,0.423202
-1.613588,-0.3771322,-0.4155631
-2.102554,-0.3771322,-0.4155631
-2.102554,-0.3771322,0.423202
-2.102554,-0.3771322,0.423202
-2.102554,-0.3771322,-0.4155631
-2.102554,0.3106295,-0.415563
-2.102554,0.3106295,0.423202
-2.102554,0.3106295,0.423202
-2.102554,0.3106295,-0.415563
-1.613588,0.3106295,-0.415563
-1.613588,0.3106295,0.423202
1.274999,0.3273883,0.4232019
0.6273199,0.3106295,0.4232019
1.274999,0.3106295,0.4232019
0.6273199,0.3273883,0.4232019
0.6100507,0.3106295,0.4232019
0.6100507,0.3273883,0.4232019
0.1097746,0.3106295,0.4232019
0.1097746,0.3273883,0.4232019
1.274999,0.3106295,0.4232019
0.6273199,0.3106295,0.4232019
0.6273199,0.1751276,0.4211729
1.274999,0.1751276,0.423202
1.274999,-0.3771322,0.4232019
1.274999,-0.3771322,-0.4155632
0.6273199,-0.3771322,-0.415563
0.6273199,-0.3771322,0.4232019
0.6100507,-0.3771322,-0.4155631
0.6100507,-0.3771322,0.4232019
0.1097746,-0.3771322,-0.4155631
0.1097746,-0.3771322,0.4232019
1.274999,-0.3771322,0.4232019
0.6273199,-0.3930062,0.4232019
1.274999,-0.3930062,0.4232019
0.6273199,-0.3771322,0.4232019
0.6100507,-0.3930062,0.4232019
0.6100507,-0.3771322,0.4232019
0.1097746,-0.3930062,0.4232019
0.1097746,-0.3771322,0.4232019
0.6100507,0.3106295,0.4071563
0.6100507,-0.3771322,0.4071563
0.6273199,-0.3771322,0.4071563
0.6273199,0.1979381,0.4071563
0.6273199,0.3106295,0.4071563
0.1097746,0.3106295,-0.415563
0.6100507,0.3106295,-0.415563
0.6100507,0.3106295,0.4232019
0.1097746,0.3106295,0.4232019
0.1097746,0.3106295,-0.415563
0.1097746,-0.3771322,-0.4155631
0.6100507,-0.3771322,-0.4155631
0.6100507,0.3106295,-0.415563
0.1097746,0.3273883,0.4232019
0.08210018,0.3106295,0.423202
0.1097746,0.3106295,0.4232019
0.08210018,0.3273883,0.423202
-0.449613,0.3106295,0.4232019
-0.449613,0.3273883,0.4232019
0.08210018,0.3106295,0.4071564
0.08210018,-0.3771323,0.4071563
0.1097746,-0.3771323,0.4071563
0.1097746,0.3106295,0.4071564
0.1097746,-0.3771322,0.4232019
0.1097746,-0.3771322,-0.4155631
0.08210014,-0.3771322,-0.415563
0.08210018,-0.3771322,0.423202
-0.449613,-0.3771322,-0.4155631
-0.449613,-0.3771322,0.4232019
-0.4804583,-0.3771322,-0.415563
-0.4804583,-0.3771322,0.423202
0.1097746,-0.3771322,0.4232019
0.08210018,-0.3930062,0.423202
0.1097746,-0.3930062,0.4232019
0.08210018,-0.3771322,0.423202
-0.449613,-0.3930062,0.4232019
-0.449613,-0.3771322,0.4232019
-0.4804583,-0.3930062,0.423202
-0.4804583,-0.3771322,0.423202
-0.449613,0.3106295,-0.4155631
0.08210014,0.3106295,-0.415563
0.08210018,0.3106295,0.423202
-0.449613,0.3106295,0.4232019
-0.449613,0.3106295,-0.4155631
-0.449613,-0.3771322,-0.4155631
0.08210014,-0.3771322,-0.415563
0.08210014,0.3106295,-0.415563
-0.449613,0.3273883,0.4232019
-0.4804583,0.3106295,0.423202
-0.449613,0.3106295,0.4232019
-0.4804583,0.3273883,0.423202
-1.022428,0.3106295,0.4232019
-1.022428,0.3273883,0.4232019
-0.4804583,0.3106295,0.4071564
-0.4804583,-0.3771322,0.4071564
-0.4496129,-0.3771322,0.4071564
-0.449613,0.3106295,0.4071565
-1.022428,0.3106295,-0.415563
-0.4804583,0.3106295,-0.415563
-0.4804583,0.3106295,0.423202
-1.022428,0.3106295,0.4232019
-1.022428,0.3106295,-0.415563
-1.022428,-0.3771322,-0.415563
-0.4804583,-0.3771322,-0.415563
-0.4804583,0.3106295,-0.415563
-0.4804583,-0.3771322,0.423202
-0.4804583,-0.3771322,-0.415563
-1.022428,-0.3771322,-0.415563
-1.022428,-0.3771322,0.4232019
-0.4804583,-0.3771322,0.423202
-1.022428,-0.3771322,0.4232019
-1.022428,-0.3930062,0.4232019
-0.4804583,-0.3930062,0.423202
-1.022428,0.3273883,0.4232019
-1.054182,0.3106295,0.423202
-1.022428,0.3106295,0.4232019
-1.054182,0.3273883,0.423202
-1.589152,0.3106295,0.423202
-1.589152,0.3273883,0.423202
-1.054182,0.3106295,0.4071564
-1.054181,-0.3771322,0.4071563
-1.022428,-0.3771322,0.4071563
-1.022428,0.3106295,0.4071563
-1.022428,-0.3771322,0.4232019
-1.022428,-0.3771322,-0.415563
-1.054182,-0.3771322,-0.4155631
-1.054182,-0.3771322,0.423202
-1.589152,-0.3771322,-0.4155631
-1.589152,-0.3771322,0.423202
-1.613588,-0.3771322,-0.4155631
-1.613588,-0.3771322,0.423202
-1.022428,-0.3771322,0.4232019
-1.054182,-0.3930062,0.423202
-1.022428,-0.3930062,0.4232019
-1.054182,-0.3771322,0.423202
-1.589152,-0.3930062,0.423202
-1.589152,-0.3771322,0.423202
-1.613588,-0.3930062,0.423202
-1.613588,-0.3771322,0.423202
-1.613588,0.3106295,-0.415563
-1.589152,0.3106295,0.423202
-1.613588,0.3106295,0.423202
-1.589152,0.3106295,-0.415563
-1.054182,0.3106295,0.423202
-1.054181,0.3106295,-0.415563
-1.613588,0.3106295,0.4071566
-1.613588,-0.3771322,0.4071564
-1.589152,-0.3771322,0.4071564
-1.589152,0.3106295,0.4071564
-1.589152,0.3106295,-0.415563
-1.589152,-0.3771322,-0.4155631
-1.054182,-0.3771322,-0.4155631
-1.054181,0.3106295,-0.415563
0.6273199,-0.3771322,-0.415563
0.6273199,-0.3771322,0.4071563
0.6100507,-0.3771322,0.4071563
0.6100507,-0.3771322,-0.4155631
0.6100507,0.3106295,-0.415563
0.6100507,-0.3771322,-0.4155631
0.6100507,-0.3771322,0.4071563
0.6100507,0.3106295,0.4071563
0.6100507,0.3106295,-0.415563
0.6100507,0.3106295,0.4071563
0.6273199,0.3106295,0.4071563
0.6273199,0.3106295,-0.415563
0.1097746,0.3106295,0.4071564
0.1097746,-0.3771323,0.4071563
0.1097746,-0.3771322,-0.4155631
0.1097746,0.3106295,-0.415563
0.1097746,-0.3771322,-0.4155631
0.1097746,-0.3771323,0.4071563
0.08210018,-0.3771323,0.4071563
0.08210014,-0.3771322,-0.415563
0.08210014,0.3106295,-0.415563
0.08210014,-0.3771322,-0.415563
0.08210018,-0.3771323,0.4071563
0.08210018,0.3106295,0.4071564
0.08210014,0.3106295,-0.415563
0.08210018,0.3106295,0.4071564
0.1097746,0.3106295,0.4071564
0.1097746,0.3106295,-0.415563
-0.449613,0.3106295,0.4071565
-0.4496129,-0.3771322,0.4071564
-0.449613,-0.3771322,-0.4155631
-0.449613,0.3106295,-0.4155631
-0.449613,-0.3771322,-0.4155631
-0.4496129,-0.3771322,0.4071564
-0.4804583,-0.3771322,0.4071564
-0.4804583,-0.3771322,-0.415563
-0.4804583,0.3106295,-0.415563
-0.4804583,-0.3771322,-0.415563
-0.4804583,-0.3771322,0.4071564
-0.4804583,0.3106295,0.4071564
-0.4804583,0.3106295,-0.415563
-0.4804583,0.3106295,0.4071564
-0.449613,0.3106295,0.4071565
-0.449613,0.3106295,-0.4155631
-1.022428,0.3106295,0.4071563
-1.022428,-0.3771322,0.4071563
-1.022428,-0.3771322,-0.415563
-1.022428,0.3106295,-0.415563
-1.022428,-0.3771322,-0.415563
-1.022428,-0.3771322,0.4071563
-1.054181,-0.3771322,0.4071563
-1.054182,-0.3771322,-0.4155631
-1.054181,0.3106295,-0.415563
-1.054182,-0.3771322,-0.4155631
-1.054181,-0.3771322,0.4071563
-1.054182,0.3106295,0.4071564
-1.054181,0.3106295,-0.415563
-1.054182,0.3106295,0.4071564
-1.022428,0.3106295,0.4071563
-1.022428,0.3106295,-0.415563
-1.589152,0.3106295,0.4071564
-1.589152,-0.3771322,0.4071564
-1.589152,-0.3771322,-0.4155631
-1.589152,0.3106295,-0.415563
-1.589152,-0.3771322,-0.4155631
-1.589152,-0.3771322,0.4071564
-1.613588,-0.3771322,0.4071564
-1.613588,-0.3771322,-0.4155631
-1.613588,0.3106295,-0.415563
-1.613588,-0.3771322,-0.4155631
-1.613588,-0.3771322,0.4071564
-1.613588,0.3106295,0.4071566
-1.613588,0.3106295,-0.415563
-1.613588,0.3106295,0.4071566
-1.589152,0.3106295,0.4071564
-1.589152,0.3106295,-0.415563
1.274999,0.1751276,0.423202
1.274999,0.1751276,-0.415563
1.274999,-0.3771322,-0.4155632
1.274999,-0.3771322,0.4232019
0.6273199,0.1751276,-0.415563
0.6273199,-0.3771322,-0.415563
1.274999,-0.3771322,-0.4155632
1.274999,0.1751276,-0.415563
0.6273199,0.1979381,0.4071563
0.6273199,-0.3771322,0.4071563
0.6273199,-0.3771322,-0.415563
0.6273199,0.1751276,-0.415563
1.274999,0.3106295,-0.415563
1.274999,0.3106295,0.4232019
1.274999,0.1751276,0.423202
1.274999,0.1751276,-0.415563
1.274999,0.1751276,-0.415563
1.274999,0.1751276,0.423202
0.6273199,0.1751276,0.4211729
0.6273199,0.1751276,-0.415563
0.6273199,0.1751276,-0.415563
0.6273199,0.1751276,0.4211729
0.6273199,0.3106295,0.4232019
0.6273199,0.3106295,-0.415563
2.242728,0.3945678,-0.4724999
2.242728,0.3273883,-0.4724999
1.227979,0.3273883,-0.4724999
1.224888,0.3945678,-0.4724998
0.6781736,0.3945678,-0.4724998
0.685563,0.3273883,-0.4724998
0.5942677,0.3945678,-0.4724998
0.6011724,0.3273883,-0.4724998
0.1089371,0.3945678,-0.4724998
0.097785,0.3273883,-0.4724998
-2.242728,0.3945678,-0.4724999
-2.242728,0.3273883,-0.4724999
-2.242728,0.3945678,0.4725002
-2.242728,0.3273883,0.4725002
2.242728,0.3273883,0.4724999
2.242728,0.3945678,0.4724999
2.242728,0.3273883,-0.4724999
2.242728,0.3945678,-0.4724999
2.242728,0.3945678,0.4724999
2.242728,0.3273883,0.4724999
-2.242728,0.3273883,0.4725002
-2.242728,0.3945678,0.4725002
-2.242728,0.3945678,-0.4724999
-2.242728,0.3273883,-0.4724999
-2.242728,0.3273883,-0.4724999
-2.166545,0.3273883,-0.4725001
-2.166545,0.3273883,0.4232023
-2.242728,0.3273883,0.4725002
2.166545,0.3273883,0.4232018
2.242728,0.3273883,0.4724999
-2.242728,0.3273883,0.4725002
-2.166545,0.3273883,0.4232023
2.166545,0.3273883,0.4232018
2.166545,0.3273883,-0.4725002
2.242728,0.3273883,-0.4724999
2.242728,0.3273883,0.4724999
0.6013565,0.3945678,0.3719022
0.6308407,0.3945678,0.362691
0.6221089,0.3945678,0.3121659
0.6726202,0.3945678,0.3711841
0.6221089,0.3945678,-0.1169684
1.225342,0.3945678,0.3711842
1.29658,0.3945678,0.3724425
1.267122,0.3945678,0.3626911
1.275854,0.3945678,0.3121659
0.6014498,0.3945678,-0.1780791
0.6308408,0.3945678,-0.1674936
0.6726204,0.3945678,-0.1759867
1.296298,0.3945678,-0.1796188
1.275854,0.3945678,-0.1169684
1.267122,0.3945678,-0.1674936
1.225342,0.3945678,-0.1759867
2.242728,0.3945678,-0.4724999
1.224888,0.3945678,-0.4724998
2.242728,0.3945678,0.4724999
0.6781736,0.3945678,-0.4724998
0.5942677,0.3945678,-0.4724998
-2.242728,0.3945678,0.4725002
0.1025337,0.3945678,-0.1771553
0.1089371,0.3945678,-0.4724998
-2.242728,0.3945678,-0.4724999
0.1025329,0.3945678,0.3720926
0.9420985,0.420064,-0.1960532
0.8618822,0.4991233,-0.04420639
0.9345712,0.420064,-0.2035802
0.9493442,0.420064,-0.1960532
0.8506662,0.503529,-0.04312652
0.8684298,0.5036173,-0.03432029
0.8500317,0.497497,-0.04241836
0.8615424,0.497497,-0.04396316
0.8500317,0.4767808,-0.04241836
0.8686358,0.497497,-0.0347673
0.8615424,0.4767808,-0.04396316
0.8686358,0.4767808,-0.0347673
0.857125,0.4767808,-0.0332222
0.8642183,0.4767808,-0.02402603
0.8500317,0.4767808,-0.04241836
0.8527075,0.4767808,-0.02248093
0.8456141,0.4767808,-0.03167702
0.7179914,0.1900124,0.2417645
0.6221089,0.3945678,-0.1169684
0.6221089,0.3945678,0.3121659
0.6308407,0.3945678,0.362691
0.7179915,0.1900124,-0.046567
0.7618217,0.1900124,0.2909326
0.6308408,0.3945678,-0.1674936
0.6726202,0.3945678,0.3711841
0.7618218,0.1900124,-0.09573509
0.6726204,0.3945678,-0.1759867
1.136141,0.1900124,0.2909327
1.225342,0.3945678,0.3711842
1.267122,0.3945678,0.3626911
1.179971,0.1900124,0.2417645
1.275854,0.3945678,0.3121659
1.136141,0.1900124,-0.09573509
1.225342,0.3945678,-0.1759867
1.267122,0.3945678,-0.1674936
1.179971,0.1900124,-0.046567
1.275854,0.3945678,-0.1169684
655
0.3663316,0.2789022
0.4089222,0.2789591
0.4098817,0.2789605
0.3663316,0.2789022
0.3673446,0.2789036
0.4089222,0.2789591
0.309553,0.01541817
0.3095529,0.01541603
0.3095529,0.2365365
0.5179581,0.3091251
0.5203451,0.3151651
0.525153,0.3127791
0.01396275,0.9755043
0.02488732,0.9754479
0.02349341,0.7065495
0.01981401,0.6992862
0.2691337,0.9851053
0.2749496,0.9850749
0.2748928,0.9741512
0.03045309,0.9863436
0.02488732,0.9754479
0.02494431,0.9863721
0.2039523,0.8035103
0.2257646,0.8033972
0.2262957,0.8033943
0.02349341,0.7065495
0.2034489,0.8035128
0.2734988,0.7052529
0.02488732,0.9754479
0.2266748,0.8765047
0.2038281,0.876623
0.2748928,0.9741512
0.2261432,0.8765072
0.2043315,0.8766204
0.2734988,0.7052529
0.02894509,0.6955975
0.02349341,0.7065495
0.2676256,0.6943582
0.2734416,0.694328
0.281278,0.5608134
0.2782629,0.636502
0.2821201,0.6268027
0.2771399,0.5405554
0.2061641,0.6374926
0.2047824,0.5397465
0.2021901,0.6267176
0.1999986,0.5548667
0.2557203,0.5894188
0.2491352,0.5894188
0.2557203,0.6086503
0.2489382,0.6086466
0.2382201,0.5894428
0.255325,0.618815
0.2386348,0.6086653
0.2280283,0.5898967
0.2288575,0.6091104
0.2490536,0.6203211
0.2545557,0.6304021
0.2483013,0.6322563
0.2405604,0.6187958
0.2295172,0.6147686
0.2409988,0.6303862
0.2314337,0.6266611
0.2568394,0.5763132
0.246867,0.5570825
0.2468681,0.5763138
0.2568383,0.5570819
0.2462091,0.5514829
0.2577522,0.546917
0.2487911,0.5394398
0.2581502,0.5353267
0.258354,0.5254846
0.2472041,0.5299535
0.2524748,0.5215338
0.242921,0.5252116
0.1704654,0.5234997
0.183918,0.5076163
0.1704654,0.5076163
0.183918,0.5234997
0.1978933,0.5076162
0.183918,0.5443477
0.1704654,0.5443477
0.1704654,0.6404449
0.183918,0.6452413
0.1704654,0.6533521
0.183918,0.653352
0.1978933,0.5443477
0.1978933,0.6452413
0.1978933,0.5234997
0.2046196,0.5443477
0.2113461,0.6449317
0.2046196,0.5323279
0.211346,0.5323279
0.211346,0.5453656
0.211346,0.5076162
0.218334,0.5323279
0.218334,0.5443477
0.2253215,0.5234997
0.2253215,0.5076162
0.2387738,0.5234997
0.2387738,0.5076162
0.2527492,0.5076162
0.2253215,0.6404449
0.211346,0.653352
0.2253215,0.6533521
0.2387738,0.6533521
0.2253215,0.5443477
0.2387738,0.6404449
0.2527492,0.5234997
0.2662021,0.5076162
0.2387738,0.5443477
0.2527492,0.5443477
0.2527492,0.6404449
0.2527492,0.6533521
0.2662019,0.6533521
0.2662021,0.5234997
0.2801772,0.5076162
0.2801772,0.5234997
0.2801772,0.5443477
0.2662021,0.5443477
0.2662019,0.6404449
0.2801772,0.6533521
0.2801772,0.6404449
0.2426672,0.6831353
0.2533431,0.6775461
0.2425801,0.5141425
0.2525625,0.5074004
0.2593265,0.6744075
0.2585718,0.5052284
0.2679543,0.5073537
0.2687347,0.6774994
0.2775353,0.5151004
0.2794614,0.6829902
0.2308735,0.5195346
0.245224,0.5140665
0.2314122,0.5152403
0.2457112,0.5169894
0.2588837,0.5128192
0.2596739,0.5170933
0.2301741,0.6111698
0.2308735,0.5195346
0.2265315,0.5200264
0.2219833,0.6107711
0.2219833,0.6107711
0.2265315,0.5200264
0.2108776,0.5153135
0.2040618,0.6040171
0.1964691,0.5177773
0.1914776,0.6067118
0.1914776,0.6067118
0.1964691,0.5177773
0.1926933,0.5193591
0.1831706,0.6044546
0.260854,0.6103517
0.2596739,0.5170933
0.2457112,0.5169894
0.248402,0.6052601
0.246793,0.6269678
0.2308735,0.5195346
0.2301741,0.6111698
0.2685008,0.6285768
0.2250856,0.6253588
0.2634095,0.6410286
0.2327318,0.6435844
0.245184,0.6486757
0.4823809,0.3073838
0.4823809,0.02577411
0.4260655,0.02577408
0.4260655,0.3073838
0.02061946,0.4212814
0.01941695,0.421344
0.02296606,0.4891868
0.02416831,0.489124
0.410232,0.01700985
0.4092726,0.01700836
0.3676949,0.01695317
0.4098817,0.2789605
0.3666816,0.0169518
0.3664988,0.1538383
0.3664514,0.1893715
0.3664073,0.2221625
0.3663316,0.2789022
0.5975791,0.07544667
0.5115362,0.07380715
0.5115339,0.0753316
0.5975816,0.07392181
0.5116242,0.007737441
0.5976693,0.007852139
0.5116264,0.006127393
0.5976717,0.00624246
0.4929389,0.02577411
0.4823809,0.02577411
0.4823809,0.3073838
0.4929388,0.3073838
0.4823809,0.02577411
0.4823809,0.01521665
0.4260655,0.01521634
0.4260655,0.02577408
0.4260655,0.3073838
0.4260655,0.02577408
0.4155077,0.02577415
0.4155077,0.3073838
0.4260655,0.3073838
0.4260655,0.3179417
0.4823809,0.3179413
0.4823809,0.3073838
0.3524041,0.01541811
0.3095529,0.01541603
0.309553,0.01541817
0.3552611,0.01541603
0.355261,0.1910397
0.355261,0.2339243
0.355261,0.1943841
0.352404,0.2365365
0.355261,0.2365358
0.5115339,0.0753316
0.5066197,0.0738005
0.506618,0.07532541
0.5115362,0.07380715
0.5067083,0.007730765
0.5116242,0.007737441
0.5067104,0.006121079
0.5116264,0.006127393
0.5029561,0.309106
0.5065481,0.3163461
0.5203451,0.3151651
0.5179581,0.3091251
0.5031651,0.1516991
0.5181641,0.151719
0.5031701,0.147864
0.518169,0.1478841
0.02816171,0.4828157
0.02790811,0.4779688
0.02670591,0.4780316
0.02695921,0.4828783
0.6596882,0.007647932
0.6075244,0.007579207
0.6074346,0.07551423
0.6595984,0.07558343
0.007446185,0.4236631
0.01017143,0.4757558
0.01501836,0.4755025
0.012293,0.4234099
0.01834381,0.4237114
0.01707465,0.4237778
0.02062331,0.4916201
0.02189299,0.4915537
0.02676173,0.4645272
0.0254921,0.4645936
0.02574582,0.4694405
0.02701497,0.469374
0.6006051,0.2618055
0.6009211,0.2107306
0.6006051,0.2107306
0.6009211,0.2618055
0.6146121,0.2107306
0.6146121,0.2618055
0.6149457,0.2107306
0.6149457,0.2618055
0.6152959,0.2618055
0.6187995,0.2618055
0.6188698,0.2107385
0.6152959,0.2107307
0.64901,0.2151081
0.6475891,0.2094588
0.6470821,0.2097188
0.6484402,0.2151189
0.6251155,0.2209776
0.6264669,0.2263647
0.6484402,0.2151189
0.6226534,0.2107306
0.6191499,0.2107306
0.6191499,0.2618055
0.6226534,0.2618055
0.6430606,0.223401
0.6519226,0.22529
0.6523153,0.2244501
0.6430445,0.2224742
0.6437539,0.2635631
0.6519226,0.22529
0.6525922,0.2654523
0.6258203,0.2627802
0.6291004,0.2634782
0.6285304,0.2310051
0.6252767,0.2318179
0.637696,0.2641983
0.6380076,0.2317219
0.6347339,0.2324461
0.6344361,0.2634114
0.5221929,0.1568258
0.5454049,0.1567921
0.5454033,0.156039
0.5221913,0.1560731
0.5781408,0.1965331
0.5455045,0.196589
0.5455706,0.2197695
0.5781927,0.219725
0.6012791,0.1559292
0.578051,0.1559503
0.5780514,0.1567457
0.6012331,0.1567234
0.6024651,0.1560604
0.6023783,0.156852
0.5221929,0.1568258
0.5222765,0.1966343
0.5455045,0.196589
0.5454049,0.1567921
0.5454049,0.1567921
0.5455045,0.196589
0.5781408,0.1965331
0.5780514,0.1567457
0.5780514,0.1567457
0.5781408,0.1965331
0.6013313,0.1964992
0.6012331,0.1567234
0.6497613,0.08375363
0.6281664,0.08431092
0.6497613,0.08431246
0.6281664,0.0837523
0.6275906,0.0843109
0.6275906,0.08375229
0.6109105,0.08430958
0.6109105,0.08375075
0.5740728,0.0006231964
0.5353693,0.0009032786
0.5354276,0.009001613
0.5741293,0.00872004
0.5746714,0.1419356
0.5744692,0.09183779
0.5357908,0.09199888
0.5360107,0.1420977
0.5347607,0.09200174
0.5349797,0.1420953
0.5048878,0.09213656
0.5051392,0.1422
0.5746714,0.1419356
0.5360146,0.1430452
0.5746757,0.1428831
0.5360107,0.1420977
0.5349835,0.1430423
0.5349797,0.1420953
0.5051422,0.143147
0.5051392,0.1422
0.6555749,0.1591208
0.6550314,0.1352327
0.655006,0.1357803
0.6549488,0.1550876
0.6549765,0.1591333
0.6109105,0.1122777
0.6275885,0.1122769
0.6275906,0.0843109
0.6109105,0.08430958
0.6109105,0.1122777
0.6109095,0.1352027
0.6275854,0.1352013
0.6275885,0.1122769
0.6911493,0.1151692
0.6895685,0.1161537
0.6911624,0.1161325
0.6895623,0.1151904
0.6590062,0.1161532
0.6590062,0.1151899
0.7368495,0.1643598
0.7368495,0.2038879
0.737645,0.2046831
0.737645,0.1635649
0.6910368,0.2520966
0.6902811,0.2046836
0.6895654,0.2038883
0.6895254,0.2520935
0.6590058,0.2038883
0.6590505,0.2520957
0.6582081,0.2047746
0.657366,0.2520943
0.6910368,0.2520966
0.689524,0.2530059
0.6910733,0.2530104
0.6895254,0.2520935
0.6590495,0.2530081
0.6590505,0.2520957
0.6573205,0.2530059
0.657366,0.2520943
0.6590058,0.1643602
0.6895654,0.1643602
0.6895685,0.1161537
0.6590062,0.1161532
0.6590058,0.1643602
0.6590058,0.2038883
0.6895654,0.2038883
0.6895654,0.1643602
0.6902978,0.1139927
0.6885266,0.114956
0.6902983,0.1149551
0.6885262,0.1139936
0.6574,0.1149713
0.6573995,0.1140089
0.7358076,0.1631067
0.735814,0.2026199
0.737587,0.2026271
0.736698,0.1622199
0.6574239,0.1631436
0.6885504,0.1631283
0.6885266,0.114956
0.6574,0.1149713
0.6574239,0.1631436
0.6574392,0.2026429
0.6885649,0.2026307
0.6885504,0.1631283
0.6885892,0.2508013
0.6885649,0.2026307
0.6574392,0.2026429
0.6574599,0.2508184
0.6885892,0.2508013
0.6574599,0.2508184
0.6574599,0.2517298
0.6885956,0.2517136
0.6913934,0.1153612
0.6895888,0.1163749
0.69142,0.116324
0.6895758,0.1154116
0.6588361,0.1163754
0.6588361,0.1154125
0.7368689,0.164581
0.7368695,0.204109
0.7377818,0.2050215
0.7377809,0.1636686
0.6913542,0.2522566
0.6904057,0.2050224
0.6895844,0.2041095
0.6895595,0.2522615
0.6588378,0.20411
0.6588595,0.2522494
0.658206,0.2048121
0.6574633,0.2522476
0.6913542,0.2522566
0.6895537,0.2531718
0.6913723,0.2531704
0.6895595,0.2522615
0.65886,0.2531609
0.6588595,0.2522494
0.6574579,0.2531574
0.6574633,0.2522476
0.6575733,0.1645823
0.6588361,0.1163754
0.6575719,0.1163759
0.6588374,0.1645823
0.6895888,0.1163749
0.6895838,0.1645815
0.6101486,0.1645832
0.6108512,0.2048134
0.6115533,0.2041113
0.6115527,0.1645828
0.6588374,0.1645823
0.6588378,0.20411
0.6895844,0.2041095
0.6895838,0.1645815
0.6275856,0.1357764
0.655006,0.1357803
0.6550314,0.1352327
0.6275854,0.1352013
0.6275885,0.1122769
0.6275854,0.1352013
0.6550314,0.1352327
0.6550102,0.1122816
0.6275885,0.1122769
0.6550102,0.1122816
0.6550102,0.1117059
0.6275893,0.1117012
0.5834775,0.1122777
0.5834775,0.1352105
0.6109095,0.1352027
0.6109105,0.1122777
0.6902811,0.2046836
0.737645,0.2046831
0.7368495,0.2038879
0.6895654,0.2038883
0.6895654,0.1643602
0.6895654,0.2038883
0.7368495,0.2038879
0.7368495,0.1643598
0.6895654,0.1643602
0.7368495,0.1643598
0.737645,0.1635649
0.6895654,0.1627695
0.6117212,0.1643602
0.6117216,0.2038883
0.6590058,0.2038883
0.6590058,0.1643602
0.6590058,0.2038883
0.6117216,0.2038883
0.6117216,0.2056609
0.6582081,0.2047746
0.6885504,0.1631283
0.6885649,0.2026307
0.735814,0.2026199
0.7358076,0.1631067
0.6885504,0.1631283
0.7358076,0.1631067
0.736698,0.1622199
0.68855,0.1613561
0.6101748,0.1631621
0.6101901,0.2026609
0.6574392,0.2026429
0.6574239,0.1631436
0.6904057,0.2050224
0.7377818,0.2050215
0.7368695,0.204109
0.6895844,0.2041095
0.6895838,0.1645815
0.6895844,0.2041095
0.7368695,0.204109
0.7368689,0.164581
0.6895838,0.1645815
0.7368689,0.164581
0.7377809,0.1636686
0.6895838,0.1627566
0.6115527,0.1645828
0.6115533,0.2041113
0.6588378,0.20411
0.6588374,0.1645823
0.6588378,0.20411
0.6115533,0.2041113
0.6108512,0.2048134
0.658206,0.2048121
0.5781927,0.219725
0.5455706,0.2197695
0.5456139,0.2587749
0.5782267,0.2587438
0.5781927,0.219725
0.5782267,0.2587438
0.5793855,0.2587599
0.5793529,0.2197215
0.6076334,0.1417969
0.6074407,0.09171304
0.5744692,0.09183779
0.5746714,0.1419356
0.535647,0.05900151
0.5357908,0.09199888
0.5744692,0.09183779
0.5743343,0.05883995
0.6549488,0.1550876
0.655006,0.1357803
0.6275856,0.1357764
0.6275833,0.154182
0.957153,0.770789
0.957153,0.770789
0.957153,0.770789
0.957153,0.770789
0.5743343,0.05883995
0.5741293,0.00872004
0.5354276,0.009001613
0.535647,0.05900151
0.957153,0.780012
0.957153,0.780012
0.957153,0.780012
0.957153,0.780012
0.9790973,0.9551111
0.9836388,0.964194
0.9927217,0.7493123
0.9790973,0.7486855
0.9790973,0.6378075
0.9927217,0.6393064
0.9790973,0.6207913
0.9927217,0.6221913
0.9790973,0.5223621
0.9927217,0.5201007
0.9790973,0.04542628
0.9859096,0.03861394
0.7874438,0.04542628
0.7829026,0.03634324
0.7829026,0.964194
0.7874438,0.9551111
0.9836388,0.964194
0.9790973,0.9551111
0.7874438,0.9551111
0.7829026,0.964194
0.7829026,0.03634324
0.7874438,0.04542628
0.9790973,0.04542628
0.9859096,0.03861394
0.9859096,0.03861394
0.9790973,0.01635104
0.7974419,0.01635149
0.7829026,0.03634324
0.7638218,0.9396607
0.7829026,0.964194
0.7829026,0.03634324
0.7638215,0.06087687
0.7974419,0.9841862
0.9790973,0.984186
0.9836388,0.964194
0.7829026,0.964194
0.8078461,0.6222286
0.8097143,0.6282082
0.819961,0.6264372
0.8079918,0.6366814
0.9069928,0.6264372
0.8079918,0.7487774
0.8077365,0.7632249
0.8097143,0.757251
0.819961,0.7590216
0.9193864,0.6222473
0.9172397,0.6282082
0.9189622,0.6366814
0.9196987,0.7631679
0.9069928,0.7590213
0.9172397,0.7572507
0.9189622,0.7487774
0.9790973,0.9551111
0.9790973,0.7486855
0.7874438,0.9551111
0.9790973,0.6378075
0.9790973,0.6207913
0.7874438,0.04542628
0.9191992,0.5210635
0.9790973,0.5223621
0.9790973,0.04542628
0.8078076,0.5210635
0.2212257,0.6658962
0.223221,0.5041332
0.211761,0.6687387
0.2271489,0.6690835
0.2134742,0.5026836
0.2308623,0.5039404
0.2132313,0.4990762
0.2238518,0.5002538
0.2153505,0.4799619
0.2303968,0.5009795
0.2249283,0.4810238
0.2335587,0.4819806
0.2302718,0.472222
0.240988,0.4734091
0.2195561,0.4710345
0.2366582,0.4635352
0.2259423,0.4623478
0.281278,0.5608134
0.3140864,0.6397597
0.3154263,0.5521718
0.3145902,0.5389515
0.2821201,0.6268027
0.2771399,0.5405554
0.3131574,0.6527549
0.2997573,0.5049793
0.2782629,0.636502
0.2990406,0.6688409
0.2047824,0.5397465
0.1859526,0.5073412
0.1705105,0.5312532
0.1999986,0.5548667
0.1686478,0.5452592
0.2061641,0.6374926
0.1839547,0.6693016
0.1696006,0.6540444
0.2021901,0.6267176
0.1687691,0.6429992
1
1428
0
1
2
3
4
5
6
7
8
9
10
11
12
13
14
12
14
15
16
17
18
19
16
18
19
18
20
19
20
21
22
23
24
25
22
24
26
22
25
24
27
25
28
26
25
27
24
29
28
30
26
27
29
31
30
28
31
31
29
32
33
30
31
32
33
31
34
35
36
34
37
35
34
38
37
39
40
41
39
42
40
42
43
40
42
44
43
44
45
43
44
46
45
47
48
49
48
50
49
48
51
50
50
52
49
51
53
50
54
53
51
54
55
53
50
56
52
53
56
50
57
52
56
58
57
56
55
59
53
53
59
56
58
56
59
55
60
59
58
59
61
60
62
59
62
61
59
63
64
65
63
66
64
66
67
64
66
68
67
67
68
69
68
70
69
69
70
71
69
71
72
72
71
73
74
72
73
75
76
77
75
78
76
78
79
76
80
78
75
81
80
75
82
80
81
82
83
80
82
84
83
84
85
83
83
86
80
80
86
78
83
87
86
78
88
79
86
88
78
86
87
89
87
90
89
91
88
86
89
91
86
88
91
79
92
79
91
90
93
89
94
79
92
95
94
92
90
96
93
97
94
95
96
97
95
98
94
97
99
98
97
99
100
98
99
101
100
102
96
90
103
102
90
103
104
102
104
105
102
96
106
97
106
96
102
99
97
106
105
107
102
102
107
106
99
108
101
108
109
101
110
99
106
107
110
106
110
111
99
107
111
110
111
108
99
105
112
107
107
112
111
105
113
112
113
114
112
108
115
109
115
116
109
115
117
116
118
117
115
111
119
108
119
115
108
112
119
111
119
118
115
114
120
112
112
120
119
120
118
119
114
121
120
120
122
118
121
122
120
123
124
125
124
126
125
124
127
126
127
128
126
129
128
127
130
129
127
131
129
130
132
131
130
133
134
135
133
136
134
136
137
134
136
138
137
139
140
141
139
141
142
143
144
145
143
145
146
146
145
147
146
147
148
149
150
151
149
151
152
153
154
155
153
155
156
157
153
156
156
155
158
156
158
159
157
156
159
157
160
153
157
159
161
157
162
160
157
161
163
157
164
162
157
163
164
165
166
167
165
167
168
169
170
171
169
171
172
173
174
175
175
176
173
175
177
176
177
178
176
178
179
176
179
180
176
180
181
176
182
183
184
182
185
183
185
186
183
185
187
186
187
188
186
187
189
188
190
191
192
190
192
193
194
195
196
194
196
197
198
199
200
198
200
201
202
203
204
202
204
205
206
207
208
206
209
207
209
206
210
211
210
206
211
212
210
206
213
211
214
211
213
215
216
217
215
218
216
218
219
216
218
220
219
220
221
219
220
222
221
223
224
225
223
225
226
227
223
226
227
226
228
229
227
228
229
228
230
231
232
233
231
233
234
235
236
237
235
237
238
239
240
241
239
241
242
243
244
245
243
245
246
247
248
249
247
249
250
251
252
253
251
254
252
254
255
252
254
256
255
256
257
255
256
258
257
259
260
261
259
261
262
263
264
265
263
265
266
265
267
268
265
268
269
270
271
272
270
272
273
274
275
276
274
276
277
278
279
274
278
280
279
281
282
283
281
283
284
285
286
287
285
287
288
289
290
291
289
291
292
293
294
295
293
295
296
297
298
299
297
299
300
301
297
300
301
300
302
303
304
305
303
305
306
307
308
309
307
309
310
311
312
313
311
313
314
315
316
317
315
318
316
318
319
316
318
320
319
320
321
319
320
322
321
323
324
325
323
325
326
327
328
329
327
329
330
330
329
331
330
331
332
332
331
333
332
333
334
335
336
337
335
338
336
338
339
336
338
340
339
340
341
339
340
342
341
343
344
345
345
346
343
346
347
343
348
349
350
348
350
351
352
353
354
352
354
355
356
357
358
356
359
357
359
360
357
359
361
360
362
363
364
362
364
365
366
367
368
366
368
369
369
368
370
369
370
371
371
370
372
371
372
373
374
375
376
374
377
375
377
378
375
377
379
378
379
380
378
379
381
380
382
383
384
382
384
385
386
387
388
386
388
389
390
391
392
390
393
391
393
394
391
393
395
394
396
397
398
396
398
399
400
401
402
400
402
403
404
405
406
404
406
407
408
409
410
408
410
411
412
413
414
412
414
415
416
417
418
416
419
417
419
420
417
419
421
420
422
423
424
422
424
425
426
427
428
426
428
429
429
428
430
429
430
431
431
430
432
431
432
433
434
435
436
434
437
435
437
438
435
437
439
438
439
440
438
439
441
440
442
443
444
442
445
443
445
446
443
445
447
446
448
449
450
448
450
451
452
453
454
452
454
455
456
457
458
456
458
459
460
461
462
460
462
463
464
465
466
464
466
467
468
469
470
468
470
471
472
473
474
472
474
475
476
477
478
476
478
479
480
481
482
480
482
483
484
485
486
484
486
487
488
489
490
488
490
491
492
493
494
492
494
495
496
497
498
496
498
499
500
501
502
500
502
503
504
505
506
504
506
507
508
509
510
508
510
511
512
513
514
512
514
515
516
517
518
516
518
519
520
521
522
520
522
523
524
525
526
524
526
527
528
529
530
528
530
531
532
533
534
532
534
535
536
537
538
536
538
539
540
541
542
540
542
543
544
545
546
544
546
547
548
549
550
548
550
551
552
553
554
552
554
555
556
557
558
556
558
559
560
559
558
560
558
561
562
560
561
562
561
563
564
562
563
564
563
565
566
564
565
566
565
567
568
569
570
568
570
571
572
573
574
572
574
575
576
577
578
576
578
579
580
581
582
580
582
583
584
585
586
584
586
587
588
589
590
588
590
591
592
593
594
592
595
593
592
594
596
597
595
592
592
598
597
598
599
597
598
600
599
592
596
601
601
596
602
601
602
603
604
600
598
604
605
600
604
606
605
604
607
606
607
604
608
607
608
609
603
607
609
610
608
604
610
604
598
603
609
611
603
611
612
603
612
601
613
610
598
612
614
601
612
615
614
615
616
614
613
614
616
614
592
601
592
617
598
617
613
598
613
617
614
614
617
592
618
619
620
618
621
619
619
622
620
621
623
619
624
622
619
625
619
623
624
619
625
626
624
625
625
623
627
626
625
628
628
625
627
628
627
629
629
630
628
631
630
629
628
630
632
633
630
631
632
630
634
634
630
633
635
636
637
637
638
635
635
639
636
635
638
640
636
639
641
640
638
642
639
643
641
641
643
644
645
640
642
645
642
646
647
645
646
648
645
647
649
648
647
650
644
643
650
651
644
650
652
651
653
648
649
653
652
650
653
649
654
654
652
653
