MESH3
Military Vehicle_3 BL Tire
471
-0.1661513,0.04155983,0.02399413
-0.1661513,0.04798908,-1.787994E-07
-0.1661513,0.04155982,-0.02399449
0.2249769,-0.4554501,0.2629544
0.2249769,-0.5259085,9.36031E-08
0.2249769,-0.4554503,-0.2629542
0.2249769,-0.2629544,-0.45545
0.2249769,-0.2629543,0.4554502
0.224977,-1.671607E-07,-0.5259086
0.224977,-8.340759E-09,0.5259086
0.224977,0.2629541,-0.4554501
0.224977,0.2629542,0.4554501
0.224977,0.4554501,-0.2629544
0.224977,0.4554502,0.2629543
0.224977,0.5259085,-6.521687E-08
-0.2202916,0.1756828,-0.3042916
-0.1084743,0.2717901,-0.1569181
-0.2202915,0.3042916,-0.1756829
-0.1084743,0.1569179,-0.2717901
-0.2202916,-6.100827E-08,-0.3513658
-0.1084743,-7.015332E-08,-0.3138362
-0.2202915,-0.1756828,-0.3042916
-0.1084742,-0.156918,-0.27179
-0.2202915,0.3042916,-0.1756829
-0.1084743,0.2717901,-0.1569181
-0.1084743,0.3138362,-1.237466E-07
-0.2202915,0.3513657,-1.311259E-07
-0.1084743,0.2717901,0.1569179
-0.2202915,0.3042916,0.1756827
-0.1084743,0.156918,0.2717899
-0.2202916,0.1756828,0.3042915
-0.1084743,2.462263E-08,0.3138361
-0.2202916,4.31683E-08,0.3513657
-0.2202916,4.31683E-08,0.3513657
-0.1084743,2.462263E-08,0.3138361
-0.1084742,-0.156918,0.27179
-0.2202915,-0.1756828,0.3042915
-0.1084743,-0.2717899,0.156918
-0.2202915,-0.3042916,0.1756828
-0.2202915,-0.3042916,0.1756828
-0.1084743,-0.2717899,0.156918
-0.1084743,-0.313836,-1.018763E-08
-0.2202915,-0.3513656,-1.728487E-08
-0.1084743,-0.27179,-0.1569181
-0.2202915,-0.3042915,-0.1756829
-0.1084742,-0.156918,-0.27179
-0.2202915,-0.1756828,-0.3042916
-0.1084743,0.0263411,-0.2807947
-0.1084743,0.02634112,-0.2162955
-0.1084743,0.08533552,-0.200488
-0.1084743,0.1175851,-0.2563459
-0.1084743,0.1632094,-0.2300048
-0.1084743,0.1309598,-0.1741468
-0.1084743,0.1741468,-0.1309599
-0.1084743,0.2300047,-0.1632095
-0.1084743,0.2563459,-0.1175853
-0.1084743,0.200488,-0.08533563
-0.1084743,0.2162955,-0.02634127
-0.1084743,0.2807947,-0.02634128
-0.1084743,0.2807947,0.02634105
-0.1084743,0.2162955,0.02634106
-0.1084743,0.200488,0.08533542
-0.1084743,0.256346,0.117585
-0.1084743,0.2300048,0.1632093
-0.1084743,0.1741468,0.1309597
-0.1084743,0.1309598,0.1741466
-0.1084743,0.1632094,0.2300045
-0.1084743,0.1175852,0.2563457
-0.1084743,0.08533558,0.2004878
-0.1084743,0.02634116,0.2162954
-0.1084743,0.02634118,0.2807946
-0.1084743,-0.02634115,0.2807946
-0.1084743,-0.02634117,0.2162954
-0.1084742,-0.08533553,0.2004879
-0.1084742,-0.1175851,0.2563458
-0.1084742,-0.1632094,0.2300046
-0.1084742,-0.1309597,0.1741467
-0.1084743,-0.1741466,0.1309598
-0.1084743,-0.2300046,0.1632094
-0.1084743,-0.2563457,0.1175851
-0.1084743,-0.2004878,0.08533557
-0.1084743,-0.2162953,0.02634113
-0.1084743,-0.2807945,0.02634115
-0.1084743,-0.2807945,-0.02634119
-0.1084743,-0.2162953,-0.02634121
-0.1084743,-0.2004878,-0.08533566
-0.1084743,-0.2563458,-0.1175852
-0.1084743,-0.2300046,-0.1632095
-0.1084743,-0.1741467,-0.1309599
-0.1084742,-0.1309598,-0.1741468
-0.1084742,-0.1632094,-0.2300047
-0.1084742,-0.1175852,-0.2563459
-0.1084742,-0.08533555,-0.200488
-0.1084743,-0.02634121,-0.2162955
-0.1084743,-0.02634122,-0.2807947
-0.1461537,0.1709277,-0.0986851
-0.1461537,0.1445455,-9.485198E-08
-0.1461537,0.1973702,-1.021862E-07
-0.1461537,0.1251801,-0.07227268
-0.1461537,0.098685,-0.1709276
-0.1461537,0.07227263,-0.12518
-0.1461537,-4.8729E-08,-0.1973702
-0.1461537,-4.057982E-08,-0.1445455
-0.1461536,-0.09868503,-0.1709276
-0.1461536,-0.07227263,-0.12518
-0.1461537,0.1973702,-1.021862E-07
-0.1461537,0.1445455,-9.485198E-08
-0.1461537,0.1251801,0.07227249
-0.1461537,0.1709277,0.09868489
-0.1461537,0.07227265,0.1251798
-0.1461537,0.09868504,0.1709274
-0.1461537,-3.117233E-08,0.1445453
-0.1461537,-1.324412E-08,0.1973701
-0.1461536,-0.07227261,0.1251799
-0.1461536,-0.09868501,0.1709275
-0.1461537,-0.1251798,0.07227266
-0.1461537,-0.1709274,0.09868504
-0.1461537,-0.1445453,-5.180663E-08
-0.1461537,-0.1973701,-3.713811E-08
-0.1461537,-0.1251799,-0.07227276
-0.1461537,-0.1709275,-0.09868515
-0.1461537,-0.1709275,-0.09868515
-0.1461537,-0.1251799,-0.07227276
-0.1461536,-0.07227263,-0.12518
-0.1461536,-0.09868503,-0.1709276
-0.1997493,1.155702E-07,-0.1205663
-0.1997493,1.24086E-07,-0.0592309
-0.1997492,0.02961546,-0.05129548
-0.1997492,0.06028313,-0.1044135
-0.1997492,0.05129552,-0.02961546
-0.1997492,0.1044135,-0.06028318
-0.1997492,0.05923091,-2.284167E-07
-0.1997492,0.1205663,-2.397712E-07
-0.1997492,0.1205663,-2.397712E-07
-0.1997492,0.05923091,-2.284167E-07
-0.1997492,0.05129554,0.029615
-0.1997492,0.1044135,0.06028271
-0.1997492,0.05129554,0.029615
-0.1997492,0.02961547,0.05129503
-0.1997492,0.06028315,0.104413
-0.1997493,1.00708E-07,0.05923047
-0.1997493,1.234171E-07,0.1205659
-0.1997492,-0.02961511,0.05129509
-0.1997492,-0.06028282,0.1044131
-0.1997492,-0.05129504,0.02961516
-0.1997492,-0.104413,0.06028285
-0.1997492,-0.05923047,-2.13329E-07
-0.1997492,-0.1205658,-2.038669E-07
-0.1997492,-0.05129505,-0.02961556
-0.1997492,-0.104413,-0.06028325
-0.1997492,-0.02961512,-0.0512955
-0.1997492,-0.06028283,-0.1044135
-0.1997493,1.24086E-07,-0.0592309
-0.1997493,1.155702E-07,-0.1205663
-0.1661513,-0.04155925,-0.02399457
-0.1661513,-0.04798854,-1.665753E-07
-0.1661513,-0.04155925,0.02399427
-0.1661513,-0.02399414,-0.0415597
-0.1661513,-0.02399413,0.04155938
-0.1661513,1.908606E-07,-0.04798897
-0.1661513,1.719197E-07,0.04798864
-0.1661513,0.0239946,0.04155933
-0.1661513,0.0239946,0.04155933
-0.1661513,0.02399459,-0.04155969
-0.1661513,1.908606E-07,-0.04798897
-0.1661513,0.04155982,-0.02399449
-0.1661513,0.04155983,0.02399413
-0.1084743,0.2717901,-0.1569181
-0.1084743,0.1741468,-0.1309599
-0.1084743,0.1709277,-0.0986851
-0.1084743,0.2300047,-0.1632095
-0.1084743,0.1569179,-0.2717901
-0.1084743,0.1632094,-0.2300048
-0.1084743,0.098685,-0.1709276
-0.1084743,0.1309598,-0.1741468
-0.1084743,0.08533552,-0.200488
-0.1084743,0.1175851,-0.2563459
-0.1084743,0.02634112,-0.2162955
-0.1084743,-7.015332E-08,-0.3138362
-0.1084743,-4.499953E-08,-0.1973702
-0.1084743,0.0263411,-0.2807947
-0.1084743,-0.02634121,-0.2162955
-0.1084743,-0.02634122,-0.2807947
-0.1084742,-0.08533555,-0.200488
-0.1084742,-0.09868502,-0.1709276
-0.1084743,0.1709277,-0.0986851
-0.1084743,0.1741468,-0.1309599
-0.1084743,0.098685,-0.1709276
-0.1084743,0.2717901,-0.1569181
-0.1084743,0.2563459,-0.1175853
-0.1084743,0.2807947,-0.02634128
-0.1084743,0.3138362,-1.237466E-07
-0.1084743,0.2162955,-0.02634127
-0.1084743,0.1973702,-1.021862E-07
-0.1084743,0.2807947,0.02634105
-0.1084743,0.200488,-0.08533563
-0.1084743,0.1709277,-0.0986851
-0.1084743,0.2162955,0.02634106
-0.1084743,0.1709277,0.09868489
-0.1084743,0.200488,0.08533542
-0.1084743,0.1709277,-0.0986851
-0.1084743,0.2563459,-0.1175853
-0.1084743,0.2717901,-0.1569181
-0.1084743,0.1741468,0.1309597
-0.1084743,0.2300048,0.1632093
-0.1084743,0.2717901,0.1569179
-0.1084743,0.2717901,0.1569179
-0.1084743,0.200488,0.08533542
-0.1084743,0.256346,0.117585
-0.1084743,0.3138362,-1.237466E-07
-0.1084743,0.2807947,0.02634105
-0.1084743,0.09868505,0.1709274
-0.1084743,0.1741468,0.1309597
-0.1084743,0.1309598,0.1741466
-0.1084743,0.156918,0.2717899
-0.1084743,0.1632094,0.2300045
-0.1084743,0.2717901,0.1569179
-0.1084743,0.2300048,0.1632093
-0.1084743,0.1175852,0.2563457
-0.1084743,0.08533558,0.2004878
-0.1084743,0.02634118,0.2807946
-0.1084743,-9.514658E-09,0.1973701
-0.1084743,2.462263E-08,0.3138361
-0.1084743,0.02634116,0.2162954
-0.1084743,2.462263E-08,0.3138361
-0.1084742,-0.1175851,0.2563458
-0.1084742,-0.156918,0.27179
-0.1084743,-0.02634115,0.2807946
-0.1084743,-9.514658E-09,0.1973701
-0.1084743,-0.02634117,0.2162954
-0.1084742,-0.156918,0.27179
-0.1084742,-0.1175851,0.2563458
-0.1084742,-0.08533553,0.2004879
-0.1084742,-0.098685,0.1709275
-0.1084743,-0.02634117,0.2162954
-0.1084743,-9.514658E-09,0.1973701
-0.1084742,-0.1632094,0.2300046
-0.1084743,-0.2300046,0.1632094
-0.1084743,-0.2717899,0.156918
-0.1084742,-0.1309597,0.1741467
-0.1084743,-0.1709274,0.09868504
-0.1084743,-0.1741466,0.1309598
-0.1084743,-0.2300046,0.1632094
-0.1084743,-0.1741466,0.1309598
-0.1084743,-0.1709274,0.09868504
-0.1084743,-0.2807945,0.02634115
-0.1084743,-0.313836,-1.018763E-08
-0.1084743,-0.2563457,0.1175851
-0.1084743,-0.1709274,0.09868504
-0.1084743,-0.2004878,0.08533557
-0.1084743,-0.1973701,-3.713811E-08
-0.1084743,-0.2162953,0.02634113
-0.1084743,-0.313836,-1.018763E-08
-0.1084743,-0.2807945,0.02634115
-0.1084743,-0.2807945,-0.02634119
-0.1084743,-0.2162953,-0.02634121
-0.1084743,-0.2563458,-0.1175852
-0.1084743,-0.27179,-0.1569181
-0.1084743,-0.27179,-0.1569181
-0.1084743,-0.2563458,-0.1175852
-0.1084743,-0.2004878,-0.08533566
-0.1084743,-0.1709275,-0.09868515
-0.1084743,-0.2300046,-0.1632095
-0.1084743,-0.1741467,-0.1309599
-0.1084743,-0.2162953,-0.02634121
-0.1084743,-0.1973701,-3.713811E-08
-0.1084743,-0.27179,-0.1569181
-0.1084743,-0.2300046,-0.1632095
-0.1084742,-0.1632094,-0.2300047
-0.1084742,-0.156918,-0.27179
-0.1084742,-0.1309598,-0.1741468
-0.1084742,-0.09868502,-0.1709276
-0.1084743,-0.1741467,-0.1309599
-0.1084743,-0.1709275,-0.09868515
-0.1084742,-0.08533555,-0.200488
-0.1084742,-0.1175852,-0.2563459
-0.1084742,-0.156918,-0.27179
-0.1084743,-0.02634122,-0.2807947
-0.1084743,-7.015332E-08,-0.3138362
-0.1997492,-0.05129505,-0.02961556
-0.1661513,-0.02399414,-0.0415597
-0.1997492,-0.02961512,-0.0512955
-0.1661513,-0.04155925,-0.02399457
-0.1661513,1.908606E-07,-0.04798897
-0.1997492,-0.05923047,-2.13329E-07
-0.1997493,1.24086E-07,-0.0592309
-0.1661513,-0.04798854,-1.665753E-07
-0.1661513,0.02399459,-0.04155969
-0.1997492,-0.05129504,0.02961516
-0.1997492,0.02961546,-0.05129548
-0.1661513,-0.04155925,0.02399427
-0.1661513,0.04155982,-0.02399449
-0.1997492,-0.02961511,0.05129509
-0.1997492,0.05129552,-0.02961546
-0.1661513,-0.02399413,0.04155938
-0.1661513,0.04798908,-1.787994E-07
-0.1997493,1.00708E-07,0.05923047
-0.1997492,0.05923091,-2.284167E-07
-0.1661513,1.719197E-07,0.04798864
-0.1661513,0.04155983,0.02399413
-0.1997492,0.02961547,0.05129503
-0.1997492,0.05129554,0.029615
-0.1661513,0.0239946,0.04155933
-0.1461536,-0.07227261,0.1251799
-0.1997492,-0.104413,0.06028285
-0.1461537,-0.1251798,0.07227266
-0.1997492,-0.06028282,0.1044131
-0.1997492,-0.1205658,-2.038669E-07
-0.1461537,-3.117233E-08,0.1445453
-0.1461537,-0.1445453,-5.180663E-08
-0.1997493,1.234171E-07,0.1205659
-0.1997492,-0.104413,-0.06028325
-0.1461537,0.07227265,0.1251798
-0.1461537,-0.1251799,-0.07227276
-0.1997492,0.06028315,0.104413
-0.1997492,-0.06028283,-0.1044135
-0.1461537,0.1251801,0.07227249
-0.1461536,-0.07227263,-0.12518
-0.1997492,0.1044135,0.06028271
-0.1997493,1.155702E-07,-0.1205663
-0.1461537,0.1445455,-9.485198E-08
-0.1461537,-4.057982E-08,-0.1445455
-0.1997492,0.1205663,-2.397712E-07
-0.1997492,0.06028313,-0.1044135
-0.1461537,0.1251801,-0.07227268
-0.1461537,0.07227263,-0.12518
-0.1997492,0.1044135,-0.06028318
-0.2202915,-0.3626136,-0.2093552
-0.2202915,-0.1756828,-0.3042916
-0.2202915,-0.2093552,-0.3626138
-0.2202915,-0.3042915,-0.1756829
-0.2202916,-6.100827E-08,-0.3513658
-0.2202915,-0.4187102,-1.575288E-08
-0.2202916,-6.64058E-08,-0.4187104
-0.2202915,-0.3513656,-1.728487E-08
-0.2202916,0.1756828,-0.3042916
-0.2202915,-0.3626137,0.2093552
-0.2202916,0.209355,-0.3626138
-0.2202915,-0.3042916,0.1756828
-0.2202915,0.3042916,-0.1756829
-0.2202915,-0.209355,0.3626136
-0.2202916,0.3626138,-0.2093553
-0.2202915,-0.1756828,0.3042915
-0.2202915,0.3513657,-1.311259E-07
-0.2202916,6.004119E-08,0.4187102
-0.2202916,0.4187103,-1.421998E-07
-0.2202916,4.31683E-08,0.3513657
-0.2202915,0.3042916,0.1756827
-0.2202916,0.2093552,0.3626136
-0.2202916,0.3626138,0.209355
-0.2202916,0.1756828,0.3042915
-0.2180252,-0.4554503,-0.2629542
-0.2202915,-0.2093552,-0.3626138
-0.2180252,-0.2629544,-0.45545
-0.2202915,-0.3626136,-0.2093552
-0.2202916,-6.64058E-08,-0.4187104
-0.2180252,-0.5259085,9.36031E-08
-0.2180253,-1.671607E-07,-0.5259086
-0.2202915,-0.4187102,-1.575288E-08
-0.2202916,0.209355,-0.3626138
-0.2180252,-0.4554501,0.2629544
-0.2180253,0.2629541,-0.4554501
-0.2202915,-0.3626137,0.2093552
-0.2202916,0.3626138,-0.2093553
-0.2180252,-0.2629543,0.4554502
-0.2180253,0.4554501,-0.2629544
-0.2202915,-0.209355,0.3626136
-0.2202916,0.4187103,-1.421998E-07
-0.2180253,-8.340759E-09,0.5259086
-0.2180253,0.5259085,-6.521687E-08
-0.2202916,6.004119E-08,0.4187102
-0.2202916,0.3626138,0.209355
-0.2180253,0.2629542,0.4554501
-0.2180253,0.4554502,0.2629543
-0.2202916,0.2093552,0.3626136
-0.1812483,0.4884235,-0.2819915
-0.1812483,0.2819914,-0.4884236
-0.2180253,0.2629541,-0.4554501
-0.2180253,0.4554501,-0.2629544
-0.2180253,-1.671607E-07,-0.5259086
-0.1812483,0.5639828,-7.096592E-08
-0.1812482,-1.729098E-07,-0.563983
-0.2180253,0.5259085,-6.521687E-08
-0.2180252,-0.2629544,-0.45545
-0.1812483,0.4884236,0.2819913
-0.1812482,-0.2819916,-0.4884234
-0.2180253,0.4554502,0.2629543
-0.2180252,-0.4554503,-0.2629542
-0.1812483,0.2819915,0.4884234
-0.1812482,-0.4884236,-0.2819914
-0.2180253,0.2629542,0.4554501
-0.2180252,-0.5259085,9.36031E-08
-0.1812482,-2.591676E-09,0.563983
-0.1812482,-0.563983,9.935217E-08
-0.2180253,-8.340759E-09,0.5259086
-0.2180252,-0.4554501,0.2629544
-0.1812482,-0.2819915,0.4884236
-0.1812482,-0.4884235,0.2819915
-0.2180252,-0.2629543,0.4554502
-0.1812483,0.4884235,-0.2819915
0.1881999,0.4884235,-0.2819915
0.1881999,0.2819914,-0.4884236
-0.1812483,0.2819914,-0.4884236
-0.1812483,0.5639828,-7.096592E-08
0.1881999,-1.729098E-07,-0.563983
0.1881999,0.5639828,-7.096592E-08
-0.1812482,-1.729098E-07,-0.563983
-0.1812483,0.4884236,0.2819913
0.1881999,-0.2819916,-0.4884234
0.1881999,0.4884236,0.2819913
-0.1812482,-0.2819916,-0.4884234
-0.1812483,0.2819915,0.4884234
0.1881999,-0.4884236,-0.2819914
0.1881999,0.2819915,0.4884234
-0.1812482,-0.4884236,-0.2819914
-0.1812482,-2.591676E-09,0.563983
0.1881999,-0.563983,9.935217E-08
0.1881999,-2.591676E-09,0.563983
-0.1812482,-0.563983,9.935217E-08
-0.1812482,-0.2819915,0.4884236
0.1881999,-0.4884235,0.2819915
0.1881999,-0.2819915,0.4884236
-0.1812482,-0.4884235,0.2819915
-0.1084743,-0.1973701,-3.713811E-08
-0.1461537,-0.1973701,-3.713811E-08
-0.1461537,-0.1709275,-0.09868515
-0.1084743,-0.1709275,-0.09868515
-0.1084743,-0.1709274,0.09868504
-0.1461536,-0.09868503,-0.1709276
-0.1461537,-0.1709274,0.09868504
-0.1084742,-0.09868502,-0.1709276
-0.1084742,-0.098685,0.1709275
-0.1461537,-4.8729E-08,-0.1973702
-0.1461536,-0.09868501,0.1709275
-0.1084743,-4.499953E-08,-0.1973702
-0.1084743,-9.514658E-09,0.1973701
-0.1461537,0.098685,-0.1709276
-0.1461537,-1.324412E-08,0.1973701
-0.1084743,0.098685,-0.1709276
-0.1084743,0.09868505,0.1709274
-0.1461537,0.1709277,-0.0986851
-0.1461537,0.09868504,0.1709274
-0.1084743,0.1709277,-0.0986851
-0.1084743,0.1709277,0.09868489
-0.1461537,0.1973702,-1.021862E-07
-0.1461537,0.1709277,0.09868489
-0.1084743,0.1973702,-1.021862E-07
0.1881999,0.4884235,-0.2819915
0.224977,0.2629541,-0.4554501
0.1881999,0.2819914,-0.4884236
0.224977,0.4554501,-0.2629544
0.224977,-1.671607E-07,-0.5259086
0.1881999,0.5639828,-7.096592E-08
0.1881999,-1.729098E-07,-0.563983
0.224977,0.5259085,-6.521687E-08
0.2249769,-0.2629544,-0.45545
0.1881999,0.4884236,0.2819913
0.1881999,-0.2819916,-0.4884234
0.224977,0.4554502,0.2629543
0.2249769,-0.4554503,-0.2629542
0.1881999,0.2819915,0.4884234
0.1881999,-0.4884236,-0.2819914
0.224977,0.2629542,0.4554501
0.2249769,-0.5259085,9.36031E-08
0.1881999,-2.591676E-09,0.563983
0.1881999,-0.563983,9.935217E-08
0.224977,-8.340759E-09,0.5259086
0.2249769,-0.4554501,0.2629544
0.1881999,-0.2819915,0.4884236
0.1881999,-0.4884235,0.2819915
0.2249769,-0.2629543,0.4554502
471
0.0292088,0.5360883
0.02920879,0.5360883
0.02920883,0.5360883
0.1484376,0.5326324
0.1484376,0.5326324
0.1484376,0.5326324
0.1484376,0.5326324
0.1484376,0.5326324
0.1484376,0.5326324
0.1484376,0.5326324
0.1484376,0.5326324
0.1484376,0.5326324
0.1484376,0.5326324
0.1484376,0.5326324
0.1484376,0.5326324
0.1484376,0.5326324
0.1484376,0.5326323
0.1484375,0.5326324
0.1484375,0.5326324
0.1484375,0.5326324
0.1484375,0.5326324
0.1484376,0.5326324
0.1484376,0.5326324
0.1484375,0.5326324
0.1484376,0.5326323
0.1484376,0.5326325
0.1484376,0.5326324
0.1484376,0.5326324
0.1484375,0.5326324
0.1484376,0.5326324
0.1484376,0.5326324
0.1484376,0.5326324
0.1484376,0.5326324
0.1484376,0.5326324
0.1484376,0.5326324
0.1484376,0.5326324
0.1484376,0.5326325
0.1484376,0.5326324
0.1484375,0.5326324
0.1484375,0.5326324
0.1484376,0.5326324
0.1484376,0.5326324
0.1484376,0.5326324
0.1484375,0.5326324
0.1484376,0.5326324
0.1484376,0.5326324
0.1484376,0.5326324
0.1553494,0.5291764
0.1553493,0.5291764
0.1553493,0.5291765
0.1553493,0.5291765
0.1553493,0.5291765
0.1553493,0.5291765
0.1553493,0.5291765
0.1553493,0.5291765
0.1553493,0.5291765
0.1553493,0.5291765
0.1553493,0.5291765
0.1553494,0.5291765
0.1553494,0.5291765
0.1553493,0.5291765
0.1553493,0.5291765
0.1553493,0.5291765
0.1553493,0.5291764
0.1553493,0.5291765
0.1553493,0.5291765
0.1553494,0.5291765
0.1553494,0.5291765
0.1553493,0.5291765
0.1553494,0.5291765
0.1553493,0.5291764
0.1553493,0.5291764
0.1553494,0.5291764
0.1553494,0.5291764
0.1553494,0.5291765
0.1553494,0.5291764
0.1553494,0.5291764
0.1553494,0.5291764
0.1553494,0.5291764
0.1553494,0.5291764
0.1553494,0.5291764
0.1553494,0.5291764
0.1553493,0.5291764
0.1553493,0.5291764
0.1553494,0.5291764
0.1553493,0.5291764
0.1553494,0.5291764
0.1553494,0.5291763
0.1553493,0.5291763
0.1553493,0.5291764
0.1553493,0.5291764
0.1553494,0.5291763
0.1553493,0.5291764
0.1553493,0.5291764
0.1553494,0.5291764
0.02920879,0.5360883
0.02920882,0.5360883
0.0292088,0.5360883
0.0292088,0.5360883
0.02920876,0.5360883
0.02920883,0.5360883
0.02920877,0.5360882
0.02920879,0.5360882
0.0292088,0.5360882
0.02920879,0.5360882
0.0292088,0.5360883
0.02920882,0.5360883
0.02920882,0.5360883
0.0292088,0.5360883
0.02920882,0.5360883
0.02920879,0.5360883
0.0292088,0.5360882
0.02920882,0.5360883
0.0292088,0.5360882
0.0292088,0.5360882
0.0292088,0.5360882
0.02920882,0.5360882
0.0292088,0.5360882
0.02920882,0.5360882
0.0292088,0.5360882
0.02920879,0.5360882
0.02920879,0.5360882
0.0292088,0.5360882
0.02920879,0.5360882
0.0292088,0.5360882
0.02920879,0.5360882
0.02920879,0.5360882
0.02920885,0.5360883
0.02920883,0.5360883
0.02920883,0.5360883
0.0292088,0.5360883
0.02920879,0.5360883
0.02920882,0.5360883
0.02920882,0.5360883
0.02920879,0.5360883
0.0292088,0.5360883
0.02920882,0.5360883
0.0292088,0.5360883
0.02920879,0.5360882
0.02920882,0.5360883
0.02920882,0.5360883
0.0292088,0.5360882
0.02920882,0.5360883
0.0292088,0.5360882
0.0292088,0.5360882
0.0292088,0.5360882
0.0292088,0.5360882
0.0292088,0.5360882
0.0292088,0.5360882
0.0292088,0.5360882
0.0292088,0.5360882
0.02920879,0.5360882
0.02920879,0.5360882
0.02920879,0.5360882
0.0292088,0.5360882
0.0292088,0.5360882
0.0292088,0.5360882
0.0292088,0.5360882
0.02920882,0.5360883
0.02920879,0.5360882
0.02920882,0.5360883
0.02920879,0.5360882
0.02920879,0.5360882
0.02920885,0.5360883
0.02920879,0.5360882
0.02920883,0.5360883
0.0292088,0.5360883
0.02920876,0.5360883
0.02920878,0.5360883
0.02920879,0.5360883
0.02920876,0.5360883
0.02920873,0.5360883
0.02920874,0.5360883
0.02920876,0.5360883
0.02920876,0.5360883
0.02920876,0.5360883
0.02920874,0.5360883
0.02920878,0.5360882
0.02920883,0.5360882
0.02920877,0.5360882
0.02920881,0.5360882
0.02920878,0.5360882
0.02920882,0.5360882
0.0292088,0.5360882
0.0292088,0.5360882
0.02920879,0.5360883
0.02920878,0.5360883
0.02920876,0.5360883
0.02920876,0.5360883
0.02920877,0.5360883
0.0292088,0.5360883
0.02920882,0.5360883
0.0292088,0.5360883
0.0292088,0.5360883
0.02920881,0.5360883
0.02920879,0.5360883
0.02920879,0.5360883
0.0292088,0.5360883
0.0292088,0.5360883
0.0292088,0.5360883
0.02920879,0.5360883
0.02920877,0.5360883
0.02920876,0.5360883
0.0292088,0.5360883
0.02920878,0.5360882
0.02920877,0.5360883
0.02920877,0.5360883
0.0292088,0.5360883
0.02920878,0.5360883
0.02920882,0.5360883
0.02920881,0.5360883
0.02920879,0.5360883
0.0292088,0.5360883
0.02920879,0.5360883
0.02920883,0.5360883
0.02920882,0.5360883
0.02920877,0.5360883
0.02920878,0.5360882
0.02920882,0.5360883
0.0292088,0.5360883
0.0292088,0.5360882
0.02920882,0.5360883
0.02920879,0.5360882
0.02920881,0.5360883
0.02920879,0.5360882
0.02920881,0.5360883
0.02920882,0.5360882
0.02920879,0.5360882
0.02920882,0.5360883
0.02920881,0.5360882
0.02920882,0.5360882
0.02920881,0.5360883
0.02920881,0.5360882
0.0292088,0.5360882
0.02920881,0.5360882
0.02920882,0.5360883
0.02920881,0.5360882
0.02920882,0.5360882
0.02920882,0.5360882
0.0292088,0.5360882
0.02920882,0.5360882
0.02920881,0.5360882
0.02920882,0.5360882
0.02920881,0.5360882
0.02920882,0.5360882
0.02920879,0.5360882
0.02920877,0.5360882
0.02920881,0.5360882
0.02920882,0.5360882
0.02920882,0.5360882
0.02920882,0.5360882
0.02920881,0.5360882
0.02920877,0.5360882
0.02920879,0.5360882
0.02920878,0.5360882
0.02920881,0.5360882
0.02920881,0.5360882
0.02920882,0.5360882
0.02920882,0.5360882
0.02920881,0.5360882
0.02920879,0.5360882
0.02920879,0.5360882
0.02920881,0.5360881
0.02920879,0.5360881
0.02920881,0.5360882
0.02920882,0.5360882
0.02920882,0.5360882
0.02920881,0.5360881
0.0292088,0.5360882
0.0292088,0.5360882
0.0292088,0.5360882
0.0292088,0.5360882
0.02920879,0.5360881
0.02920879,0.5360882
0.0292088,0.5360882
0.0292088,0.5360881
0.0292088,0.5360882
0.02920882,0.5360882
0.02920883,0.5360882
0.0292088,0.5360882
0.0292088,0.5360882
0.0292088,0.5360882
0.0292088,0.5360882
0.02920879,0.5360882
0.0292088,0.5360882
0.02920879,0.5360882
0.0292088,0.5360882
0.02920885,0.5360883
0.0292088,0.5360882
0.02920885,0.5360883
0.0292088,0.5360882
0.02920883,0.5360883
0.02920882,0.5360883
0.02920883,0.5360883
0.02920882,0.5360883
0.02920879,0.5360883
0.02920882,0.5360883
0.02920879,0.5360883
0.02920882,0.5360883
0.0292088,0.5360883
0.02920879,0.5360882
0.0292088,0.5360883
0.02920879,0.5360882
0.0292088,0.5360882
0.0292088,0.5360882
0.0292088,0.5360882
0.0292088,0.5360882
0.0292088,0.5360882
0.0292088,0.5360882
0.0292088,0.5360882
0.0292088,0.5360882
0.0292088,0.5360882
0.02920882,0.5360883
0.0292088,0.5360882
0.02920882,0.5360883
0.02920879,0.5360882
0.02920882,0.5360883
0.02920879,0.5360882
0.02920882,0.5360883
0.02920879,0.5360882
0.02920882,0.5360883
0.02920879,0.5360882
0.02920882,0.5360883
0.02920883,0.5360883
0.0292088,0.5360883
0.02920883,0.5360883
0.0292088,0.5360883
0.02601945,0.5385847
0.02601945,0.5385847
0.02601945,0.5385847
0.02601945,0.5385847
0.02601945,0.5385847
0.02601945,0.5385847
0.02601945,0.5385847
0.02601945,0.5385847
0.02601945,0.5385847
0.02601945,0.5385847
0.02601945,0.5385847
0.02601945,0.5385847
0.02601945,0.5385847
0.02601945,0.5385847
0.02601945,0.5385847
0.02601945,0.5385848
0.02601945,0.5385847
0.02601945,0.5385847
0.02601945,0.5385847
0.02601945,0.5385847
0.02601945,0.5385847
0.02601945,0.5385847
0.02601945,0.5385847
0.02601945,0.5385847
0.1484376,0.5326324
0.1484376,0.5326324
0.1484376,0.5326324
0.1484376,0.5326324
0.1484375,0.5326324
0.1484376,0.5326324
0.1484376,0.5326324
0.1484376,0.5326324
0.1484375,0.5326324
0.1484376,0.5326324
0.1484376,0.5326324
0.1484375,0.5326324
0.1484375,0.5326324
0.1484376,0.5326324
0.1484376,0.5326324
0.1484376,0.5326324
0.1484376,0.5326324
0.1484376,0.5326324
0.1484376,0.5326324
0.1484376,0.5326324
0.1484376,0.5326324
0.1484376,0.5326324
0.1484376,0.5326324
0.1484376,0.5326324
0.1484376,0.5326324
0.1484376,0.5326324
0.1484376,0.5326324
0.1484376,0.5326324
0.1484376,0.5326324
0.1484376,0.5326324
0.1484376,0.5326324
0.1484376,0.5326324
0.1484376,0.5326324
0.1484376,0.5326324
0.1484376,0.5326324
0.1484376,0.5326324
0.1484376,0.5326324
0.1484376,0.5326324
0.1484376,0.5326324
0.1484376,0.5326324
0.1484376,0.5326324
0.1484376,0.5326324
0.1484376,0.5326324
0.1484376,0.5326324
0.1484376,0.5326324
0.1484376,0.5326324
0.1484376,0.5326324
0.1484376,0.5326324
0.1484376,0.5326324
0.1484376,0.5326324
0.1484376,0.5326324
0.1484376,0.5326324
0.1484376,0.5326324
0.1484376,0.5326324
0.1484376,0.5326324
0.1484376,0.5326324
0.1484376,0.5326324
0.1484376,0.5326324
0.1484376,0.5326324
0.1484376,0.5326324
0.1484376,0.5326324
0.1484376,0.5326324
0.1484376,0.5326324
0.1484376,0.5326324
0.1484376,0.5326324
0.1484376,0.5326324
0.1484376,0.5326324
0.1484376,0.5326324
0.1484376,0.5326324
0.1484376,0.5326324
0.1484376,0.5326324
0.1484376,0.5326324
0.1484376,0.5326324
0.1484376,0.5326324
0.1484375,0.5326323
0.1484375,0.5326323
0.1484376,0.5326324
0.1484375,0.5326323
0.1484376,0.5326324
0.1484375,0.5326323
0.1484375,0.5326324
0.1484375,0.5326324
0.1484375,0.5326324
0.1484375,0.5326324
0.1484376,0.5326324
0.1484375,0.5326324
0.1484376,0.5326324
0.1484375,0.5326324
0.1484375,0.5326324
0.1484375,0.5326325
0.1484375,0.5326324
0.1484375,0.5326325
0.1484375,0.5326324
0.1484375,0.5326324
0.1484375,0.5326324
0.1484375,0.5326324
0.1484376,0.5326324
0.1484376,0.5326324
0.1484376,0.5326324
0.1484376,0.5326324
0.1484376,0.5326324
0.1484376,0.5326324
0.1484376,0.5326324
0.1484376,0.5326324
0.1484376,0.5326324
0.1484376,0.5326324
0.1484376,0.5326324
0.1484376,0.5326324
0.1484376,0.5326324
0.1484376,0.5326324
0.1484376,0.5326324
0.1484376,0.5326324
0.1484376,0.5326324
0.1484376,0.5326324
0.1484376,0.5326324
0.1484376,0.5326324
0.1484376,0.5326324
0.1484376,0.5326324
0.1484376,0.5326324
0.1484376,0.5326324
1
1212
0
1
2
3
4
5
5
6
3
6
7
3
6
8
7
8
9
7
8
10
9
10
11
9
10
12
11
12
13
11
12
14
13
15
16
17
15
18
16
19
18
15
19
20
18
21
20
19
21
22
20
23
24
25
23
25
26
26
25
27
26
27
28
28
27
29
28
29
30
30
29
31
30
31
32
33
34
35
33
35
36
36
35
37
36
37
38
39
40
41
39
41
42
42
41
43
42
43
44
44
43
45
44
45
46
47
48
49
47
49
50
51
52
53
51
53
54
55
56
57
55
57
58
59
60
61
59
61
62
63
64
65
63
65
66
67
68
69
67
69
70
71
72
73
71
73
74
75
76
77
75
77
78
79
80
81
79
81
82
83
84
85
83
85
86
87
88
89
87
89
90
91
92
93
91
93
94
95
96
97
95
98
96
99
98
95
99
100
98
101
100
99
101
102
100
103
102
101
103
104
102
105
106
107
105
107
108
108
107
109
108
109
110
110
109
111
110
111
112
112
111
113
112
113
114
114
113
115
114
115
116
116
115
117
116
117
118
118
117
119
118
119
120
121
122
123
121
123
124
125
126
127
125
127
128
128
127
129
128
129
130
130
129
131
130
131
132
133
134
135
133
135
136
136
137
138
136
138
139
139
138
140
139
140
141
141
140
142
141
142
143
143
142
144
143
144
145
145
144
146
145
146
147
147
146
148
147
148
149
149
148
150
149
150
151
151
150
152
151
152
153
154
155
156
156
157
154
156
158
157
158
159
157
158
160
159
160
161
159
162
163
164
162
165
163
162
166
165
167
168
169
167
170
168
171
170
167
171
172
170
173
172
171
173
174
172
171
175
173
171
176
175
173
175
177
178
176
171
173
177
179
178
180
176
179
177
180
179
180
178
178
181
179
178
182
181
179
181
183
179
183
184
185
186
174
185
174
187
188
189
190
188
190
191
191
190
192
191
192
193
193
194
191
193
192
195
193
195
196
193
197
194
198
197
193
198
199
197
200
195
201
200
201
202
198
203
204
198
204
205
206
207
198
206
208
207
209
208
206
209
210
208
211
212
198
211
213
212
214
213
211
214
215
213
216
215
214
216
217
215
211
218
214
211
219
218
214
218
220
221
219
211
214
220
222
221
223
219
222
220
223
222
223
221
224
225
226
224
227
225
228
227
224
228
229
227
230
231
232
230
232
233
233
232
234
233
234
235
233
236
230
230
236
237
230
237
238
233
239
236
240
239
233
240
241
239
238
242
243
238
243
244
238
245
246
238
247
245
248
247
238
248
249
247
250
249
240
250
251
249
252
251
250
252
253
251
250
254
252
250
255
254
252
254
256
252
256
257
258
259
260
258
260
261
261
262
258
261
263
262
261
260
264
261
264
265
266
267
268
266
268
269
269
268
270
269
270
271
271
270
272
271
272
273
271
274
275
271
275
276
276
275
277
276
277
278
279
280
281
279
282
280
281
280
283
284
282
279
281
283
285
284
286
282
285
283
287
288
286
284
285
287
289
288
290
286
289
287
291
292
290
288
289
291
293
292
294
290
293
291
295
296
294
292
293
295
297
296
298
294
297
295
299
300
298
296
297
299
301
300
302
298
301
299
302
301
302
300
303
304
305
303
306
304
305
304
307
308
306
303
305
307
309
308
310
306
309
307
311
312
310
308
309
311
313
312
314
310
313
311
315
316
314
312
313
315
317
316
318
314
317
315
319
320
318
316
317
319
321
320
322
318
321
319
323
324
322
320
321
323
325
324
326
322
325
323
326
325
326
324
327
328
329
327
330
328
329
328
331
332
330
327
329
331
333
332
334
330
333
331
335
336
334
332
333
335
337
336
338
334
337
335
339
340
338
336
337
339
341
340
342
338
341
339
343
344
342
340
341
343
345
344
346
342
345
343
347
348
346
344
345
347
349
348
350
346
349
347
350
349
350
348
351
352
353
351
354
352
353
352
355
356
354
351
353
355
357
356
358
354
357
355
359
360
358
356
357
359
361
360
362
358
361
359
363
364
362
360
361
363
365
364
366
362
365
363
367
368
366
364
365
367
369
368
370
366
369
367
371
372
370
368
369
371
373
372
374
370
373
371
374
373
374
372
375
376
377
375
377
378
376
379
377
380
375
378
376
381
379
380
378
382
381
383
379
384
380
382
381
385
383
384
382
386
385
387
383
388
384
386
385
389
387
388
386
390
389
391
387
392
388
390
389
393
391
392
390
394
393
395
391
396
392
394
393
397
395
396
394
398
397
396
398
397
398
395
399
400
401
399
401
402
403
400
399
402
401
404
403
405
400
402
404
406
407
405
403
406
404
408
407
409
405
406
408
410
411
409
407
410
408
412
411
413
409
410
412
414
415
413
411
414
412
416
415
417
413
414
416
418
419
417
415
418
416
420
419
421
417
418
420
422
422
421
419
422
420
421
423
424
425
423
425
426
427
424
423
426
425
428
427
429
424
426
428
430
431
429
427
430
428
432
431
433
429
430
432
434
435
433
431
434
432
436
435
437
433
434
436
438
439
437
435
438
436
440
439
441
437
438
440
442
443
441
439
442
440
444
443
445
441
442
444
446
446
445
443
446
444
445
447
448
449
447
450
448
449
448
451
452
450
447
449
451
453
452
454
450
453
451
455
456
454
452
453
455
457
456
458
454
457
455
459
460
458
456
457
459
461
460
462
458
461
459
463
464
462
460
461
463
465
464
466
462
465
463
467
468
466
464
465
467
469
468
470
466
469
467
470
469
470
468
