MESH3
Military Vehicle_3 FR Tire
463
0.1661479,0.04155982,-0.02399449
0.1661479,0.04798908,-1.724996E-07
0.1661477,0.04155983,0.02399414
-0.2249804,-0.4554503,-0.2629542
-0.2249804,-0.5259085,9.990291E-08
-0.2249804,-0.4554501,0.2629544
-0.2249804,-0.2629544,-0.45545
-0.2249804,-0.2629543,0.4554502
-0.2249804,-1.667353E-07,-0.5259086
-0.2249804,-7.915318E-09,0.5259086
-0.2249804,0.2629541,-0.4554501
-0.2249804,0.2629542,0.4554501
-0.2249804,0.4554501,-0.2629544
-0.2249804,0.4554502,0.2629543
-0.2249804,0.5259085,-5.891706E-08
0.220288,-6.058282E-08,-0.3513658
0.1084709,0.1569179,-0.2717901
0.1084709,-6.972788E-08,-0.3138362
0.220288,0.1756828,-0.3042916
0.1084709,0.2717901,-0.1569181
0.220288,0.3042916,-0.1756829
0.220288,0.3042916,-0.1756829
0.1084709,0.3138362,-1.174468E-07
0.1084709,0.2717901,-0.1569181
0.220288,0.3513657,-1.248261E-07
0.1084709,0.2717901,0.1569179
0.220288,0.3042916,0.1756828
0.1084709,0.156918,0.2717899
0.220288,0.1756828,0.3042915
0.1084709,2.504807E-08,0.3138361
0.220288,4.359374E-08,0.3513657
0.220288,4.359374E-08,0.3513657
0.1084707,-0.156918,0.27179
0.1084709,2.504807E-08,0.3138361
0.220288,-0.1756828,0.3042915
0.1084707,-0.2717899,0.156918
0.220288,-0.3042916,0.1756828
0.220288,-0.3042916,0.1756828
0.1084707,-0.313836,-3.887817E-09
0.1084707,-0.2717899,0.156918
0.220288,-0.3513656,-1.098506E-08
0.1084707,-0.27179,-0.1569181
0.220288,-0.3042915,-0.1756829
0.1084707,-0.156918,-0.27179
0.220288,-0.1756828,-0.3042916
0.1084709,-6.972788E-08,-0.3138362
0.220288,-6.058282E-08,-0.3513658
0.1084709,0.0263411,-0.2807947
0.1084709,0.1175851,-0.2563459
0.1084709,0.08533552,-0.200488
0.1084709,0.02634112,-0.2162955
0.1084709,0.1632094,-0.2300047
0.1084709,0.2300047,-0.1632095
0.1084709,0.1741468,-0.1309599
0.1084709,0.1309598,-0.1741468
0.1084709,0.2563459,-0.1175853
0.1084709,0.2807947,-0.02634128
0.1084707,0.2162955,-0.02634126
0.1084707,0.200488,-0.08533563
0.1084709,0.2807947,0.02634105
0.1084709,0.256346,0.117585
0.1084707,0.200488,0.08533543
0.1084707,0.2162955,0.02634107
0.1084709,0.2300048,0.1632093
0.1084709,0.1632094,0.2300046
0.1084709,0.1309598,0.1741466
0.1084709,0.1741468,0.1309597
0.1084709,0.1175852,0.2563457
0.1084709,0.02634118,0.2807946
0.1084709,0.02634116,0.2162954
0.1084709,0.08533558,0.2004878
0.1084709,-0.02634115,0.2807946
0.1084707,-0.1175851,0.2563458
0.1084707,-0.08533553,0.2004879
0.1084709,-0.02634117,0.2162954
0.1084707,-0.1632094,0.2300047
0.1084707,-0.2300046,0.1632094
0.1084707,-0.1741466,0.1309598
0.1084707,-0.1309597,0.1741467
0.1084707,-0.2563457,0.1175852
0.1084707,-0.2807945,0.02634116
0.1084707,-0.2162953,0.02634114
0.1084707,-0.2004878,0.08533558
0.1084707,-0.2807945,-0.02634118
0.1084707,-0.2563458,-0.1175852
0.1084707,-0.2004878,-0.08533565
0.1084707,-0.2162953,-0.0263412
0.1084707,-0.2300046,-0.1632095
0.1084707,-0.1632094,-0.2300047
0.1084707,-0.1309598,-0.1741468
0.1084707,-0.1741467,-0.1309599
0.1084707,-0.1175852,-0.2563459
0.1084709,-0.02634122,-0.2807947
0.1084709,-0.02634121,-0.2162955
0.1084707,-0.08533555,-0.200488
0.1461501,0.1709277,-0.09868509
0.1461501,0.1973702,-9.588643E-08
0.1461501,0.1445455,-8.855217E-08
0.1461501,0.1251801,-0.07227267
0.1461501,0.098685,-0.1709276
0.1461501,0.07227263,-0.12518
0.1461504,-4.830356E-08,-0.1973702
0.1461504,-4.015438E-08,-0.1445454
0.1461501,-0.09868503,-0.1709276
0.1461501,-0.07227263,-0.12518
0.1461501,0.1973702,-9.588643E-08
0.1461501,0.1251801,0.07227249
0.1461501,0.1445455,-8.855217E-08
0.1461501,0.1709277,0.0986849
0.1461501,0.07227265,0.1251799
0.1461501,0.09868504,0.1709275
0.1461504,-3.074689E-08,0.1445453
0.1461504,-1.281868E-08,0.1973701
0.1461501,-0.07227261,0.1251799
0.1461501,-0.09868501,0.1709275
0.1461501,-0.1251798,0.07227267
0.1461501,-0.1709274,0.09868505
0.1461501,-0.1445453,-4.550682E-08
0.1461501,-0.1973701,-3.08383E-08
0.1461501,-0.1251799,-0.07227275
0.1461501,-0.1709275,-0.09868514
0.1461501,-0.1709275,-0.09868514
0.1461501,-0.09868503,-0.1709276
0.1461501,-0.07227263,-0.12518
0.1461501,-0.1251799,-0.07227275
0.1997459,1.159956E-07,-0.1205663
0.1997457,0.02961546,-0.05129547
0.1997459,1.245115E-07,-0.05923089
0.1997457,0.06028314,-0.1044135
0.1997457,0.05129553,-0.02961545
0.1997457,0.1044135,-0.06028318
0.1997457,0.05923091,-2.221169E-07
0.1997457,0.1205663,-2.334714E-07
0.1997457,0.05129554,0.029615
0.1997457,0.1044135,0.06028271
0.1997457,0.02961547,0.05129503
0.1997457,0.06028315,0.104413
0.1997459,1.011335E-07,0.05923048
0.1997459,1.238425E-07,0.1205659
0.1997457,-0.02961511,0.0512951
0.1997457,-0.06028281,0.1044131
0.1997457,-0.05129503,0.02961517
0.1997457,-0.104413,0.06028286
0.1997457,-0.05923046,-2.070291E-07
0.1997457,-0.1205658,-1.97567E-07
0.1997457,-0.05129505,-0.02961555
0.1997457,-0.104413,-0.06028324
0.1997457,-0.02961512,-0.05129549
0.1997457,-0.06028283,-0.1044135
0.1997459,1.245115E-07,-0.05923089
0.1997459,1.159956E-07,-0.1205663
0.1661479,-0.04155924,0.02399427
0.1661479,-0.04798854,-1.602755E-07
0.1661479,-0.04155925,-0.02399457
0.1661477,-0.02399414,-0.0415597
0.1661477,-0.02399413,0.04155939
0.1661479,1.912861E-07,-0.04798897
0.1661479,1.723452E-07,0.04798865
0.1661479,0.0239946,0.04155934
0.1661479,1.912861E-07,-0.04798897
0.1661479,0.02399459,-0.04155968
0.1661479,0.0239946,0.04155934
0.1661479,0.04155982,-0.02399449
0.1661477,0.04155983,0.02399414
0.1084709,0.2717901,-0.1569181
0.1084707,0.1709277,-0.09868509
0.1084709,0.1741468,-0.1309599
0.1084709,0.2300047,-0.1632095
0.1084709,0.1569179,-0.2717901
0.1084709,0.1632094,-0.2300047
0.1084709,0.098685,-0.1709276
0.1084709,0.1309598,-0.1741468
0.1084709,0.08533552,-0.200488
0.1084709,0.1175851,-0.2563459
0.1084709,0.02634112,-0.2162955
0.1084709,-6.972788E-08,-0.3138362
0.1084709,-4.457409E-08,-0.1973702
0.1084709,0.0263411,-0.2807947
0.1084709,-0.02634121,-0.2162955
0.1084709,-0.02634122,-0.2807947
0.1084707,-0.08533555,-0.200488
0.1084707,-0.09868502,-0.1709276
0.1084707,0.1709277,-0.09868509
0.1084709,0.098685,-0.1709276
0.1084709,0.1741468,-0.1309599
0.1084709,0.2717901,-0.1569181
0.1084709,0.3138362,-1.174468E-07
0.1084709,0.2807947,-0.02634128
0.1084709,0.2563459,-0.1175853
0.1084707,0.1709277,-0.09868509
0.1084707,0.200488,-0.08533563
0.1084707,0.1973702,-9.588643E-08
0.1084707,0.1709277,-0.09868509
0.1084707,0.2162955,-0.02634126
0.1084709,0.3138362,-1.174468E-07
0.1084709,0.2807947,-0.02634128
0.1084709,0.2807947,0.02634105
0.1084707,0.2162955,0.02634107
0.1084709,0.256346,0.117585
0.1084707,0.1709277,0.0986849
0.1084709,0.2717901,0.1569179
0.1084707,0.200488,0.08533543
0.1084709,0.2300048,0.1632093
0.1084709,0.1741468,0.1309597
0.1084709,0.09868505,0.1709275
0.1084709,0.1309598,0.1741466
0.1084709,0.156918,0.2717899
0.1084709,0.1632094,0.2300046
0.1084709,0.2717901,0.1569179
0.1084709,0.2300048,0.1632093
0.1084709,0.1175852,0.2563457
0.1084709,0.08533558,0.2004878
0.1084709,0.02634118,0.2807946
0.1084709,-9.089216E-09,0.1973701
0.1084709,2.504807E-08,0.3138361
0.1084709,0.02634116,0.2162954
0.1084709,2.504807E-08,0.3138361
0.1084707,-0.156918,0.27179
0.1084707,-0.1175851,0.2563458
0.1084709,-0.02634115,0.2807946
0.1084709,-9.089216E-09,0.1973701
0.1084709,-0.02634117,0.2162954
0.1084707,-0.156918,0.27179
0.1084707,-0.08533553,0.2004879
0.1084707,-0.1175851,0.2563458
0.1084707,-0.098685,0.1709275
0.1084709,-0.02634117,0.2162954
0.1084709,-9.089216E-09,0.1973701
0.1084707,-0.1632094,0.2300047
0.1084707,-0.2300046,0.1632094
0.1084707,-0.2717899,0.156918
0.1084707,-0.1309597,0.1741467
0.1084707,-0.1709274,0.09868505
0.1084707,-0.1741466,0.1309598
0.1084707,-0.1709274,0.09868505
0.1084707,-0.1741466,0.1309598
0.1084707,-0.2300046,0.1632094
0.1084707,-0.313836,-3.887817E-09
0.1084707,-0.2807945,0.02634116
0.1084707,-0.2563457,0.1175852
0.1084707,-0.1709274,0.09868505
0.1084707,-0.2004878,0.08533558
0.1084707,-0.1973701,-3.08383E-08
0.1084707,-0.2162953,0.02634114
0.1084707,-0.313836,-3.887817E-09
0.1084707,-0.2807945,0.02634116
0.1084707,-0.2807945,-0.02634118
0.1084707,-0.2563458,-0.1175852
0.1084707,-0.27179,-0.1569181
0.1084707,-0.2162953,-0.0263412
0.1084707,-0.1709275,-0.09868514
0.1084707,-0.2004878,-0.08533565
0.1084707,-0.27179,-0.1569181
0.1084707,-0.2004878,-0.08533565
0.1084707,-0.2563458,-0.1175852
0.1084707,-0.1709275,-0.09868514
0.1084707,-0.2300046,-0.1632095
0.1084707,-0.1741467,-0.1309599
0.1084707,-0.27179,-0.1569181
0.1084707,-0.1632094,-0.2300047
0.1084707,-0.2300046,-0.1632095
0.1084707,-0.156918,-0.27179
0.1084707,-0.1309598,-0.1741468
0.1084707,-0.09868502,-0.1709276
0.1084707,-0.1741467,-0.1309599
0.1084707,-0.1709275,-0.09868514
0.1084707,-0.1175852,-0.2563459
0.1084707,-0.08533555,-0.200488
0.1084707,-0.156918,-0.27179
0.1084709,-0.02634122,-0.2807947
0.1084709,-6.972788E-08,-0.3138362
0.1997457,-0.05129505,-0.02961555
0.1997457,-0.02961512,-0.05129549
0.1661477,-0.02399414,-0.0415597
0.1661479,-0.04155925,-0.02399457
0.1661479,1.912861E-07,-0.04798897
0.1997457,-0.05923046,-2.070291E-07
0.1997459,1.245115E-07,-0.05923089
0.1661479,-0.04798854,-1.602755E-07
0.1661479,0.02399459,-0.04155968
0.1997457,-0.05129503,0.02961517
0.1997457,0.02961546,-0.05129547
0.1661479,-0.04155924,0.02399427
0.1661479,0.04155982,-0.02399449
0.1997457,-0.02961511,0.0512951
0.1997457,0.05129553,-0.02961545
0.1661477,-0.02399413,0.04155939
0.1661479,0.04798908,-1.724996E-07
0.1997459,1.011335E-07,0.05923048
0.1997457,0.05923091,-2.221169E-07
0.1661479,1.723452E-07,0.04798865
0.1661477,0.04155983,0.02399414
0.1997457,0.02961547,0.05129503
0.1997457,0.05129554,0.029615
0.1661479,0.0239946,0.04155934
0.1461501,-0.07227261,0.1251799
0.1461501,-0.1251798,0.07227267
0.1997457,-0.104413,0.06028286
0.1997457,-0.06028281,0.1044131
0.1997457,-0.1205658,-1.97567E-07
0.1461504,-3.074689E-08,0.1445453
0.1461501,-0.1445453,-4.550682E-08
0.1997459,1.238425E-07,0.1205659
0.1997457,-0.104413,-0.06028324
0.1461501,0.07227265,0.1251799
0.1461501,-0.1251799,-0.07227275
0.1997457,0.06028315,0.104413
0.1997457,-0.06028283,-0.1044135
0.1461501,0.1251801,0.07227249
0.1461501,-0.07227263,-0.12518
0.1997457,0.1044135,0.06028271
0.1997459,1.159956E-07,-0.1205663
0.1461501,0.1445455,-8.855217E-08
0.1461504,-4.015438E-08,-0.1445454
0.1997457,0.1205663,-2.334714E-07
0.1997457,0.06028314,-0.1044135
0.1461501,0.1251801,-0.07227267
0.1461501,0.07227263,-0.12518
0.1997457,0.1044135,-0.06028318
0.220288,-0.3626136,-0.2093551
0.220288,-0.2093552,-0.3626138
0.220288,-0.1756828,-0.3042916
0.220288,-0.3042915,-0.1756829
0.220288,-6.058282E-08,-0.3513658
0.220288,-0.4187102,-9.453072E-09
0.220288,-6.598036E-08,-0.4187104
0.220288,-0.3513656,-1.098506E-08
0.220288,0.1756828,-0.3042916
0.220288,-0.3626137,0.2093552
0.220288,0.209355,-0.3626138
0.220288,-0.3042916,0.1756828
0.220288,0.3042916,-0.1756829
0.220288,-0.209355,0.3626136
0.220288,0.3626138,-0.2093553
0.220288,-0.1756828,0.3042915
0.220288,0.3513657,-1.248261E-07
0.220288,6.046663E-08,0.4187102
0.220288,0.4187103,-1.359E-07
0.220288,4.359374E-08,0.3513657
0.220288,0.3042916,0.1756828
0.220288,0.2093552,0.3626136
0.220288,0.3626138,0.209355
0.220288,0.1756828,0.3042915
0.2180216,-0.4554503,-0.2629542
0.2180216,-0.2629544,-0.45545
0.220288,-0.2093552,-0.3626138
0.220288,-0.3626136,-0.2093551
0.220288,-6.598036E-08,-0.4187104
0.2180216,-0.5259085,9.990291E-08
0.2180219,-1.667353E-07,-0.5259086
0.220288,-0.4187102,-9.453072E-09
0.220288,0.209355,-0.3626138
0.2180216,-0.4554501,0.2629544
0.2180219,0.2629541,-0.4554501
0.220288,-0.3626137,0.2093552
0.220288,0.3626138,-0.2093553
0.2180216,-0.2629543,0.4554502
0.2180219,0.4554501,-0.2629544
0.220288,-0.209355,0.3626136
0.220288,0.4187103,-1.359E-07
0.2180219,-7.915318E-09,0.5259086
0.2180219,0.5259085,-5.891706E-08
0.220288,6.046663E-08,0.4187102
0.220288,0.3626138,0.209355
0.2180219,0.2629542,0.4554501
0.2180219,0.4554502,0.2629543
0.220288,0.2093552,0.3626136
0.1812449,0.4884235,-0.2819915
0.2180219,0.2629541,-0.4554501
0.1812449,0.2819914,-0.4884236
0.2180219,0.4554501,-0.2629544
0.2180219,-1.667353E-07,-0.5259086
0.1812449,0.5639828,-6.466611E-08
0.1812446,-1.724844E-07,-0.563983
0.2180219,0.5259085,-5.891706E-08
0.2180216,-0.2629544,-0.45545
0.1812449,0.4884236,0.2819913
0.1812446,-0.2819916,-0.4884234
0.2180219,0.4554502,0.2629543
0.2180216,-0.4554503,-0.2629542
0.1812449,0.2819915,0.4884234
0.1812446,-0.4884236,-0.2819914
0.2180219,0.2629542,0.4554501
0.2180216,-0.5259085,9.990291E-08
0.1812446,-2.166235E-09,0.563983
0.1812446,-0.563983,1.05652E-07
0.2180219,-7.915318E-09,0.5259086
0.2180216,-0.4554501,0.2629544
0.1812446,-0.2819915,0.4884236
0.1812446,-0.4884235,0.2819915
0.2180216,-0.2629543,0.4554502
0.1812449,0.4884235,-0.2819915
-0.1882033,0.2819914,-0.4884236
-0.1882033,0.4884235,-0.2819915
0.1812449,0.2819914,-0.4884236
0.1812449,0.5639828,-6.466611E-08
-0.1882033,-1.724844E-07,-0.563983
-0.1882033,0.5639828,-6.466611E-08
0.1812446,-1.724844E-07,-0.563983
0.1812449,0.4884236,0.2819913
-0.1882033,-0.2819916,-0.4884234
-0.1882033,0.4884236,0.2819913
0.1812446,-0.2819916,-0.4884234
0.1812449,0.2819915,0.4884234
-0.1882033,-0.4884236,-0.2819914
-0.1882033,0.2819915,0.4884234
0.1812446,-0.4884236,-0.2819914
0.1812446,-2.166235E-09,0.563983
-0.1882033,-0.563983,1.05652E-07
-0.1882033,-2.166235E-09,0.563983
0.1812446,-0.563983,1.05652E-07
0.1812446,-0.2819915,0.4884236
-0.1882033,-0.4884235,0.2819915
-0.1882033,-0.2819915,0.4884236
0.1812446,-0.4884235,0.2819915
0.1084707,-0.1973701,-3.08383E-08
0.1084707,-0.1709275,-0.09868514
0.1461501,-0.1709275,-0.09868514
0.1461501,-0.1973701,-3.08383E-08
0.1461501,-0.09868503,-0.1709276
0.1084707,-0.1709274,0.09868505
0.1084707,-0.09868502,-0.1709276
0.1461501,-0.1709274,0.09868505
0.1461504,-4.830356E-08,-0.1973702
0.1084707,-0.098685,0.1709275
0.1084709,-4.457409E-08,-0.1973702
0.1461501,-0.09868501,0.1709275
0.1461501,0.098685,-0.1709276
0.1084709,-9.089216E-09,0.1973701
0.1084709,0.098685,-0.1709276
0.1461504,-1.281868E-08,0.1973701
0.1461501,0.1709277,-0.09868509
0.1084709,0.09868505,0.1709275
0.1084707,0.1709277,-0.09868509
0.1461501,0.09868504,0.1709275
0.1461501,0.1973702,-9.588643E-08
0.1084707,0.1709277,0.0986849
0.1084707,0.1973702,-9.588643E-08
0.1461501,0.1709277,0.0986849
-0.1882033,0.4884235,-0.2819915
-0.1882033,0.2819914,-0.4884236
-0.2249804,0.2629541,-0.4554501
-0.2249804,0.4554501,-0.2629544
-0.2249804,-1.667353E-07,-0.5259086
-0.1882033,0.5639828,-6.466611E-08
-0.1882033,-1.724844E-07,-0.563983
-0.2249804,0.5259085,-5.891706E-08
-0.2249804,-0.2629544,-0.45545
-0.1882033,0.4884236,0.2819913
-0.1882033,-0.2819916,-0.4884234
-0.2249804,0.4554502,0.2629543
-0.2249804,-0.4554503,-0.2629542
-0.1882033,0.2819915,0.4884234
-0.1882033,-0.4884236,-0.2819914
-0.2249804,0.2629542,0.4554501
-0.2249804,-0.5259085,9.990291E-08
-0.1882033,-2.166235E-09,0.563983
-0.1882033,-0.563983,1.05652E-07
-0.2249804,-7.915318E-09,0.5259086
-0.2249804,-0.4554501,0.2629544
-0.1882033,-0.2819915,0.4884236
-0.1882033,-0.4884235,0.2819915
-0.2249804,-0.2629543,0.4554502
463
0.02920883,0.5360883
0.02920879,0.5360883
0.0292088,0.5360883
0.1484376,0.5326324
0.1484376,0.5326324
0.1484376,0.5326324
0.1484376,0.5326324
0.1484376,0.5326324
0.1484376,0.5326324
0.1484376,0.5326324
0.1484376,0.5326324
0.1484376,0.5326324
0.1484376,0.5326324
0.1484376,0.5326324
0.1484376,0.5326324
0.1484375,0.5326324
0.1484375,0.5326324
0.1484375,0.5326324
0.1484376,0.5326324
0.1484376,0.5326323
0.1484375,0.5326324
0.1484375,0.5326324
0.1484376,0.5326325
0.1484376,0.5326323
0.1484376,0.5326324
0.1484376,0.5326324
0.1484375,0.5326324
0.1484376,0.5326324
0.1484376,0.5326324
0.1484376,0.5326324
0.1484376,0.5326324
0.1484376,0.5326324
0.1484376,0.5326324
0.1484376,0.5326324
0.1484376,0.5326325
0.1484376,0.5326324
0.1484375,0.5326324
0.1484375,0.5326324
0.1484376,0.5326324
0.1484376,0.5326324
0.1484376,0.5326324
0.1484375,0.5326324
0.1484376,0.5326324
0.1484376,0.5326324
0.1484376,0.5326324
0.1484375,0.5326324
0.1484375,0.5326324
0.1553494,0.5291764
0.1553493,0.5291765
0.1553493,0.5291765
0.1553493,0.5291764
0.1553493,0.5291765
0.1553493,0.5291765
0.1553493,0.5291765
0.1553493,0.5291765
0.1553493,0.5291765
0.1553494,0.5291765
0.1553493,0.5291765
0.1553493,0.5291765
0.1553494,0.5291765
0.1553493,0.5291765
0.1553493,0.5291765
0.1553493,0.5291765
0.1553493,0.5291764
0.1553494,0.5291765
0.1553493,0.5291765
0.1553493,0.5291765
0.1553494,0.5291765
0.1553493,0.5291764
0.1553494,0.5291765
0.1553493,0.5291765
0.1553493,0.5291764
0.1553494,0.5291765
0.1553494,0.5291764
0.1553494,0.5291764
0.1553494,0.5291764
0.1553494,0.5291764
0.1553494,0.5291764
0.1553494,0.5291764
0.1553494,0.5291764
0.1553493,0.5291764
0.1553494,0.5291764
0.1553494,0.5291764
0.1553493,0.5291764
0.1553494,0.5291764
0.1553493,0.5291764
0.1553494,0.5291764
0.1553494,0.5291763
0.1553493,0.5291764
0.1553493,0.5291764
0.1553493,0.5291763
0.1553494,0.5291763
0.1553494,0.5291764
0.1553493,0.5291764
0.1553493,0.5291764
0.02920879,0.5360883
0.0292088,0.5360883
0.02920882,0.5360883
0.0292088,0.5360883
0.02920876,0.5360883
0.02920883,0.5360883
0.02920877,0.5360882
0.02920879,0.5360882
0.0292088,0.5360882
0.02920879,0.5360882
0.0292088,0.5360883
0.02920882,0.5360883
0.02920882,0.5360883
0.0292088,0.5360883
0.02920882,0.5360883
0.02920879,0.5360883
0.0292088,0.5360882
0.02920882,0.5360883
0.0292088,0.5360882
0.0292088,0.5360882
0.0292088,0.5360882
0.02920882,0.5360882
0.0292088,0.5360882
0.02920882,0.5360882
0.0292088,0.5360882
0.02920879,0.5360882
0.02920879,0.5360882
0.0292088,0.5360882
0.02920879,0.5360882
0.0292088,0.5360882
0.02920879,0.5360882
0.02920885,0.5360883
0.02920879,0.5360882
0.02920883,0.5360883
0.02920883,0.5360883
0.0292088,0.5360883
0.02920879,0.5360883
0.02920882,0.5360883
0.0292088,0.5360883
0.02920882,0.5360883
0.02920879,0.5360882
0.02920882,0.5360883
0.02920882,0.5360883
0.0292088,0.5360882
0.02920882,0.5360883
0.0292088,0.5360882
0.0292088,0.5360882
0.0292088,0.5360882
0.0292088,0.5360882
0.0292088,0.5360882
0.0292088,0.5360882
0.0292088,0.5360882
0.0292088,0.5360882
0.02920879,0.5360882
0.02920879,0.5360882
0.02920879,0.5360882
0.0292088,0.5360882
0.0292088,0.5360882
0.0292088,0.5360882
0.0292088,0.5360882
0.02920882,0.5360883
0.02920879,0.5360882
0.02920882,0.5360883
0.02920879,0.5360882
0.02920879,0.5360882
0.02920885,0.5360883
0.02920879,0.5360882
0.02920883,0.5360883
0.0292088,0.5360883
0.02920876,0.5360883
0.02920879,0.5360883
0.02920878,0.5360883
0.02920876,0.5360883
0.02920873,0.5360883
0.02920874,0.5360883
0.02920876,0.5360883
0.02920876,0.5360883
0.02920876,0.5360883
0.02920874,0.5360883
0.02920878,0.5360882
0.02920883,0.5360882
0.02920877,0.5360882
0.02920881,0.5360882
0.02920878,0.5360882
0.02920882,0.5360882
0.0292088,0.5360882
0.0292088,0.5360882
0.02920879,0.5360883
0.02920876,0.5360883
0.02920878,0.5360883
0.02920876,0.5360883
0.02920882,0.5360883
0.0292088,0.5360883
0.02920877,0.5360883
0.02920879,0.5360883
0.02920879,0.5360883
0.0292088,0.5360883
0.02920879,0.5360883
0.0292088,0.5360883
0.02920882,0.5360883
0.0292088,0.5360883
0.02920881,0.5360883
0.0292088,0.5360883
0.02920878,0.5360883
0.0292088,0.5360883
0.02920877,0.5360883
0.0292088,0.5360883
0.02920878,0.5360882
0.0292088,0.5360883
0.02920879,0.5360883
0.02920879,0.5360883
0.02920883,0.5360883
0.02920882,0.5360883
0.02920877,0.5360883
0.02920878,0.5360882
0.02920882,0.5360883
0.0292088,0.5360883
0.0292088,0.5360882
0.02920882,0.5360883
0.02920879,0.5360882
0.02920881,0.5360883
0.02920879,0.5360882
0.02920882,0.5360882
0.02920881,0.5360883
0.02920879,0.5360882
0.02920882,0.5360883
0.02920881,0.5360882
0.02920882,0.5360882
0.02920881,0.5360882
0.02920881,0.5360883
0.0292088,0.5360882
0.02920881,0.5360882
0.02920882,0.5360883
0.02920881,0.5360882
0.02920882,0.5360882
0.02920882,0.5360882
0.0292088,0.5360882
0.02920882,0.5360882
0.02920881,0.5360882
0.02920882,0.5360882
0.02920881,0.5360882
0.02920882,0.5360882
0.02920877,0.5360882
0.02920879,0.5360882
0.02920881,0.5360882
0.02920882,0.5360882
0.02920882,0.5360882
0.02920882,0.5360882
0.02920881,0.5360882
0.02920877,0.5360882
0.02920879,0.5360882
0.02920878,0.5360882
0.02920881,0.5360882
0.02920882,0.5360882
0.02920881,0.5360882
0.02920879,0.5360882
0.02920879,0.5360882
0.02920882,0.5360882
0.02920879,0.5360882
0.02920881,0.5360882
0.02920879,0.5360882
0.02920881,0.5360881
0.02920879,0.5360881
0.02920882,0.5360882
0.0292088,0.5360882
0.02920881,0.5360881
0.0292088,0.5360882
0.0292088,0.5360882
0.0292088,0.5360882
0.02920879,0.5360881
0.02920879,0.5360882
0.0292088,0.5360881
0.0292088,0.5360882
0.0292088,0.5360882
0.02920882,0.5360882
0.02920883,0.5360882
0.0292088,0.5360882
0.0292088,0.5360882
0.0292088,0.5360882
0.0292088,0.5360882
0.02920879,0.5360882
0.0292088,0.5360882
0.02920879,0.5360882
0.0292088,0.5360882
0.02920885,0.5360883
0.0292088,0.5360882
0.02920885,0.5360883
0.0292088,0.5360882
0.02920883,0.5360883
0.02920882,0.5360883
0.02920883,0.5360883
0.02920882,0.5360883
0.02920879,0.5360883
0.02920882,0.5360883
0.02920879,0.5360883
0.02920882,0.5360883
0.0292088,0.5360883
0.02920879,0.5360882
0.0292088,0.5360883
0.02920879,0.5360882
0.0292088,0.5360882
0.0292088,0.5360882
0.0292088,0.5360882
0.0292088,0.5360882
0.0292088,0.5360882
0.0292088,0.5360882
0.0292088,0.5360882
0.0292088,0.5360882
0.0292088,0.5360882
0.02920882,0.5360883
0.0292088,0.5360882
0.02920882,0.5360883
0.02920879,0.5360882
0.02920882,0.5360883
0.02920879,0.5360882
0.02920882,0.5360883
0.02920879,0.5360882
0.02920882,0.5360883
0.02920879,0.5360882
0.02920882,0.5360883
0.02920883,0.5360883
0.0292088,0.5360883
0.02920883,0.5360883
0.0292088,0.5360883
0.02601945,0.5385847
0.02601945,0.5385847
0.02601945,0.5385847
0.02601945,0.5385847
0.02601945,0.5385847
0.02601945,0.5385847
0.02601945,0.5385847
0.02601945,0.5385847
0.02601945,0.5385847
0.02601945,0.5385847
0.02601945,0.5385847
0.02601945,0.5385847
0.02601945,0.5385847
0.02601945,0.5385847
0.02601945,0.5385847
0.02601945,0.5385848
0.02601945,0.5385847
0.02601945,0.5385847
0.02601945,0.5385847
0.02601945,0.5385847
0.02601945,0.5385847
0.02601945,0.5385847
0.02601945,0.5385847
0.02601945,0.5385847
0.1484376,0.5326324
0.1484376,0.5326324
0.1484376,0.5326324
0.1484376,0.5326324
0.1484375,0.5326324
0.1484376,0.5326324
0.1484376,0.5326324
0.1484376,0.5326324
0.1484375,0.5326324
0.1484376,0.5326324
0.1484376,0.5326324
0.1484375,0.5326324
0.1484375,0.5326324
0.1484376,0.5326324
0.1484376,0.5326324
0.1484376,0.5326324
0.1484376,0.5326324
0.1484376,0.5326324
0.1484376,0.5326324
0.1484376,0.5326324
0.1484376,0.5326324
0.1484376,0.5326324
0.1484376,0.5326324
0.1484376,0.5326324
0.1484376,0.5326324
0.1484376,0.5326324
0.1484376,0.5326324
0.1484376,0.5326324
0.1484376,0.5326324
0.1484376,0.5326324
0.1484376,0.5326324
0.1484376,0.5326324
0.1484376,0.5326324
0.1484376,0.5326324
0.1484376,0.5326324
0.1484376,0.5326324
0.1484376,0.5326324
0.1484376,0.5326324
0.1484376,0.5326324
0.1484376,0.5326324
0.1484376,0.5326324
0.1484376,0.5326324
0.1484376,0.5326324
0.1484376,0.5326324
0.1484376,0.5326324
0.1484376,0.5326324
0.1484376,0.5326324
0.1484376,0.5326324
0.1484376,0.5326324
0.1484376,0.5326324
0.1484376,0.5326324
0.1484376,0.5326324
0.1484376,0.5326324
0.1484376,0.5326324
0.1484376,0.5326324
0.1484376,0.5326324
0.1484376,0.5326324
0.1484376,0.5326324
0.1484376,0.5326324
0.1484376,0.5326324
0.1484376,0.5326324
0.1484376,0.5326324
0.1484376,0.5326324
0.1484376,0.5326324
0.1484376,0.5326324
0.1484376,0.5326324
0.1484376,0.5326324
0.1484376,0.5326324
0.1484376,0.5326324
0.1484376,0.5326324
0.1484376,0.5326324
0.1484376,0.5326324
0.1484376,0.5326324
0.1484375,0.5326323
0.1484375,0.5326323
0.1484376,0.5326324
0.1484375,0.5326323
0.1484376,0.5326324
0.1484375,0.5326323
0.1484376,0.5326324
0.1484375,0.5326324
0.1484375,0.5326324
0.1484375,0.5326324
0.1484375,0.5326324
0.1484375,0.5326324
0.1484376,0.5326324
0.1484375,0.5326324
0.1484376,0.5326324
0.1484375,0.5326325
0.1484375,0.5326324
0.1484375,0.5326325
0.1484375,0.5326324
0.1484375,0.5326324
0.1484375,0.5326324
0.1484375,0.5326324
0.1484375,0.5326324
0.1484376,0.5326324
0.1484376,0.5326324
0.1484376,0.5326324
0.1484376,0.5326324
0.1484376,0.5326324
0.1484376,0.5326324
0.1484376,0.5326324
0.1484376,0.5326324
0.1484376,0.5326324
0.1484376,0.5326324
0.1484376,0.5326324
0.1484376,0.5326324
0.1484376,0.5326324
0.1484376,0.5326324
0.1484376,0.5326324
0.1484376,0.5326324
0.1484376,0.5326324
0.1484376,0.5326324
0.1484376,0.5326324
0.1484376,0.5326324
0.1484376,0.5326324
0.1484376,0.5326324
0.1484376,0.5326324
0.1484376,0.5326324
1
1212
0
1
2
3
4
5
5
6
3
5
7
6
7
8
6
7
9
8
9
10
8
9
11
10
11
12
10
11
13
12
13
14
12
15
16
17
15
18
16
18
19
16
18
20
19
21
22
23
21
24
22
24
25
22
24
26
25
26
27
25
26
28
27
28
29
27
28
30
29
31
32
33
31
34
32
34
35
32
34
36
35
37
38
39
37
40
38
40
41
38
40
42
41
42
43
41
42
44
43
44
45
43
44
46
45
47
48
49
47
49
50
51
52
53
51
53
54
55
56
57
55
57
58
59
60
61
59
61
62
63
64
65
63
65
66
67
68
69
67
69
70
71
72
73
71
73
74
75
76
77
75
77
78
79
80
81
79
81
82
83
84
85
83
85
86
87
88
89
87
89
90
91
92
93
91
93
94
95
96
97
95
97
98
99
95
98
99
98
100
101
99
100
101
100
102
103
101
102
103
102
104
105
106
107
105
108
106
108
109
106
108
110
109
110
111
109
110
112
111
112
113
111
112
114
113
114
115
113
114
116
115
116
117
115
116
118
117
118
119
117
118
120
119
121
122
123
121
123
124
125
126
127
125
128
126
128
129
126
128
130
129
130
131
129
130
132
131
132
133
131
132
134
133
134
135
133
134
136
135
136
137
135
136
138
137
138
139
137
138
140
139
140
141
139
140
142
141
142
143
141
142
144
143
144
145
143
144
146
145
146
147
145
146
148
147
148
149
147
148
150
149
151
152
153
153
154
151
154
155
151
154
156
155
156
157
155
156
158
157
159
160
161
160
162
161
162
163
161
164
165
166
164
166
167
168
164
167
168
167
169
170
168
169
170
169
171
168
170
172
168
172
173
170
174
172
175
168
173
170
176
174
175
173
177
176
177
174
176
175
177
175
176
178
175
178
179
176
180
178
176
181
180
182
183
171
182
171
184
185
186
187
185
187
188
189
185
188
189
188
190
191
192
190
191
190
193
194
191
193
194
193
195
191
194
196
191
196
197
194
198
196
199
191
197
194
200
198
200
201
198
199
197
201
200
199
201
199
200
202
199
202
203
204
199
203
204
203
205
206
204
205
206
205
207
208
206
207
208
207
209
204
206
210
204
210
211
206
212
210
213
204
211
206
214
212
213
211
215
214
213
215
214
215
212
216
217
218
216
218
219
220
216
219
220
219
221
222
223
224
222
225
223
225
226
223
225
227
226
225
222
228
222
229
228
222
230
229
225
228
231
232
225
231
232
231
233
230
234
235
230
235
236
230
237
238
230
238
239
240
230
239
240
239
241
242
232
241
242
241
243
244
242
243
244
243
245
242
244
246
244
247
246
244
248
247
242
246
249
250
242
249
250
249
251
252
253
254
252
255
253
255
252
256
255
256
257
258
259
260
258
261
259
261
262
259
261
263
262
263
264
262
263
265
264
263
266
267
263
268
266
268
269
266
268
270
269
271
272
273
271
273
274
272
275
273
276
271
274
272
277
275
276
274
278
277
279
275
280
276
278
277
281
279
280
278
282
281
283
279
284
280
282
281
285
283
284
282
286
285
287
283
288
284
286
285
289
287
288
286
290
289
291
287
292
288
290
289
293
291
292
290
294
293
292
294
293
294
291
295
296
297
295
297
298
296
299
297
300
295
298
296
301
299
300
298
302
301
303
299
304
300
302
301
305
303
304
302
306
305
307
303
308
304
306
305
309
307
308
306
310
309
311
307
312
308
310
309
313
311
312
310
314
313
315
311
316
312
314
313
317
315
316
314
318
317
316
318
317
318
315
319
320
321
319
321
322
320
323
321
324
319
322
320
325
323
324
322
326
325
327
323
328
324
326
325
329
327
328
326
330
329
331
327
332
328
330
329
333
331
332
330
334
333
335
331
336
332
334
333
337
335
336
334
338
337
339
335
340
336
338
337
341
339
340
338
342
341
340
342
341
342
339
343
344
345
343
345
346
344
347
345
348
343
346
344
349
347
348
346
350
349
351
347
352
348
350
349
353
351
352
350
354
353
355
351
356
352
354
353
357
355
356
354
358
357
359
355
360
356
358
357
361
359
360
358
362
361
363
359
364
360
362
361
365
363
364
362
366
365
364
366
365
366
363
367
368
369
367
370
368
369
368
371
372
370
367
369
371
373
372
374
370
373
371
375
376
374
372
373
375
377
376
378
374
377
375
379
380
378
376
377
379
381
380
382
378
381
379
383
384
382
380
381
383
385
384
386
382
385
383
387
388
386
384
385
387
389
388
390
386
389
387
390
389
390
388
391
392
393
391
394
392
395
391
393
394
396
392
395
393
397
394
398
396
399
395
397
398
400
396
399
397
401
398
402
400
403
399
401
402
404
400
403
401
405
402
406
404
407
403
405
406
408
404
407
405
409
406
410
408
411
407
409
410
412
408
411
409
413
410
414
412
414
411
413
414
413
412
415
416
417
415
417
418
416
419
417
420
415
418
416
421
419
420
418
422
421
423
419
424
420
422
421
425
423
424
422
426
425
427
423
428
424
426
425
429
427
428
426
430
429
431
427
432
428
430
429
433
431
432
430
434
433
435
431
436
432
434
433
437
435
436
434
438
437
436
438
437
438
435
439
440
441
439
441
442
440
443
441
444
439
442
440
445
443
444
442
446
445
447
443
448
444
446
445
449
447
448
446
450
449
451
447
452
448
450
449
453
451
452
450
454
453
455
451
456
452
454
453
457
455
456
454
458
457
459
455
460
456
458
457
461
459
460
458
462
461
460
462
461
462
459
