MESH3
Monster Truck_12 FL Tire
646
-0.3148677,-0.1448663,0.3008202
-0.1558102,-0.1408589,0.292485
-0.1558102,-0.253818,0.2024032
-0.3148678,-0.2610401,0.2081747
0.3520849,0.2610402,-0.2081708
0.1321247,0.2080978,-0.1659506
0.1321247,0.1154856,-0.2398064
0.3520848,0.1448664,-0.3008163
-0.09255017,0.2865191,-0.5949615
-0.0925502,-6.085623E-08,-0.6603576
-0.3148677,-2.785945E-08,-0.5818964
-0.3148677,0.2524762,-0.5242704
-0.09255016,0.5162897,-0.4117258
-0.09255017,0.2865191,-0.5949615
-0.3148677,0.2524762,-0.5242704
-0.3148677,0.4549464,-0.3628059
-0.09255015,0.6438031,-0.146942
-0.09255016,0.5162897,-0.4117258
-0.3148677,0.4549464,-0.3628059
-0.3148677,0.567309,-0.1294827
-0.09255015,0.6438031,0.1469457
-0.09255015,0.6438031,-0.146942
-0.3148677,0.567309,-0.1294827
-0.3148677,0.567309,0.1294864
-0.09255016,0.51629,0.4117293
-0.09255015,0.6438031,0.1469457
-0.3148677,0.567309,0.1294864
-0.3148677,0.4549466,0.3628096
-0.09255017,0.2865194,0.5949655
-0.09255016,0.51629,0.4117293
-0.3148677,0.4549466,0.3628096
-0.3148677,0.2524765,0.5242743
-0.0925502,1.805479E-07,0.6603616
-0.09255017,0.2865194,0.5949655
-0.3148677,0.2524765,0.5242743
-0.3148677,1.84862E-07,0.5819004
-0.09255022,-0.2865191,0.5949655
-0.0925502,1.805479E-07,0.6603616
-0.3148677,1.84862E-07,0.5819004
-0.3148678,-0.2524761,0.5242743
-0.09255023,-0.5162897,0.4117296
-0.09255022,-0.2865191,0.5949655
-0.3148678,-0.2524761,0.5242743
-0.3148678,-0.4549463,0.3628097
-0.09255024,-0.6438031,0.1469459
-0.09255023,-0.5162897,0.4117296
-0.3148678,-0.4549463,0.3628097
-0.3148678,-0.5673089,0.1294866
-0.09255024,-0.6438031,-0.1469418
-0.09255024,-0.6438031,0.1469459
-0.3148678,-0.5673089,0.1294866
-0.3148678,-0.5673089,-0.1294825
-0.09255023,-0.51629,-0.4117255
-0.09255024,-0.6438031,-0.1469418
-0.3148678,-0.5673089,-0.1294825
-0.3148678,-0.4549466,-0.3628058
-0.09255022,-0.2865194,-0.5949615
-0.09255023,-0.51629,-0.4117255
-0.3148678,-0.4549466,-0.3628058
-0.3148678,-0.2524763,-0.5242704
-0.0925502,-6.085623E-08,-0.6603576
-0.09255022,-0.2865194,-0.5949615
-0.3148678,-0.2524763,-0.5242704
-0.3148677,-2.785945E-08,-0.5818964
0.3520848,-7.819818E-08,-0.5818964
0.3520848,-0.2524764,-0.5242704
0.1297673,-0.2865194,-0.5949615
0.1297673,-7.764073E-08,-0.6603576
0.1297673,-7.764073E-08,-0.6603576
0.1297673,-0.2865194,-0.5949615
-0.09255022,-0.2865194,-0.5949615
-0.0925502,-6.085623E-08,-0.6603576
0.3520848,-0.2524764,-0.5242704
0.3520848,-0.4549466,-0.3628058
0.1297673,-0.51629,-0.4117255
0.1297673,-0.2865194,-0.5949615
0.1297673,-0.2865194,-0.5949615
0.1297673,-0.51629,-0.4117255
-0.09255023,-0.51629,-0.4117255
-0.09255022,-0.2865194,-0.5949615
0.3520848,-0.4549466,-0.3628058
0.3520848,-0.567309,-0.1294825
0.1297673,-0.6438031,-0.1469418
0.1297673,-0.51629,-0.4117255
0.1297673,-0.51629,-0.4117255
0.1297673,-0.6438031,-0.1469418
-0.09255024,-0.6438031,-0.1469418
-0.09255023,-0.51629,-0.4117255
0.3520848,-0.567309,-0.1294825
0.3520848,-0.567309,0.1294866
0.1297673,-0.6438031,0.1469459
0.1297673,-0.6438031,-0.1469418
0.1297673,-0.6438031,-0.1469418
0.1297673,-0.6438031,0.1469459
-0.09255024,-0.6438031,0.1469459
-0.09255024,-0.6438031,-0.1469418
0.3520848,-0.567309,0.1294866
0.3520848,-0.4549464,0.3628097
0.1297673,-0.5162897,0.4117296
0.1297673,-0.6438031,0.1469459
0.1297673,-0.6438031,0.1469459
0.1297673,-0.5162897,0.4117296
-0.09255023,-0.5162897,0.4117296
-0.09255024,-0.6438031,0.1469459
0.3520848,-0.4549464,0.3628097
0.3520848,-0.2524761,0.5242743
0.1297673,-0.2865191,0.5949655
0.1297673,-0.5162897,0.4117296
0.1297673,-0.5162897,0.4117296
0.1297673,-0.2865191,0.5949655
-0.09255022,-0.2865191,0.5949655
-0.09255023,-0.5162897,0.4117296
0.3520848,-0.2524761,0.5242743
0.3520848,1.345233E-07,0.5819004
0.1297673,1.637634E-07,0.6603616
0.1297673,-0.2865191,0.5949655
0.1297673,-0.2865191,0.5949655
0.1297673,1.637634E-07,0.6603616
-0.0925502,1.805479E-07,0.6603616
-0.09255022,-0.2865191,0.5949655
0.3520848,1.345233E-07,0.5819004
0.3520849,0.2524764,0.5242743
0.1297673,0.2865194,0.5949655
0.1297673,1.637634E-07,0.6603616
0.1297673,1.637634E-07,0.6603616
0.1297673,0.2865194,0.5949655
-0.09255017,0.2865194,0.5949655
-0.0925502,1.805479E-07,0.6603616
0.3520849,0.2524764,0.5242743
0.3520849,0.4549466,0.3628096
0.1297674,0.51629,0.4117293
0.1297673,0.2865194,0.5949655
0.1297673,0.2865194,0.5949655
0.1297674,0.51629,0.4117293
-0.09255016,0.51629,0.4117293
-0.09255017,0.2865194,0.5949655
0.3520849,0.4549466,0.3628096
0.3520849,0.5673089,0.1294864
0.1297674,0.6438031,0.1469457
0.1297674,0.51629,0.4117293
0.1297674,0.51629,0.4117293
0.1297674,0.6438031,0.1469457
-0.09255015,0.6438031,0.1469457
-0.09255016,0.51629,0.4117293
0.3520849,0.5673089,0.1294864
0.3520849,0.5673089,-0.1294827
0.1297674,0.6438031,-0.146942
0.1297674,0.6438031,0.1469457
0.1297674,0.6438031,0.1469457
0.1297674,0.6438031,-0.146942
-0.09255015,0.6438031,-0.146942
-0.09255015,0.6438031,0.1469457
0.3520849,0.5673089,-0.1294827
0.3520849,0.4549463,-0.3628059
0.1297674,0.5162897,-0.4117258
0.1297674,0.6438031,-0.146942
0.1297674,0.6438031,-0.146942
0.1297674,0.5162897,-0.4117258
-0.09255016,0.5162897,-0.4117258
-0.09255015,0.6438031,-0.146942
0.3520849,0.4549463,-0.3628059
0.3520849,0.2524762,-0.5242704
0.1297673,0.2865191,-0.5949615
0.1297674,0.5162897,-0.4117258
0.1297674,0.5162897,-0.4117258
0.1297673,0.2865191,-0.5949615
-0.09255017,0.2865191,-0.5949615
-0.09255016,0.5162897,-0.4117258
0.3520849,0.2524762,-0.5242704
0.3520848,-7.819818E-08,-0.5818964
0.1297673,-7.764073E-08,-0.6603576
0.1297673,0.2865191,-0.5949615
0.1297673,0.2865191,-0.5949615
0.1297673,-7.764073E-08,-0.6603576
-0.0925502,-6.085623E-08,-0.6603576
-0.09255017,0.2865191,-0.5949615
-0.0285173,0.1981567,-0.04523421
-0.1918804,0.1981568,-0.04523421
-0.1918804,0.1981568,0.04522154
-0.0285173,0.1981567,0.04522154
0.1321247,-0.2080977,0.1659545
0.1321246,-0.2594937,0.05922976
0.1321246,-0.2594937,-0.05922575
0.1321247,-0.2080978,-0.1659506
0.1321247,-0.1154856,-0.2398063
0.1321247,-0.1154855,0.2398102
0.1321247,-1.661435E-08,-0.2661652
0.1321247,8.068695E-08,0.2661691
0.1321247,0.1154856,-0.2398064
0.1321247,0.1154856,0.2398102
0.1321247,0.2080978,-0.1659506
0.1321247,0.2080979,0.1659544
0.1321247,0.2594937,-0.05922585
0.1321247,0.2594937,0.05922968
-0.3148677,0.1448665,-0.3008163
-0.1558101,0.1408563,-0.292503
-0.1558101,0.2538153,-0.2024212
-0.3148677,0.2610402,-0.2081708
0.3520848,-0.1448663,0.3008202
0.1321247,-0.1154855,0.2398102
0.1321247,8.068695E-08,0.2661691
0.3520848,8.919047E-08,0.333885
0.3520848,0.1448664,-0.3008163
0.1321247,0.1154856,-0.2398064
0.1321247,-1.661435E-08,-0.2661652
0.3520848,-3.286535E-08,-0.3338811
-0.3148677,1.395292E-07,0.333885
-0.1558101,-1.242352E-06,0.3246348
-0.1558102,-0.1408589,0.292485
-0.3148677,-0.1448663,0.3008202
0.3520848,-3.286535E-08,-0.3338811
0.1321247,-1.661435E-08,-0.2661652
0.1321247,-0.1154856,-0.2398063
0.3520848,-0.1448664,-0.3008163
-0.3148677,1.747337E-08,-0.3338811
-0.1558101,-1.361031E-06,-0.3246529
-0.1558101,0.1408563,-0.292503
-0.3148677,0.1448665,-0.3008163
0.3520848,8.919047E-08,0.333885
0.1321247,8.068695E-08,0.2661691
0.1321247,0.1154856,0.2398102
0.3520848,0.1448665,0.3008201
-0.3148677,-0.1448664,-0.3008163
-0.1558102,-0.140859,-0.292503
-0.1558101,-1.361031E-06,-0.3246529
-0.3148677,1.747337E-08,-0.3338811
-0.3148677,0.1448666,0.3008201
-0.1558101,0.1408564,0.2924849
-0.1558101,-1.242352E-06,0.3246348
-0.3148677,1.395292E-07,0.333885
0.3520848,-0.1448664,-0.3008163
0.1321247,-0.1154856,-0.2398063
0.1321247,-0.2080978,-0.1659506
0.3520848,-0.2610403,-0.2081707
0.3520848,0.1448665,0.3008201
0.1321247,0.1154856,0.2398102
0.1321247,0.2080979,0.1659544
0.3520849,0.2610403,0.2081746
-0.3148678,-0.2610402,-0.2081707
-0.1558102,-0.2538181,-0.2024211
-0.1558102,-0.140859,-0.292503
-0.3148677,-0.1448664,-0.3008163
-0.3148677,0.2610404,0.2081746
-0.1558101,0.2538154,0.2024031
-0.1558101,0.1408564,0.2924849
-0.3148677,0.1448666,0.3008201
0.3520848,-0.2610403,-0.2081707
0.1321247,-0.2080978,-0.1659506
0.1321246,-0.2594937,-0.05922575
0.3520848,-0.3255118,-0.07429394
0.3520849,0.2610403,0.2081746
0.1321247,0.2080979,0.1659544
0.1321247,0.2594937,0.05922968
0.3520849,0.3255118,0.07429787
-0.3148678,-0.3255118,-0.07429394
-0.1558102,-0.3165056,-0.07224903
-0.1558102,-0.2538181,-0.2024211
-0.3148678,-0.2610402,-0.2081707
-0.3148677,0.3255119,0.07429787
-0.1558101,0.3165029,0.07223101
-0.1558101,0.2538154,0.2024031
-0.3148677,0.2610404,0.2081746
0.3520848,-0.3255118,-0.07429394
0.1321246,-0.2594937,-0.05922575
0.1321246,-0.2594937,0.05922976
0.3520848,-0.3255118,0.07429799
0.3520849,0.3255118,0.07429787
0.1321247,0.2594937,0.05922968
0.1321247,0.2594937,-0.05922585
0.3520849,0.3255118,-0.07429407
-0.3148678,-0.3255118,0.07429799
-0.1558102,-0.3165056,0.07223111
-0.1558102,-0.3165056,-0.07224903
-0.3148678,-0.3255118,-0.07429394
-0.3148677,0.3255119,-0.07429407
-0.1558101,0.3165029,-0.07224913
-0.1558101,0.3165029,0.07223101
-0.3148677,0.3255119,0.07429787
0.3520848,-0.3255118,0.07429799
0.1321246,-0.2594937,0.05922976
0.1321247,-0.2080977,0.1659545
0.3520848,-0.2610401,0.2081747
0.3520849,0.3255118,-0.07429407
0.1321247,0.2594937,-0.05922585
0.1321247,0.2080978,-0.1659506
0.3520849,0.2610402,-0.2081708
-0.3148678,-0.2610401,0.2081747
-0.1558102,-0.253818,0.2024032
-0.1558102,-0.3165056,0.07223111
-0.3148678,-0.3255118,0.07429799
-0.3148677,0.2610402,-0.2081708
-0.1558101,0.2538153,-0.2024212
-0.1558101,0.3165029,-0.07224913
-0.3148677,0.3255119,-0.07429407
0.3520848,-0.2610401,0.2081747
0.1321247,-0.2080977,0.1659545
0.1321247,-0.1154855,0.2398102
0.3520848,-0.1448663,0.3008202
-0.02851734,-0.1589084,0.1267194
-0.1558102,-0.253818,0.2024032
-0.1558102,-0.1408589,0.292485
-0.02851734,-0.08818725,0.1831177
-0.02851733,5.277527E-07,-0.2032585
-0.1558101,-1.361031E-06,-0.3246529
-0.1558102,-0.140859,-0.292503
-0.02851734,-0.08818728,-0.1831302
-0.0285173,0.08818838,-0.1831302
-0.1558101,0.1408563,-0.292503
-0.1558101,-1.361031E-06,-0.3246529
-0.02851733,5.277527E-07,-0.2032585
-0.0285173,0.1589094,-0.1267321
-0.1558101,0.2538153,-0.2024212
-0.1558101,0.1408563,-0.292503
-0.0285173,0.08818838,-0.1831302
-0.0285173,0.1981567,-0.04523421
-0.1558101,0.3165029,-0.07224913
-0.1558101,0.2538153,-0.2024212
-0.0285173,0.1589094,-0.1267321
-0.0285173,0.1981567,0.04522154
-0.1558101,0.3165029,0.07223101
-0.1558101,0.3165029,-0.07224913
-0.0285173,0.1981567,-0.04523421
-0.0285173,0.1589095,0.1267194
-0.1558101,0.2538154,0.2024031
-0.1558101,0.3165029,0.07223101
-0.0285173,0.1981567,0.04522154
-0.0285173,0.08818841,0.1831176
-0.1558101,0.1408564,0.2924849
-0.1558101,0.2538154,0.2024031
-0.0285173,0.1589095,0.1267194
-0.02851733,5.988162E-07,0.2032459
-0.1558101,-1.242352E-06,0.3246348
-0.1558101,0.1408564,0.2924849
-0.0285173,0.08818841,0.1831176
-0.02851734,-0.08818725,0.1831177
-0.1558102,-0.1408589,0.292485
-0.1558101,-1.242352E-06,0.3246348
-0.02851733,5.988162E-07,0.2032459
-0.02851734,-0.1981557,0.0452216
-0.1558102,-0.3165056,0.07223111
-0.1558102,-0.253818,0.2024032
-0.02851734,-0.1589084,0.1267194
-0.02851734,-0.1981557,-0.04523415
-0.1558102,-0.3165056,-0.07224903
-0.1558102,-0.3165056,0.07223111
-0.02851734,-0.1981557,0.0452216
-0.02851734,-0.1589084,-0.126732
-0.1558102,-0.2538181,-0.2024211
-0.1558102,-0.3165056,-0.07224903
-0.02851734,-0.1981557,-0.04523415
-0.02851734,-0.08818728,-0.1831302
-0.1558102,-0.140859,-0.292503
-0.1558102,-0.2538181,-0.2024211
-0.02851734,-0.1589084,-0.126732
-0.02851734,-0.1589084,0.1267194
-0.1918804,-0.1589083,0.1267194
-0.1918804,-0.1981557,0.0452216
-0.02851734,-0.1981557,0.0452216
-0.02851728,0.3777246,0.1316968
-0.1162545,0.3777246,0.1316968
-0.1162545,0.3384774,0.2131946
-0.02851728,0.3384774,0.2131946
-0.02851733,5.277527E-07,-0.2032585
-0.02851732,0.04435002,-0.3975668
-0.02851729,0.1325379,-0.3774385
-0.0285173,0.08818838,-0.1831302
-0.0285173,0.1589095,0.1267194
-0.02851728,0.3384774,0.2131946
-0.1162545,0.3384774,0.2131946
-0.1918804,0.1589095,0.1267194
-0.0285173,0.1589095,0.1267194
-0.1918804,0.1589095,0.1267194
-0.1918804,0.08818842,0.1831176
-0.0285173,0.08818841,0.1831176
-0.1918804,6.109419E-07,0.2032459
-0.1162545,0.04435021,0.3975542
-0.1162545,0.132538,0.3774259
-0.1918804,0.08818842,0.1831176
-0.2395917,-0.1206469,-0.09621947
-0.2395917,-0.1504443,-0.03434438
-0.2395917,-0.1504443,0.03433183
-0.2395917,-0.1206468,0.09620692
-0.2395917,-0.06695374,-0.1390383
-0.2395917,-0.06695371,0.1390257
-0.2395917,5.66706E-07,-0.1543202
-0.2395917,6.057008E-07,0.1543076
-0.2395917,0.06695487,-0.1390383
-0.2395917,6.057008E-07,0.1543076
-0.2395917,0.0669549,0.1390257
-0.2395917,0.06695487,-0.1390383
-0.2395917,0.120648,-0.09621949
-0.2395917,0.120648,0.09620686
-0.2395917,0.1504455,-0.03434443
-0.2395917,0.1504455,0.03433178
-0.1918804,0.1981568,0.04522154
-0.1162545,0.3777246,0.1316968
-0.02851728,0.3777246,0.1316968
-0.0285173,0.1981567,0.04522154
-0.02851734,-0.08818725,0.1831177
-0.02851735,-0.212452,0.3389408
-0.02851735,-0.2831731,0.2825426
-0.02851734,-0.1589084,0.1267194
-0.02851734,-0.08818728,-0.1831302
-0.1918804,-0.08818727,-0.1831302
-0.1918804,5.398784E-07,-0.2032585
-0.02851733,5.277527E-07,-0.2032585
-0.0285173,0.08818838,-0.1831302
-0.1918804,0.08818839,-0.1831302
-0.1918804,0.1589095,-0.1267321
-0.0285173,0.1589094,-0.1267321
-0.02851733,5.988162E-07,0.2032459
-0.1918804,6.109419E-07,0.2032459
-0.1918804,-0.08818724,0.1831177
-0.02851734,-0.08818725,0.1831177
-0.0285173,0.1981567,-0.04523421
-0.02851728,0.3777246,-0.1317095
-0.1162545,0.3777246,-0.1317095
-0.1918804,0.1981568,-0.04523421
-0.02851734,-0.1981557,-0.04523415
-0.1918804,-0.1981557,-0.04523415
-0.1918804,-0.1589084,-0.126732
-0.02851734,-0.1589084,-0.126732
-0.2395917,-0.1206468,0.09620692
-0.1918804,-0.1589083,0.1267194
-0.1918804,-0.08818724,0.1831177
-0.2395917,-0.06695371,0.1390257
-0.1918804,-0.08818727,-0.1831302
-0.2395917,-0.06695374,-0.1390383
-0.2395917,5.66706E-07,-0.1543202
-0.1918804,5.398784E-07,-0.2032585
-0.1918804,5.398784E-07,-0.2032585
-0.2395917,5.66706E-07,-0.1543202
-0.2395917,0.06695487,-0.1390383
-0.1918804,0.08818839,-0.1831302
-0.1918804,0.08818839,-0.1831302
-0.2395917,0.06695487,-0.1390383
-0.2395917,0.120648,-0.09621949
-0.1918804,0.1589095,-0.1267321
-0.1918804,0.1589095,-0.1267321
-0.2395917,0.120648,-0.09621949
-0.2395917,0.1504455,-0.03434443
-0.1918804,0.1981568,-0.04523421
-0.1918804,0.1981568,-0.04523421
-0.2395917,0.1504455,-0.03434443
-0.2395917,0.1504455,0.03433178
-0.1918804,0.1981568,0.04522154
-0.1918804,0.1981568,0.04522154
-0.2395917,0.1504455,0.03433178
-0.2395917,0.120648,0.09620686
-0.1918804,0.1589095,0.1267194
-0.1918804,0.1589095,0.1267194
-0.2395917,0.120648,0.09620686
-0.2395917,0.0669549,0.1390257
-0.1918804,0.08818842,0.1831176
-0.1918804,0.08818842,0.1831176
-0.2395917,0.0669549,0.1390257
-0.2395917,6.057008E-07,0.1543076
-0.1918804,6.109419E-07,0.2032459
-0.1918804,6.109419E-07,0.2032459
-0.2395917,6.057008E-07,0.1543076
-0.2395917,-0.06695371,0.1390257
-0.1918804,-0.08818724,0.1831177
-0.1918804,-0.1589083,0.1267194
-0.2395917,-0.1206468,0.09620692
-0.2395917,-0.1504443,0.03433183
-0.1918804,-0.1981557,0.0452216
-0.1918804,-0.1981557,0.0452216
-0.2395917,-0.1504443,0.03433183
-0.2395917,-0.1504443,-0.03434438
-0.1918804,-0.1981557,-0.04523415
-0.1918804,-0.1981557,-0.04523415
-0.2395917,-0.1504443,-0.03434438
-0.2395917,-0.1206469,-0.09621947
-0.1918804,-0.1589084,-0.126732
-0.1918804,-0.1589084,-0.126732
-0.2395917,-0.1206469,-0.09621947
-0.2395917,-0.06695374,-0.1390383
-0.1918804,-0.08818727,-0.1831302
-0.02851734,-0.1589084,-0.126732
-0.02851735,-0.2831732,-0.2825551
-0.02851735,-0.2124521,-0.3389533
-0.02851734,-0.08818728,-0.1831302
-0.02851732,0.04435002,-0.3975668
-0.1162545,0.04435003,-0.3975668
-0.1162545,0.1325379,-0.3774385
-0.02851729,0.1325379,-0.3774385
-0.02851729,0.132538,0.3774259
-0.1162545,0.132538,0.3774259
-0.1162545,0.04435021,0.3975542
-0.02851731,0.0443502,0.3975542
-0.02851736,-0.3974609,0.04522163
-0.1162545,-0.3974609,0.04522163
-0.1162545,-0.3974609,-0.04523413
-0.02851736,-0.3974609,-0.04523413
-0.02851735,-0.2831732,-0.2825551
-0.1162545,-0.2831732,-0.2825551
-0.1162545,-0.2124521,-0.3389533
-0.02851735,-0.2124521,-0.3389533
-0.02851728,0.3384772,-0.2132073
-0.1162545,0.3384772,-0.2132073
-0.1162545,0.3777246,-0.1317095
-0.02851728,0.3777246,-0.1317095
-0.02851735,-0.212452,0.3389408
-0.1162545,-0.212452,0.3389408
-0.1162545,-0.2831731,0.2825426
-0.02851735,-0.2831731,0.2825426
-0.1918804,-0.08818727,-0.1831302
-0.1162545,-0.2124521,-0.3389533
-0.1162545,-0.2831732,-0.2825551
-0.1918804,-0.1589084,-0.126732
-0.1918804,0.08818842,0.1831176
-0.1162545,0.132538,0.3774259
-0.02851729,0.132538,0.3774259
-0.0285173,0.08818841,0.1831176
-0.1918804,0.1981568,-0.04523421
-0.1162545,0.3777246,-0.1317095
-0.1162545,0.3384772,-0.2132073
-0.1918804,0.1589095,-0.1267321
-0.02851734,-0.1981557,-0.04523415
-0.02851736,-0.3974609,-0.04523413
-0.1162545,-0.3974609,-0.04523413
-0.1918804,-0.1981557,-0.04523415
-0.0285173,0.1589094,-0.1267321
-0.02851728,0.3384772,-0.2132073
-0.02851728,0.3777246,-0.1317095
-0.0285173,0.1981567,-0.04523421
-0.1918804,-0.08818724,0.1831177
-0.1162545,-0.212452,0.3389408
-0.02851735,-0.212452,0.3389408
-0.02851734,-0.08818725,0.1831177
-0.02851734,-0.1589084,0.1267194
-0.02851735,-0.2831731,0.2825426
-0.1162545,-0.2831731,0.2825426
-0.1918804,-0.1589083,0.1267194
-0.1918804,-0.1589083,0.1267194
-0.1162545,-0.2831731,0.2825426
-0.1162545,-0.212452,0.3389408
-0.1918804,-0.08818724,0.1831177
-0.0285173,0.1981567,0.04522154
-0.02851728,0.3777246,0.1316968
-0.02851728,0.3384774,0.2131946
-0.0285173,0.1589095,0.1267194
-0.1918804,-0.1981557,0.0452216
-0.1162545,-0.3974609,0.04522163
-0.02851736,-0.3974609,0.04522163
-0.02851734,-0.1981557,0.0452216
-0.02851733,5.988162E-07,0.2032459
-0.02851731,0.0443502,0.3975542
-0.1162545,0.04435021,0.3975542
-0.1918804,6.109419E-07,0.2032459
-0.0285173,0.08818841,0.1831176
-0.02851729,0.132538,0.3774259
-0.02851731,0.0443502,0.3975542
-0.02851733,5.988162E-07,0.2032459
-0.02851734,-0.08818728,-0.1831302
-0.02851735,-0.2124521,-0.3389533
-0.1162545,-0.2124521,-0.3389533
-0.1918804,-0.08818727,-0.1831302
-0.1918804,0.1589095,0.1267194
-0.1162545,0.3384774,0.2131946
-0.1162545,0.3777246,0.1316968
-0.1918804,0.1981568,0.04522154
-0.1918804,5.398784E-07,-0.2032585
-0.1162545,0.04435003,-0.3975668
-0.02851732,0.04435002,-0.3975668
-0.02851733,5.277527E-07,-0.2032585
-0.1918804,-0.1981557,-0.04523415
-0.1162545,-0.3974609,-0.04523413
-0.1162545,-0.3974609,0.04522163
-0.1918804,-0.1981557,0.0452216
-0.1918804,-0.1589084,-0.126732
-0.1162545,-0.2831732,-0.2825551
-0.02851735,-0.2831732,-0.2825551
-0.02851734,-0.1589084,-0.126732
-0.1918804,0.08818839,-0.1831302
-0.1162545,0.1325379,-0.3774385
-0.1162545,0.04435003,-0.3975668
-0.1918804,5.398784E-07,-0.2032585
-0.02851734,-0.1981557,0.0452216
-0.02851736,-0.3974609,0.04522163
-0.02851736,-0.3974609,-0.04523413
-0.02851734,-0.1981557,-0.04523415
-0.0285173,0.08818838,-0.1831302
-0.02851729,0.1325379,-0.3774385
-0.1162545,0.1325379,-0.3774385
-0.1918804,0.08818839,-0.1831302
-0.1918804,0.1589095,-0.1267321
-0.1162545,0.3384772,-0.2132073
-0.02851728,0.3384772,-0.2132073
-0.0285173,0.1589094,-0.1267321
-0.3148677,0.2610402,-0.2081708
-0.3148677,0.4549464,-0.3628059
-0.3148677,0.2524762,-0.5242704
-0.3148677,0.3255119,-0.07429407
-0.3148677,0.1448665,-0.3008163
-0.3148677,0.567309,-0.1294827
-0.3148677,-2.785945E-08,-0.5818964
-0.3148677,0.3255119,0.07429787
-0.3148677,1.747337E-08,-0.3338811
-0.3148677,0.567309,0.1294864
-0.3148678,-0.2524763,-0.5242704
-0.3148677,0.2610404,0.2081746
-0.3148677,-0.1448664,-0.3008163
-0.3148677,0.4549466,0.3628096
-0.3148678,-0.4549466,-0.3628058
-0.3148677,0.1448666,0.3008201
-0.3148678,-0.2610402,-0.2081707
-0.3148677,0.2524765,0.5242743
-0.3148678,-0.5673089,-0.1294825
-0.3148677,1.395292E-07,0.333885
-0.3148678,-0.3255118,-0.07429394
-0.3148677,1.84862E-07,0.5819004
-0.3148678,-0.5673089,0.1294866
-0.3148677,-0.1448663,0.3008202
-0.3148678,-0.3255118,0.07429799
-0.3148678,-0.2524761,0.5242743
-0.3148678,-0.4549463,0.3628097
-0.3148678,-0.2610401,0.2081747
0.3520848,0.1448664,-0.3008163
0.3520849,0.2524762,-0.5242704
0.3520849,0.4549463,-0.3628059
0.3520849,0.2610402,-0.2081708
0.3520848,-3.286535E-08,-0.3338811
0.3520849,0.5673089,-0.1294827
0.3520848,-7.819818E-08,-0.5818964
0.3520849,0.3255118,-0.07429407
0.3520848,-0.1448664,-0.3008163
0.3520849,0.5673089,0.1294864
0.3520848,-0.2524764,-0.5242704
0.3520849,0.3255118,0.07429787
0.3520848,-0.2610403,-0.2081707
0.3520849,0.4549466,0.3628096
0.3520848,-0.4549466,-0.3628058
0.3520849,0.2610403,0.2081746
0.3520848,-0.3255118,-0.07429394
0.3520849,0.2524764,0.5242743
0.3520848,-0.567309,-0.1294825
0.3520848,0.1448665,0.3008201
0.3520848,-0.3255118,0.07429799
0.3520848,1.345233E-07,0.5819004
0.3520848,-0.567309,0.1294866
0.3520848,8.919047E-08,0.333885
0.3520848,-0.2610401,0.2081747
0.3520848,-0.2524761,0.5242743
0.3520848,-0.4549464,0.3628097
0.3520848,-0.1448663,0.3008202
646
0.1017673,0.5321578
0.1017673,0.5321578
0.1017673,0.5321578
0.1017673,0.5321578
0.2851565,0.9774703
0.2851565,0.9774703
0.2851565,0.9774703
0.2851565,0.9774703
0.1554903,0.5296078
0.1554903,0.5296078
0.1554903,0.5296078
0.1554903,0.5296078
0.1554903,0.5296078
0.1554903,0.5296078
0.1554903,0.5296078
0.1554903,0.5296078
0.1554903,0.5296078
0.1554903,0.5296078
0.1554903,0.5296078
0.1554903,0.5296078
0.1554903,0.5296078
0.1554903,0.5296078
0.1554903,0.5296078
0.1554903,0.5296078
0.1554903,0.5296078
0.1554903,0.5296078
0.1554903,0.5296078
0.1554903,0.5296078
0.1554903,0.5296078
0.1554903,0.5296078
0.1554903,0.5296078
0.1554903,0.5296078
0.1554903,0.5296078
0.1554903,0.5296078
0.1554903,0.5296078
0.1554903,0.5296078
0.1554903,0.5296078
0.1554903,0.5296078
0.1554903,0.5296078
0.1554903,0.5296078
0.1554903,0.5296078
0.1554903,0.5296078
0.1554903,0.5296078
0.1554903,0.5296078
0.1554903,0.5296078
0.1554903,0.5296078
0.1554903,0.5296078
0.1554903,0.5296078
0.1554903,0.5296078
0.1554903,0.5296078
0.1554903,0.5296078
0.1554903,0.5296078
0.1554903,0.5296078
0.1554903,0.5296078
0.1554903,0.5296078
0.1554903,0.5296078
0.1554903,0.5296078
0.1554903,0.5296078
0.1554903,0.5296078
0.1554903,0.5296078
0.1554903,0.5296078
0.1554903,0.5296078
0.1554903,0.5296078
0.1554903,0.5296078
0.1554903,0.5296078
0.1554903,0.5296078
0.1554903,0.5296078
0.1554903,0.5296078
0.1554903,0.5296078
0.1554903,0.5296078
0.1554903,0.5296078
0.1554903,0.5296078
0.1554903,0.5296078
0.1554903,0.5296078
0.1554903,0.5296078
0.1554903,0.5296078
0.1554903,0.5296078
0.1554903,0.5296078
0.1554903,0.5296078
0.1554903,0.5296078
0.1554903,0.5296078
0.1554903,0.5296078
0.1554903,0.5296078
0.1554903,0.5296078
0.1554903,0.5296078
0.1554903,0.5296078
0.1554903,0.5296078
0.1554903,0.5296078
0.1554903,0.5296078
0.1554903,0.5296078
0.1554903,0.5296078
0.1554903,0.5296078
0.1554903,0.5296078
0.1554903,0.5296078
0.1554903,0.5296078
0.1554903,0.5296078
0.1554903,0.5296078
0.1554903,0.5296078
0.1554903,0.5296078
0.1554903,0.5296078
0.1554903,0.5296078
0.1554903,0.5296078
0.1554903,0.5296078
0.1554903,0.5296078
0.1554903,0.5296078
0.1554903,0.5296078
0.1554903,0.5296078
0.1554903,0.5296078
0.1554903,0.5296078
0.1554903,0.5296078
0.1554903,0.5296078
0.1554903,0.5296078
0.1554903,0.5296078
0.1554903,0.5296078
0.1554903,0.5296078
0.1554903,0.5296078
0.1554903,0.5296078
0.1554903,0.5296078
0.1554903,0.5296078
0.1554903,0.5296078
0.1554903,0.5296078
0.1554903,0.5296078
0.1554903,0.5296078
0.1554903,0.5296078
0.1554903,0.5296078
0.1554903,0.5296078
0.1554903,0.5296078
0.1554903,0.5296078
0.1554903,0.5296078
0.1554903,0.5296078
0.1554903,0.5296078
0.1554903,0.5296078
0.1554903,0.5296078
0.1554903,0.5296078
0.1554903,0.5296078
0.1554903,0.5296078
0.1554903,0.5296078
0.1554903,0.5296078
0.1554903,0.5296078
0.1554903,0.5296078
0.1554903,0.5296078
0.1554903,0.5296078
0.1554903,0.5296078
0.1554903,0.5296078
0.1554903,0.5296078
0.1554903,0.5296078
0.1554903,0.5296078
0.1554903,0.5296078
0.1554903,0.5296078
0.1554903,0.5296078
0.1554903,0.5296078
0.1554903,0.5296078
0.1554903,0.5296078
0.1554903,0.5296078
0.1554903,0.5296078
0.1554903,0.5296078
0.1554903,0.5296078
0.1554903,0.5296078
0.1554903,0.5296078
0.1554903,0.5296078
0.1554903,0.5296078
0.1554903,0.5296078
0.1554903,0.5296078
0.1554903,0.5296078
0.1554903,0.5296078
0.1554903,0.5296078
0.1554903,0.5296078
0.1554903,0.5296078
0.1554903,0.5296078
0.1554903,0.5296078
0.1554903,0.5296078
0.1554903,0.5296078
0.1554903,0.5296078
0.1554903,0.5296078
0.1554903,0.5296078
0.1554903,0.5296078
0.2851565,0.9774706
0.2851565,0.9774706
0.2851565,0.9774704
0.2851565,0.9774705
0.2851565,0.9774703
0.2851565,0.9774703
0.2851565,0.9774703
0.2851565,0.9774703
0.2851565,0.9774703
0.2851565,0.9774703
0.2851565,0.9774703
0.2851565,0.9774703
0.2851565,0.9774703
0.2851565,0.9774703
0.2851565,0.9774703
0.2851565,0.9774703
0.2851565,0.9774703
0.2851565,0.9774703
0.1017673,0.5321578
0.1017673,0.5321578
0.1017673,0.5321578
0.1017673,0.5321578
0.2851565,0.9774703
0.2851565,0.9774703
0.2851565,0.9774703
0.2851565,0.9774703
0.2851565,0.9774703
0.2851565,0.9774703
0.2851565,0.9774703
0.2851565,0.9774703
0.1017673,0.5321578
0.1017673,0.5321578
0.1017673,0.5321578
0.1017673,0.5321578
0.2851565,0.9774703
0.2851565,0.9774703
0.2851565,0.9774703
0.2851565,0.9774703
0.1017673,0.5321578
0.1017673,0.5321578
0.1017673,0.5321578
0.1017673,0.5321578
0.2851565,0.9774703
0.2851565,0.9774703
0.2851565,0.9774703
0.2851565,0.9774703
0.1017673,0.5321578
0.1017673,0.5321578
0.1017673,0.5321578
0.1017673,0.5321578
0.1017673,0.5321578
0.1017673,0.5321578
0.1017673,0.5321578
0.1017673,0.5321578
0.2851565,0.9774703
0.2851565,0.9774703
0.2851565,0.9774703
0.2851565,0.9774703
0.2851565,0.9774703
0.2851565,0.9774703
0.2851565,0.9774703
0.2851565,0.9774703
0.1017673,0.5321578
0.1017673,0.5321578
0.1017673,0.5321578
0.1017673,0.5321578
0.1017673,0.5321578
0.1017673,0.5321578
0.1017673,0.5321578
0.1017673,0.5321578
0.2851565,0.9774703
0.2851565,0.9774703
0.2851565,0.9774703
0.2851565,0.9774703
0.2851565,0.9774703
0.2851565,0.9774703
0.2851565,0.9774703
0.2851565,0.9774703
0.1017673,0.5321578
0.1017673,0.5321578
0.1017673,0.5321578
0.1017673,0.5321578
0.1017673,0.5321578
0.1017673,0.5321578
0.1017673,0.5321578
0.1017673,0.5321578
0.2851565,0.9774703
0.2851565,0.9774703
0.2851565,0.9774703
0.2851565,0.9774703
0.2851565,0.9774703
0.2851565,0.9774703
0.2851565,0.9774703
0.2851565,0.9774703
0.1017673,0.5321578
0.1017673,0.5321578
0.1017673,0.5321578
0.1017673,0.5321578
0.1017673,0.5321578
0.1017673,0.5321578
0.1017673,0.5321578
0.1017673,0.5321578
0.2851565,0.9774703
0.2851565,0.9774703
0.2851565,0.9774703
0.2851565,0.9774703
0.2851565,0.9774703
0.2851565,0.9774703
0.2851565,0.9774703
0.2851565,0.9774703
0.1017673,0.5321578
0.1017673,0.5321578
0.1017673,0.5321578
0.1017673,0.5321578
0.1017673,0.5321578
0.1017673,0.5321578
0.1017673,0.5321578
0.1017673,0.5321578
0.2851565,0.9774703
0.2851565,0.9774703
0.2851565,0.9774703
0.2851565,0.9774703
0.09649735,0.5347928
0.09649735,0.5347928
0.09649735,0.5347928
0.09649736,0.5347928
0.09649741,0.534793
0.09649735,0.5347928
0.09649735,0.5347928
0.09649738,0.534793
0.09649739,0.534793
0.09649735,0.5347928
0.09649735,0.5347928
0.09649741,0.534793
0.09649736,0.5347929
0.09649735,0.5347928
0.09649735,0.5347928
0.09649739,0.534793
0.09649736,0.534793
0.09649735,0.5347928
0.09649735,0.5347928
0.09649736,0.5347929
0.09649735,0.5347929
0.09649735,0.5347928
0.09649735,0.5347928
0.09649736,0.534793
0.09649736,0.5347929
0.09649735,0.5347928
0.09649735,0.5347928
0.09649735,0.5347929
0.09649736,0.5347928
0.09649735,0.5347928
0.09649735,0.5347928
0.09649736,0.5347929
0.09649738,0.5347929
0.09649735,0.5347928
0.09649735,0.5347928
0.09649736,0.5347928
0.09649736,0.5347928
0.09649735,0.5347928
0.09649735,0.5347928
0.09649738,0.5347929
0.09649736,0.5347928
0.09649735,0.5347928
0.09649735,0.5347928
0.09649735,0.5347928
0.09649733,0.5347928
0.09649735,0.5347928
0.09649735,0.5347928
0.09649736,0.5347928
0.09649736,0.5347929
0.09649735,0.5347928
0.09649735,0.5347928
0.09649733,0.5347928
0.09649738,0.534793
0.09649735,0.5347928
0.09649735,0.5347928
0.09649736,0.5347929
0.2851565,0.9774703
0.2851565,0.9774704
0.2851565,0.9774704
0.2851565,0.9774704
0.2851565,0.9774705
0.2851565,0.9774704
0.2851565,0.9774704
0.2851565,0.9774705
0.2851565,0.9774706
0.2851565,0.9774706
0.2851565,0.9774706
0.2851565,0.9774706
0.2851565,0.9774705
0.2851565,0.9774705
0.2851565,0.9774704
0.2851565,0.9774704
0.2851565,0.9774705
0.2851565,0.9774704
0.2851565,0.9774704
0.2851565,0.9774704
0.2851565,0.9774704
0.2851565,0.9774704
0.2851565,0.9774705
0.2851565,0.9774704
0.2851565,0.9774705
0.2851565,0.9774704
0.2851565,0.9774703
0.2851565,0.9774704
0.2851565,0.9774706
0.2851565,0.9774703
0.2851565,0.9774706
0.2851565,0.9774704
0.2851565,0.9774706
0.2851565,0.9774704
0.2851565,0.9774704
0.2851565,0.9774706
0.2851565,0.9774705
0.2851565,0.9774703
0.2851565,0.9774705
0.2851565,0.9774705
0.2851565,0.9774704
0.2851565,0.9774704
0.2851565,0.9774705
0.2851565,0.9774705
0.2851565,0.9774704
0.2851565,0.9774704
0.2851565,0.9774703
0.2851565,0.9774703
0.2851565,0.9774706
0.2851565,0.9774706
0.2851565,0.9774706
0.2851565,0.9774706
0.2851565,0.9774706
0.2851565,0.9774706
0.2851565,0.9774705
0.2851565,0.9774705
0.2851565,0.9774705
0.2851565,0.9774704
0.2851565,0.9774704
0.2851565,0.9774704
0.2851565,0.9774706
0.2851565,0.9774706
0.2851565,0.9774706
0.2851565,0.9774706
0.2851565,0.9774703
0.2851565,0.9774704
0.2851565,0.9774705
0.2851565,0.9774705
0.2851565,0.9774704
0.2851565,0.9774704
0.2851565,0.9774704
0.2851565,0.9774703
0.2851565,0.9774706
0.2851565,0.9774706
0.2851565,0.9774706
0.2851565,0.9774706
0.2851565,0.9774706
0.2851565,0.9774706
0.2851565,0.9774706
0.2851565,0.9774706
0.2851565,0.9774706
0.2851565,0.9774706
0.2851565,0.9774705
0.2851565,0.9774705
0.2851565,0.9774705
0.2851565,0.9774705
0.2851565,0.9774705
0.2851565,0.9774706
0.2851565,0.9774706
0.2851565,0.9774705
0.2851565,0.9774705
0.2851565,0.9774704
0.2851565,0.9774704
0.2851565,0.9774705
0.2851565,0.9774703
0.2851565,0.9774704
0.2851565,0.9774704
0.2851565,0.9774703
0.2851565,0.9774704
0.2851565,0.9774704
0.2851565,0.9774704
0.2851565,0.9774704
0.2851565,0.9774704
0.2851565,0.9774704
0.2851565,0.9774704
0.2851565,0.9774704
0.2851565,0.9774703
0.2851565,0.9774704
0.2851565,0.9774704
0.2851565,0.9774704
0.2851565,0.9774703
0.2851565,0.9774704
0.2851565,0.9774704
0.2851565,0.9774703
0.2851565,0.9774704
0.2851565,0.9774704
0.2851565,0.9774704
0.2851565,0.9774704
0.2851565,0.9774705
0.2851565,0.9774705
0.2851565,0.9774705
0.2851565,0.9774705
0.2851565,0.9774706
0.2851565,0.9774706
0.2851565,0.9774705
0.2851565,0.9774705
0.2851565,0.9774706
0.2851565,0.9774706
0.2851565,0.9774706
0.2851565,0.9774706
0.2851565,0.9774706
0.2851565,0.9774706
0.2851565,0.9774704
0.2851565,0.9774705
0.2851565,0.9774704
0.2851565,0.9774705
0.2851565,0.9774704
0.2851565,0.9774705
0.2851565,0.9774703
0.2851565,0.9774703
0.2851565,0.9774705
0.2851565,0.9774705
0.2851565,0.9774706
0.2851565,0.9774706
0.2851565,0.9774705
0.2851565,0.9774705
0.2851565,0.9774706
0.2851565,0.9774706
0.2851565,0.9774704
0.2851565,0.9774705
0.2851565,0.9774703
0.2851565,0.9774703
0.2851565,0.9774706
0.2851565,0.9774706
0.2851565,0.9774705
0.2851565,0.9774705
0.2851565,0.9774704
0.2851565,0.9774705
0.2851565,0.9774704
0.2851565,0.9774704
0.2851565,0.9774706
0.2851565,0.9774706
0.2851565,0.9774705
0.2851565,0.9774705
0.2851565,0.9774703
0.2851565,0.9774703
0.2851565,0.9774703
0.2851565,0.9774704
0.2851565,0.9774705
0.2851565,0.9774705
0.2851565,0.9774706
0.2851565,0.9774706
0.2851565,0.9774704
0.2851565,0.9774705
0.2851565,0.9774704
0.2851565,0.9774704
0.2851565,0.9774703
0.2851565,0.9774703
0.2851565,0.9774703
0.2851565,0.9774704
0.2851565,0.9774704
0.2851565,0.9774703
0.2851565,0.9774705
0.2851565,0.9774704
0.2851565,0.9774705
0.2851565,0.9774705
0.2851565,0.9774705
0.2851565,0.9774705
0.2851565,0.9774704
0.2851565,0.9774705
0.2851565,0.9774704
0.2851565,0.9774704
0.2851565,0.9774705
0.2851565,0.9774705
0.2851565,0.9774704
0.2851565,0.9774704
0.2851565,0.9774704
0.2851565,0.9774704
0.2851565,0.9774705
0.2851565,0.9774705
0.2851565,0.9774706
0.2851565,0.9774706
0.2851565,0.9774706
0.2851565,0.9774706
0.2851565,0.9774704
0.2851565,0.9774704
0.2851565,0.9774704
0.2851565,0.9774704
0.2851565,0.9774706
0.2851565,0.9774706
0.2851565,0.9774706
0.2851565,0.9774706
0.2851565,0.9774704
0.2851565,0.9774703
0.2851565,0.9774705
0.2851565,0.9774704
0.2851565,0.9774705
0.2851565,0.9774705
0.2851565,0.9774705
0.2851565,0.9774705
0.2851565,0.9774706
0.2851565,0.9774706
0.2851565,0.9774706
0.2851565,0.9774706
0.2851565,0.9774704
0.2851565,0.9774704
0.2851565,0.9774703
0.2851565,0.9774703
0.2851565,0.9774706
0.2851565,0.9774706
0.2851565,0.9774706
0.2851565,0.9774706
0.2851565,0.9774705
0.2851565,0.9774705
0.2851565,0.9774705
0.2851565,0.9774705
0.1554903,0.5296078
0.1554903,0.5296078
0.1554903,0.5296078
0.1554903,0.5296078
0.1554903,0.5296078
0.1554903,0.5296078
0.1554903,0.5296078
0.1554903,0.5296078
0.1554903,0.5296078
0.1554903,0.5296078
0.1554903,0.5296078
0.1554903,0.5296078
0.1554903,0.5296078
0.1554903,0.5296078
0.1554903,0.5296078
0.1554903,0.5296078
0.1554903,0.5296078
0.1554903,0.5296078
0.1554903,0.5296078
0.1554903,0.5296078
0.1554903,0.5296078
0.1554903,0.5296078
0.1554903,0.5296078
0.1554903,0.5296078
0.1554903,0.5296078
0.1554903,0.5296078
0.1554903,0.5296078
0.1554903,0.5296078
0.1554903,0.5296078
0.1554903,0.5296078
0.1554903,0.5296078
0.1554903,0.5296078
0.1554903,0.5296078
0.1554903,0.5296078
0.1554903,0.5296078
0.1554903,0.5296078
0.1554903,0.5296078
0.1554903,0.5296078
0.1554903,0.5296078
0.1554903,0.5296078
0.1554903,0.5296078
0.1554903,0.5296078
0.1554903,0.5296078
0.1554903,0.5296078
0.1554903,0.5296078
0.1554903,0.5296078
0.1554903,0.5296078
0.1554903,0.5296078
0.1554903,0.5296078
0.1554903,0.5296078
0.1554903,0.5296078
0.1554903,0.5296078
0.1554903,0.5296078
0.1554903,0.5296078
0.1554903,0.5296078
0.1554903,0.5296078
1
1080
0
1
2
0
2
3
4
5
6
4
6
7
8
9
10
8
10
11
12
13
14
12
14
15
16
17
18
16
18
19
20
21
22
20
22
23
24
25
26
24
26
27
28
29
30
28
30
31
32
33
34
32
34
35
36
37
38
36
38
39
40
41
42
40
42
43
44
45
46
44
46
47
48
49
50
48
50
51
52
53
54
52
54
55
56
57
58
56
58
59
60
61
62
60
62
63
64
65
66
64
66
67
68
69
70
68
70
71
72
73
74
72
74
75
76
77
78
76
78
79
80
81
82
80
82
83
84
85
86
84
86
87
88
89
90
88
90
91
92
93
94
92
94
95
96
97
98
96
98
99
100
101
102
100
102
103
104
105
106
104
106
107
108
109
110
108
110
111
112
113
114
112
114
115
116
117
118
116
118
119
120
121
122
120
122
123
124
125
126
124
126
127
128
129
130
128
130
131
132
133
134
132
134
135
136
137
138
136
138
139
140
141
142
140
142
143
144
145
146
144
146
147
148
149
150
148
150
151
152
153
154
152
154
155
156
157
158
156
158
159
160
161
162
160
162
163
164
165
166
164
166
167
168
169
170
168
170
171
172
173
174
172
174
175
176
177
178
176
178
179
180
181
182
182
183
180
183
184
180
184
185
180
184
186
185
186
187
185
186
188
187
188
189
187
188
190
189
190
191
189
190
192
191
192
193
191
194
195
196
194
196
197
198
199
200
198
200
201
202
203
204
202
204
205
206
207
208
206
208
209
210
211
212
210
212
213
214
215
216
214
216
217
218
219
220
218
220
221
222
223
224
222
224
225
226
227
228
226
228
229
230
231
232
230
232
233
234
235
236
234
236
237
238
239
240
238
240
241
242
243
244
242
244
245
246
247
248
246
248
249
250
251
252
250
252
253
254
255
256
254
256
257
258
259
260
258
260
261
262
263
264
262
264
265
266
267
268
266
268
269
270
271
272
270
272
273
274
275
276
274
276
277
278
279
280
278
280
281
282
283
284
282
284
285
286
287
288
286
288
289
290
291
292
290
292
293
294
295
296
294
296
297
298
299
300
298
300
301
302
303
304
302
304
305
306
307
308
306
308
309
310
311
312
310
312
313
314
315
316
314
316
317
318
319
320
318
320
321
322
323
324
322
324
325
326
327
328
326
328
329
330
331
332
330
332
333
334
335
336
334
336
337
338
339
340
338
340
341
342
343
344
342
344
345
346
347
348
346
348
349
350
351
352
350
352
353
354
355
356
354
356
357
358
359
360
358
360
361
362
363
364
362
364
365
366
367
368
366
368
369
370
371
372
370
372
373
374
375
376
374
376
377
378
379
380
380
381
378
381
382
378
381
383
382
383
384
382
383
385
384
385
386
384
387
388
389
388
390
389
388
391
390
391
392
390
391
393
392
394
395
396
394
396
397
398
399
400
398
400
401
402
403
404
402
404
405
406
407
408
406
408
409
410
411
412
410
412
413
414
415
416
414
416
417
418
419
420
418
420
421
422
423
424
422
424
425
426
427
428
426
428
429
430
431
432
430
432
433
434
435
436
434
436
437
438
439
440
438
440
441
442
443
444
442
444
445
446
447
448
446
448
449
450
451
452
450
452
453
454
455
456
454
456
457
458
459
460
458
460
461
462
463
464
462
464
465
466
467
468
466
468
469
470
471
472
470
472
473
474
475
476
474
476
477
478
479
480
478
480
481
482
483
484
482
484
485
486
487
488
486
488
489
490
491
492
490
492
493
494
495
496
494
496
497
498
499
500
498
500
501
502
503
504
502
504
505
506
507
508
506
508
509
510
511
512
510
512
513
514
515
516
514
516
517
518
519
520
518
520
521
522
523
524
522
524
525
526
527
528
526
528
529
530
531
532
530
532
533
534
535
536
534
536
537
538
539
540
538
540
541
542
543
544
542
544
545
546
547
548
546
548
549
550
551
552
550
552
553
554
555
556
554
556
557
558
559
560
558
560
561
562
563
564
562
564
565
566
567
568
566
568
569
570
571
572
570
572
573
574
575
576
574
576
577
578
579
580
578
580
581
582
583
584
582
584
585
586
587
588
586
588
589
590
591
592
593
591
590
590
592
594
593
595
591
594
592
596
597
595
593
594
596
598
597
599
595
598
596
600
601
599
597
598
600
602
601
603
599
602
600
604
605
603
601
602
604
606
605
607
603
606
604
608
609
607
605
606
608
610
609
611
607
610
608
612
613
611
609
610
612
614
613
615
611
614
612
616
617
615
613
614
616
617
617
616
615
618
619
620
618
620
621
622
619
618
621
620
623
622
624
619
621
623
625
626
624
622
625
623
627
626
628
624
625
627
629
630
628
626
629
627
631
630
632
628
629
631
633
634
632
630
633
631
635
634
636
632
633
635
637
638
636
634
637
635
639
638
640
636
637
639
641
642
640
638
641
639
643
642
644
640
641
643
645
645
644
642
645
643
644
