MESH3
Monster Truck_12 BR Tire
650
0.2395919,0.06695485,-0.1390257
0.2395919,0.120648,-0.09620697
0.2395919,0.06695492,0.1390381
-0.3520849,7.425253E-08,0.333881
-0.1321248,7.005389E-08,0.2661651
-0.1321246,-0.1154855,0.2398064
-0.3520849,-0.1448663,0.3008161
-0.3520849,0.1448665,0.3008161
-0.1321248,0.1154856,0.2398064
-0.1321248,7.005389E-08,0.2661651
-0.3520849,7.425253E-08,0.333881
-0.1321246,-0.2080978,-0.1659545
-0.1321246,-0.2594937,-0.05922965
-0.1321246,-0.2594937,0.05922569
-0.1321246,-0.2080978,0.1659505
-0.1321246,-0.1154856,-0.2398104
-0.1321246,-0.1154855,0.2398064
-0.1321248,6.59474E-09,-0.2661691
-0.1321248,7.005389E-08,0.2661651
-0.1321248,0.1154856,-0.2398104
-0.1321248,0.1154856,0.2398064
-0.1321248,0.2080979,-0.1659544
-0.1321248,0.2080979,0.1659505
-0.1321248,0.2594937,-0.05922972
-0.1321248,0.2594937,0.05922562
-0.3520849,0.2610403,0.2081707
-0.1321248,0.2080979,0.1659505
-0.1321248,0.1154856,0.2398064
-0.3520849,0.1448665,0.3008161
-0.3520849,0.3255118,0.07429396
-0.1321248,0.2594937,0.05922562
-0.1321248,0.2080979,0.1659505
-0.3520849,0.2610403,0.2081707
-0.3520849,0.3255118,-0.07429809
-0.1321248,0.2594937,-0.05922972
-0.1321248,0.2594937,0.05922562
-0.3520849,0.3255118,0.07429396
-0.3520849,0.567309,0.1294825
-0.3520849,0.4549465,0.3628056
-0.1297673,0.5162899,0.4117255
-0.1297673,0.6438031,0.1469418
-0.3520849,0.567309,-0.1294867
-0.3520849,0.567309,0.1294825
-0.1297673,0.6438031,0.1469418
-0.1297673,0.6438031,-0.1469458
-0.3520849,0.4549465,0.3628056
-0.3520849,0.2524764,0.5242704
-0.1297673,0.2865194,0.5949614
-0.1297673,0.5162899,0.4117255
-0.3520849,0.2524764,0.5242704
-0.3520849,1.038183E-07,0.5818962
-0.1297673,1.280703E-07,0.6603575
-0.1297673,0.2865194,0.5949614
-0.1297673,0.5162899,0.4117255
-0.1297673,0.2865194,0.5949614
0.09255027,0.2865194,0.5949614
0.09255027,0.5162899,0.4117255
-0.1297673,0.2865194,0.5949614
-0.1297673,1.280703E-07,0.6603575
0.09255027,1.448548E-07,0.6603575
0.09255027,0.2865194,0.5949614
-0.3520849,1.038183E-07,0.5818962
-0.3520849,-0.2524761,0.5242704
-0.1297673,-0.2865192,0.5949614
-0.1297673,1.280703E-07,0.6603575
-0.1297673,1.280703E-07,0.6603575
-0.1297673,-0.2865192,0.5949614
0.09255027,-0.2865192,0.5949614
0.09255027,1.448548E-07,0.6603575
0.09255027,1.448548E-07,0.6603575
0.09255027,-0.2865192,0.5949614
0.3148679,-0.2524761,0.5242704
0.3148679,1.54157E-07,0.5818962
0.09255027,0.2865194,0.5949614
0.09255027,1.448548E-07,0.6603575
0.3148679,1.54157E-07,0.5818962
0.3148677,0.2524764,0.5242704
0.09255027,-0.2865192,0.5949614
0.09255027,-0.5162898,0.4117255
0.3148679,-0.4549463,0.3628057
0.3148679,-0.2524761,0.5242704
-0.1297673,-0.2865192,0.5949614
-0.1297673,-0.5162898,0.4117255
0.09255027,-0.5162898,0.4117255
0.09255027,-0.2865192,0.5949614
0.09255027,-0.5162898,0.4117255
0.09255027,-0.643803,0.1469418
0.3148679,-0.5673088,0.1294827
0.3148679,-0.4549463,0.3628057
-0.1297673,-0.5162898,0.4117255
-0.1297673,-0.643803,0.1469418
0.09255027,-0.643803,0.1469418
0.09255027,-0.5162898,0.4117255
-0.3520849,-0.2524761,0.5242704
-0.3520849,-0.4549464,0.3628057
-0.1297673,-0.5162898,0.4117255
-0.1297673,-0.2865192,0.5949614
-0.3520849,-0.4549464,0.3628057
-0.3520847,-0.567309,0.1294827
-0.1297673,-0.643803,0.1469418
-0.1297673,-0.5162898,0.4117255
-0.3520847,-0.567309,0.1294827
-0.3520847,-0.567309,-0.1294865
-0.1297673,-0.643803,-0.1469456
-0.1297673,-0.643803,0.1469418
-0.1297673,-0.643803,0.1469418
-0.1297673,-0.643803,-0.1469456
0.09255027,-0.643803,-0.1469456
0.09255027,-0.643803,0.1469418
-0.3520847,-0.567309,-0.1294865
-0.3520849,-0.4549465,-0.3628095
-0.1297673,-0.5162899,-0.4117294
-0.1297673,-0.643803,-0.1469456
-0.1297673,-0.643803,-0.1469456
-0.1297673,-0.5162899,-0.4117294
0.09255027,-0.5162899,-0.4117294
0.09255027,-0.643803,-0.1469456
-0.3520849,-0.4549465,-0.3628095
-0.3520849,-0.2524763,-0.5242743
-0.1297673,-0.2865193,-0.5949655
-0.1297673,-0.5162899,-0.4117294
-0.1297673,-0.5162899,-0.4117294
-0.1297673,-0.2865193,-0.5949655
0.09255027,-0.2865193,-0.5949655
0.09255027,-0.5162899,-0.4117294
-0.3520849,-0.2524763,-0.5242743
-0.3520849,-3.491711E-08,-0.5819004
-0.1297673,-2.937164E-08,-0.6603615
-0.1297673,-0.2865193,-0.5949655
-0.1297673,-0.2865193,-0.5949655
-0.1297673,-2.937164E-08,-0.6603615
0.09255027,-1.258713E-08,-0.6603615
0.09255027,-0.2865193,-0.5949655
-0.3520849,-3.491711E-08,-0.5819004
-0.3520849,0.2524762,-0.5242743
-0.1297673,0.2865192,-0.5949655
-0.1297673,-2.937164E-08,-0.6603615
-0.1297673,-2.937164E-08,-0.6603615
-0.1297673,0.2865192,-0.5949655
0.09255027,0.2865192,-0.5949655
0.09255027,-1.258713E-08,-0.6603615
-0.3520849,0.2524762,-0.5242743
-0.3520849,0.4549464,-0.3628096
-0.1297673,0.5162899,-0.4117296
-0.1297673,0.2865192,-0.5949655
-0.1297673,0.2865192,-0.5949655
-0.1297673,0.5162899,-0.4117296
0.09255027,0.5162899,-0.4117296
0.09255027,0.2865192,-0.5949655
-0.3520849,0.4549464,-0.3628096
-0.3520849,0.567309,-0.1294867
-0.1297673,0.6438031,-0.1469458
-0.1297673,0.5162899,-0.4117296
-0.1297673,0.5162899,-0.4117296
-0.1297673,0.6438031,-0.1469458
0.09255027,0.6438031,-0.1469458
0.09255027,0.5162899,-0.4117296
-0.1297673,0.6438031,-0.1469458
-0.1297673,0.6438031,0.1469418
0.09255027,0.6438031,0.1469418
0.09255027,0.6438031,-0.1469458
0.09255027,0.5162899,-0.4117296
0.09255027,0.6438031,-0.1469458
0.3148677,0.5673091,-0.1294867
0.3148677,0.4549465,-0.3628096
0.09255027,0.6438031,-0.1469458
0.09255027,0.6438031,0.1469418
0.3148677,0.5673091,0.1294825
0.3148677,0.5673091,-0.1294867
0.09255027,0.6438031,0.1469418
0.09255027,0.5162899,0.4117255
0.3148677,0.4549466,0.3628056
0.3148677,0.5673091,0.1294825
-0.1297673,0.6438031,0.1469418
-0.1297673,0.5162899,0.4117255
0.09255027,0.5162899,0.4117255
0.09255027,0.6438031,0.1469418
0.09255027,0.5162899,0.4117255
0.09255027,0.2865194,0.5949614
0.3148677,0.2524764,0.5242704
0.3148677,0.4549466,0.3628056
0.3148677,0.2610403,0.2081707
0.1558101,0.2538154,0.202421
0.1558101,0.3165029,0.07224914
0.3148677,0.3255119,0.07429396
0.3148679,0.1448666,0.3008161
0.1558101,0.1408564,0.2925029
0.1558101,0.2538154,0.202421
0.3148677,0.2610403,0.2081707
0.02851732,0.1589095,0.1267321
0.1558101,0.2538154,0.202421
0.1558101,0.1408564,0.2925029
0.02851732,0.08818842,0.18313
0.02851732,0.1981568,0.04523408
0.1558101,0.3165029,0.07224914
0.1558101,0.2538154,0.202421
0.02851732,0.1589095,0.1267321
0.02851732,0.08818842,0.18313
0.1918805,0.08818844,0.18313
0.1918805,0.1589095,0.1267321
0.02851732,0.1589095,0.1267321
0.02851732,0.1589095,0.1267321
0.02851732,0.3384773,0.2132072
0.02851732,0.3777246,0.1317093
0.02851732,0.1981568,0.04523408
0.1918805,0.1589095,0.1267321
0.1162545,0.3384773,0.2132072
0.02851732,0.3384773,0.2132072
0.02851732,0.1589095,0.1267321
0.02851732,0.3384773,0.2132072
0.1162545,0.3384773,0.2132072
0.1162545,0.3777246,0.1317093
0.02851732,0.3777246,0.1317093
0.02851732,0.1981568,0.04523408
0.02851732,0.3777246,0.1317093
0.1162545,0.3777246,0.1317093
0.1918805,0.1981568,0.04523408
0.1918805,0.1981568,0.04523408
0.1162545,0.3777246,0.1317093
0.1162545,0.3384773,0.2132072
0.1918805,0.1589095,0.1267321
0.1918805,0.1589095,0.1267321
0.2395919,0.120648,0.09621935
0.2395919,0.1504455,0.03434429
0.1918805,0.1981568,0.04523408
0.1918805,0.1981568,0.04523408
0.2395919,0.1504455,0.03434429
0.2395919,0.1504455,-0.03433194
0.1918805,0.1981568,-0.04522154
0.02851732,0.1981568,0.04523408
0.1918805,0.1981568,0.04523408
0.1918805,0.1981568,-0.04522154
0.02851732,0.1981568,-0.04522154
0.1918805,0.1981568,-0.04522154
0.2395919,0.1504455,-0.03433194
0.2395919,0.120648,-0.09620697
0.1918805,0.1589095,-0.1267195
0.1918805,0.1589095,-0.1267195
0.1162545,0.3384773,-0.2131947
0.1162545,0.3777246,-0.131697
0.1918805,0.1981568,-0.04522154
0.1918805,0.1981568,-0.04522154
0.1162545,0.3777246,-0.131697
0.02851732,0.3777246,-0.131697
0.02851732,0.1981568,-0.04522154
0.02851732,0.3777246,-0.131697
0.1162545,0.3777246,-0.131697
0.1162545,0.3384773,-0.2131947
0.02851732,0.3384773,-0.2131947
0.02851732,0.1589095,-0.1267195
0.02851732,0.3384773,-0.2131947
0.1162545,0.3384773,-0.2131947
0.1918805,0.1589095,-0.1267195
0.02851732,0.1981568,-0.04522154
0.02851732,0.3777246,-0.131697
0.02851732,0.3384773,-0.2131947
0.02851732,0.1589095,-0.1267195
0.02851732,0.1589095,-0.1267195
0.1558101,0.2538154,-0.2024032
0.1558101,0.3165029,-0.07223114
0.02851732,0.1981568,-0.04522154
0.02851732,0.1589095,-0.1267195
0.1918805,0.1589095,-0.1267195
0.1918805,0.08818837,-0.1831177
0.02851732,0.08818837,-0.1831177
0.02851732,0.08818837,-0.1831177
0.1558101,0.1408563,-0.292485
0.1558101,0.2538154,-0.2024032
0.02851732,0.1589095,-0.1267195
0.3148677,0.3255119,-0.07429809
0.1558101,0.3165029,-0.07223114
0.1558101,0.2538154,-0.2024032
0.3148677,0.2610403,-0.2081748
0.3148677,0.2610403,-0.2081748
0.1558101,0.2538154,-0.2024032
0.1558101,0.1408563,-0.292485
0.3148679,0.1448665,-0.3008202
0.3148677,0.3255119,0.07429396
0.1558101,0.3165029,0.07224914
0.1558101,0.3165029,-0.07223114
0.3148677,0.3255119,-0.07429809
0.09255027,0.2865192,-0.5949655
0.09255027,0.5162899,-0.4117296
0.3148677,0.4549465,-0.3628096
0.3148677,0.2524762,-0.5242743
0.09255027,-1.258713E-08,-0.6603615
0.09255027,0.2865192,-0.5949655
0.3148677,0.2524762,-0.5242743
0.3148679,1.542162E-08,-0.5819004
0.09255027,-0.2865193,-0.5949655
0.09255027,-1.258713E-08,-0.6603615
0.3148679,1.542162E-08,-0.5819004
0.3148679,-0.2524762,-0.5242743
0.3148679,4.498737E-08,-0.3338851
0.1558101,-1.3341E-06,-0.3246351
0.1558103,-0.140859,-0.292485
0.3148679,-0.1448664,-0.3008202
0.3148679,0.1448665,-0.3008202
0.1558101,0.1408563,-0.292485
0.1558101,-1.3341E-06,-0.3246351
0.3148679,4.498737E-08,-0.3338851
0.02851732,5.437263E-07,-0.2032459
0.1558101,-1.3341E-06,-0.3246351
0.1558101,0.1408563,-0.292485
0.02851732,0.08818837,-0.1831177
0.02851732,-0.0881873,-0.1831176
0.1558103,-0.140859,-0.292485
0.1558101,-1.3341E-06,-0.3246351
0.02851732,5.437263E-07,-0.2032459
0.02851732,0.08818837,-0.1831177
0.02851732,0.1325379,-0.3774262
0.02851732,0.0443501,-0.3975542
0.02851732,5.437263E-07,-0.2032459
0.02851732,5.437263E-07,-0.2032459
0.1918805,5.55852E-07,-0.2032459
0.1918805,-0.08818729,-0.1831176
0.02851732,-0.0881873,-0.1831176
0.02851732,5.437263E-07,-0.2032459
0.02851732,0.0443501,-0.3975542
0.1162545,0.0443501,-0.3975542
0.1918805,5.55852E-07,-0.2032459
0.02851732,0.1325379,-0.3774262
0.1162545,0.1325379,-0.3774262
0.1162545,0.0443501,-0.3975542
0.02851732,0.0443501,-0.3975542
0.1918805,0.08818837,-0.1831177
0.1162545,0.1325379,-0.3774262
0.02851732,0.1325379,-0.3774262
0.02851732,0.08818837,-0.1831177
0.1918805,5.55852E-07,-0.2032459
0.1162545,0.0443501,-0.3975542
0.1162545,0.1325379,-0.3774262
0.1918805,0.08818837,-0.1831177
0.1918805,0.1589095,-0.1267195
0.2395919,0.120648,-0.09620697
0.2395919,0.06695485,-0.1390257
0.1918805,0.08818837,-0.1831177
0.1918805,0.08818837,-0.1831177
0.2395919,0.06695485,-0.1390257
0.2395919,5.653899E-07,-0.1543077
0.1918805,5.55852E-07,-0.2032459
0.2395919,-0.1206468,0.09621938
0.2395919,-0.1504443,0.03434434
0.2395919,-0.1504443,-0.03433188
0.2395919,-0.1206468,-0.09620695
0.2395919,-0.06695376,-0.1390257
0.2395919,-0.06695369,0.1390381
0.2395919,5.653899E-07,-0.1543077
0.2395919,6.19598E-07,0.1543201
0.2395919,5.653899E-07,-0.1543077
0.2395919,0.06695485,-0.1390257
0.2395919,6.19598E-07,0.1543201
0.2395919,0.06695492,0.1390381
0.2395919,0.120648,-0.09620697
0.2395919,0.120648,0.09621935
0.2395919,0.06695492,0.1390381
0.2395919,0.1504455,-0.03433194
0.2395919,0.1504455,0.03434429
0.1918805,5.55852E-07,-0.2032459
0.2395919,5.653899E-07,-0.1543077
0.2395919,-0.06695376,-0.1390257
0.1918805,-0.08818729,-0.1831176
0.2395919,-0.1206468,-0.09620695
0.1918805,-0.1589084,-0.1267194
0.1918805,-0.08818729,-0.1831176
0.2395919,-0.06695376,-0.1390257
0.1918805,-0.1589084,-0.1267194
0.1162547,-0.2831732,-0.2825426
0.1162547,-0.2124521,-0.3389406
0.1918805,-0.08818729,-0.1831176
0.1918805,-0.08818729,-0.1831176
0.1162547,-0.2124521,-0.3389406
0.02851732,-0.2124521,-0.3389406
0.02851732,-0.0881873,-0.1831176
0.02851732,-0.2124521,-0.3389406
0.1162547,-0.2124521,-0.3389406
0.1162547,-0.2831732,-0.2825426
0.02851732,-0.2831732,-0.2825426
0.02851732,-0.0881873,-0.1831176
0.02851732,-0.2124521,-0.3389406
0.02851732,-0.2831732,-0.2825426
0.02851732,-0.1589084,-0.1267194
0.02851732,-0.1589084,-0.1267194
0.02851732,-0.2831732,-0.2825426
0.1162547,-0.2831732,-0.2825426
0.1918805,-0.1589084,-0.1267194
0.02851732,-0.1589084,-0.1267194
0.1558103,-0.2538181,-0.2024033
0.1558103,-0.140859,-0.292485
0.02851732,-0.0881873,-0.1831176
0.02851732,-0.1589084,-0.1267194
0.1918805,-0.1589084,-0.1267194
0.1918805,-0.1981557,-0.04522147
0.02851732,-0.1981557,-0.04522147
0.02851732,-0.1981557,-0.04522147
0.1558103,-0.3165056,-0.07223105
0.1558103,-0.2538181,-0.2024033
0.02851732,-0.1589084,-0.1267194
0.3148679,-0.2610402,-0.2081747
0.1558103,-0.2538181,-0.2024033
0.1558103,-0.3165056,-0.07223105
0.3148679,-0.3255118,-0.07429799
0.3148679,-0.1448664,-0.3008202
0.1558103,-0.140859,-0.292485
0.1558103,-0.2538181,-0.2024033
0.3148679,-0.2610402,-0.2081747
0.02851732,-0.1981557,0.04523414
0.1558103,-0.3165056,0.07224924
0.1558103,-0.3165056,-0.07223105
0.02851732,-0.1981557,-0.04522147
0.3148679,-0.3255118,-0.07429799
0.1558103,-0.3165056,-0.07223105
0.1558103,-0.3165056,0.07224924
0.3148679,-0.3255118,0.07429406
0.09255027,-0.643803,0.1469418
0.09255027,-0.643803,-0.1469456
0.3148679,-0.5673088,-0.1294865
0.3148679,-0.5673088,0.1294827
0.09255027,-0.643803,-0.1469456
0.09255027,-0.5162899,-0.4117294
0.3148679,-0.4549464,-0.3628095
0.3148679,-0.5673088,-0.1294865
0.09255027,-0.5162899,-0.4117294
0.09255027,-0.2865193,-0.5949655
0.3148679,-0.2524762,-0.5242743
0.3148679,-0.4549464,-0.3628095
0.3148679,-0.3255118,0.07429406
0.1558103,-0.3165056,0.07224924
0.1558103,-0.253818,0.2024211
0.3148679,-0.2610401,0.2081708
0.3148679,-0.2610401,0.2081708
0.1558103,-0.253818,0.2024211
0.1558103,-0.1408589,0.2925029
0.3148679,-0.1448663,0.3008161
0.02851732,-0.1589084,0.1267321
0.1558103,-0.253818,0.2024211
0.1558103,-0.3165056,0.07224924
0.02851732,-0.1981557,0.04523414
0.02851732,-0.08818723,0.1831301
0.1558103,-0.1408589,0.2925029
0.1558103,-0.253818,0.2024211
0.02851732,-0.1589084,0.1267321
0.02851732,-0.1981557,0.04523414
0.1918805,-0.1981557,0.04523414
0.1918805,-0.1589084,0.1267321
0.02851732,-0.1589084,0.1267321
0.02851732,-0.1589084,0.1267321
0.02851732,-0.2831731,0.2825551
0.02851732,-0.2124519,0.3389535
0.02851732,-0.08818723,0.1831301
0.1918805,-0.1589084,0.1267321
0.1162547,-0.2831731,0.2825551
0.02851732,-0.2831731,0.2825551
0.02851732,-0.1589084,0.1267321
0.02851732,-0.2831731,0.2825551
0.1162547,-0.2831731,0.2825551
0.1162547,-0.2124519,0.3389535
0.02851732,-0.2124519,0.3389535
0.02851732,-0.08818723,0.1831301
0.02851732,-0.2124519,0.3389535
0.1162547,-0.2124519,0.3389535
0.1918805,-0.08818723,0.1831301
0.1918805,-0.08818723,0.1831301
0.1162547,-0.2124519,0.3389535
0.1162547,-0.2831731,0.2825551
0.1918805,-0.1589084,0.1267321
0.1918805,-0.1589084,0.1267321
0.2395919,-0.1206468,0.09621938
0.2395919,-0.06695369,0.1390381
0.1918805,-0.08818723,0.1831301
0.1918805,-0.08818723,0.1831301
0.2395919,-0.06695369,0.1390381
0.2395919,6.19598E-07,0.1543201
0.1918805,6.075493E-07,0.2032585
0.02851732,-0.08818723,0.1831301
0.1918805,-0.08818723,0.1831301
0.1918805,6.075493E-07,0.2032585
0.02851732,5.954237E-07,0.2032585
0.1918805,6.075493E-07,0.2032585
0.2395919,6.19598E-07,0.1543201
0.2395919,0.06695492,0.1390381
0.1918805,0.08818844,0.18313
0.1918805,0.08818844,0.18313
0.1162545,0.132538,0.3774384
0.1162545,0.04435015,0.3975668
0.1918805,6.075493E-07,0.2032585
0.1918805,6.075493E-07,0.2032585
0.1162545,0.04435015,0.3975668
0.02851732,0.04435014,0.3975668
0.02851732,5.954237E-07,0.2032585
0.02851732,0.04435014,0.3975668
0.1162545,0.04435015,0.3975668
0.1162545,0.132538,0.3774384
0.02851732,0.132538,0.3774384
0.02851732,0.08818842,0.18313
0.02851732,0.132538,0.3774384
0.1162545,0.132538,0.3774384
0.1918805,0.08818844,0.18313
0.02851732,5.954237E-07,0.2032585
0.02851732,0.04435014,0.3975668
0.02851732,0.132538,0.3774384
0.02851732,0.08818842,0.18313
0.02851732,5.954237E-07,0.2032585
0.1558101,-1.2567E-06,0.3246527
0.1558103,-0.1408589,0.2925029
0.02851732,-0.08818723,0.1831301
0.02851732,0.08818842,0.18313
0.1558101,0.1408564,0.2925029
0.1558101,-1.2567E-06,0.3246527
0.02851732,5.954237E-07,0.2032585
0.3148679,-0.1448663,0.3008161
0.1558103,-0.1408589,0.2925029
0.1558101,-1.2567E-06,0.3246527
0.3148679,1.245913E-07,0.333881
0.3148679,1.245913E-07,0.333881
0.1558101,-1.2567E-06,0.3246527
0.1558101,0.1408564,0.2925029
0.3148679,0.1448666,0.3008161
0.1918805,0.08818844,0.18313
0.2395919,0.06695492,0.1390381
0.2395919,0.120648,0.09621935
0.1918805,0.1589095,0.1267321
0.1918805,-0.1981557,0.04523414
0.2395919,-0.1504443,0.03434434
0.2395919,-0.1206468,0.09621938
0.1918805,-0.1589084,0.1267321
0.1918805,-0.1981557,-0.04522147
0.2395919,-0.1504443,-0.03433188
0.2395919,-0.1504443,0.03434434
0.1918805,-0.1981557,0.04523414
0.1918805,-0.1589084,-0.1267194
0.2395919,-0.1206468,-0.09620695
0.2395919,-0.1504443,-0.03433188
0.1918805,-0.1981557,-0.04522147
0.1918805,-0.1981557,0.04523414
0.1162547,-0.3974609,0.04523417
0.1162547,-0.3974609,-0.04522145
0.1918805,-0.1981557,-0.04522147
0.1918805,-0.1981557,-0.04522147
0.1162547,-0.3974609,-0.04522145
0.02851732,-0.3974609,-0.04522145
0.02851732,-0.1981557,-0.04522147
0.02851732,-0.3974609,-0.04522145
0.1162547,-0.3974609,-0.04522145
0.1162547,-0.3974609,0.04523417
0.02851732,-0.3974609,0.04523417
0.02851732,-0.1981557,-0.04522147
0.02851732,-0.3974609,-0.04522145
0.02851732,-0.3974609,0.04523417
0.02851732,-0.1981557,0.04523414
0.02851732,-0.1981557,0.04523414
0.02851732,-0.3974609,0.04523417
0.1162547,-0.3974609,0.04523417
0.1918805,-0.1981557,0.04523414
0.02851732,0.1981568,-0.04522154
0.1558101,0.3165029,-0.07223114
0.1558101,0.3165029,0.07224914
0.02851732,0.1981568,0.04523408
-0.3520849,0.1448664,-0.3008202
-0.1321248,0.1154856,-0.2398104
-0.1321248,0.2080979,-0.1659544
-0.3520849,0.2610402,-0.2081748
-0.3520849,0.2610402,-0.2081748
-0.1321248,0.2080979,-0.1659544
-0.1321248,0.2594937,-0.05922972
-0.3520849,0.3255118,-0.07429809
-0.3520849,-5.351367E-09,-0.3338851
-0.1321248,6.59474E-09,-0.2661691
-0.1321248,0.1154856,-0.2398104
-0.3520849,0.1448664,-0.3008202
-0.3520849,-0.1448664,-0.3008202
-0.1321246,-0.1154856,-0.2398104
-0.1321248,6.59474E-09,-0.2661691
-0.3520849,-5.351367E-09,-0.3338851
-0.3520849,-0.2610402,-0.2081747
-0.1321246,-0.2080978,-0.1659545
-0.1321246,-0.1154856,-0.2398104
-0.3520849,-0.1448664,-0.3008202
-0.3520849,-0.3255118,-0.07429799
-0.1321246,-0.2594937,-0.05922965
-0.1321246,-0.2080978,-0.1659545
-0.3520849,-0.2610402,-0.2081747
-0.3520849,-0.3255118,0.07429406
-0.1321246,-0.2594937,0.05922569
-0.1321246,-0.2594937,-0.05922965
-0.3520849,-0.3255118,-0.07429799
-0.3520849,-0.2610402,0.2081708
-0.1321246,-0.2080978,0.1659505
-0.1321246,-0.2594937,0.05922569
-0.3520849,-0.3255118,0.07429406
-0.3520849,-0.1448663,0.3008161
-0.1321246,-0.1154855,0.2398064
-0.1321246,-0.2080978,0.1659505
-0.3520849,-0.2610402,0.2081708
-0.3520849,-0.3255118,0.07429406
-0.3520849,-0.4549464,0.3628057
-0.3520849,-0.2610402,0.2081708
-0.3520847,-0.567309,0.1294827
-0.3520849,-0.2524761,0.5242704
-0.3520849,-0.3255118,-0.07429799
-0.3520849,-0.1448663,0.3008161
-0.3520847,-0.567309,-0.1294865
-0.3520849,1.038183E-07,0.5818962
-0.3520849,-0.2610402,-0.2081747
-0.3520849,7.425253E-08,0.333881
-0.3520849,-0.4549465,-0.3628095
-0.3520849,0.2524764,0.5242704
-0.3520849,-0.1448664,-0.3008202
-0.3520849,0.1448665,0.3008161
-0.3520849,-0.2524763,-0.5242743
-0.3520849,0.4549465,0.3628056
-0.3520849,-5.351367E-09,-0.3338851
-0.3520849,0.2610403,0.2081707
-0.3520849,-3.491711E-08,-0.5819004
-0.3520849,0.567309,0.1294825
-0.3520849,0.1448664,-0.3008202
-0.3520849,0.3255118,0.07429396
-0.3520849,0.2524762,-0.5242743
-0.3520849,0.567309,-0.1294867
-0.3520849,0.2610402,-0.2081748
-0.3520849,0.3255118,-0.07429809
-0.3520849,0.4549464,-0.3628096
0.3148679,1.245913E-07,0.333881
0.3148679,1.54157E-07,0.5818962
0.3148679,-0.2524761,0.5242704
0.3148679,-0.1448663,0.3008161
0.3148679,0.1448666,0.3008161
0.3148679,-0.4549463,0.3628057
0.3148677,0.2524764,0.5242704
0.3148679,-0.2610401,0.2081708
0.3148677,0.2610403,0.2081707
0.3148679,-0.5673088,0.1294827
0.3148677,0.4549466,0.3628056
0.3148679,-0.3255118,0.07429406
0.3148677,0.3255119,0.07429396
0.3148679,-0.5673088,-0.1294865
0.3148677,0.5673091,0.1294825
0.3148679,-0.3255118,-0.07429799
0.3148677,0.3255119,-0.07429809
0.3148679,-0.4549464,-0.3628095
0.3148677,0.5673091,-0.1294867
0.3148679,-0.2610402,-0.2081747
0.3148677,0.2610403,-0.2081748
0.3148679,-0.2524762,-0.5242743
0.3148677,0.4549465,-0.3628096
0.3148679,-0.1448664,-0.3008202
0.3148679,0.1448665,-0.3008202
0.3148679,1.542162E-08,-0.5819004
0.3148677,0.2524762,-0.5242743
0.3148679,4.498737E-08,-0.3338851
650
0.2851565,0.9774704
0.2851565,0.9774703
0.2851565,0.9774706
0.2851565,0.9774703
0.2851565,0.9774703
0.2851565,0.9774703
0.2851565,0.9774703
0.2851565,0.9774703
0.2851565,0.9774703
0.2851565,0.9774703
0.2851565,0.9774703
0.2851565,0.9774703
0.2851565,0.9774703
0.2851565,0.9774703
0.2851565,0.9774703
0.2851565,0.9774703
0.2851565,0.9774703
0.2851565,0.9774703
0.2851565,0.9774703
0.2851565,0.9774703
0.2851565,0.9774703
0.2851565,0.9774703
0.2851565,0.9774703
0.2851565,0.9774703
0.2851565,0.9774703
0.2851565,0.9774703
0.2851565,0.9774703
0.2851565,0.9774703
0.2851565,0.9774703
0.2851565,0.9774703
0.2851565,0.9774703
0.2851565,0.9774703
0.2851565,0.9774703
0.2851565,0.9774703
0.2851565,0.9774703
0.2851565,0.9774703
0.2851565,0.9774703
0.1554903,0.5296078
0.1554903,0.5296078
0.1554903,0.5296078
0.1554903,0.5296078
0.1554903,0.5296078
0.1554903,0.5296078
0.1554903,0.5296078
0.1554903,0.5296078
0.1554903,0.5296078
0.1554903,0.5296078
0.1554903,0.5296078
0.1554903,0.5296078
0.1554903,0.5296078
0.1554903,0.5296078
0.1554903,0.5296078
0.1554903,0.5296078
0.1554903,0.5296078
0.1554903,0.5296078
0.1554903,0.5296078
0.1554903,0.5296078
0.1554903,0.5296078
0.1554903,0.5296078
0.1554903,0.5296078
0.1554903,0.5296078
0.1554903,0.5296078
0.1554903,0.5296078
0.1554903,0.5296078
0.1554903,0.5296078
0.1554903,0.5296078
0.1554903,0.5296078
0.1554903,0.5296078
0.1554903,0.5296078
0.1554903,0.5296078
0.1554903,0.5296078
0.1554903,0.5296078
0.1554903,0.5296078
0.1554903,0.5296078
0.1554903,0.5296078
0.1554903,0.5296078
0.1554903,0.5296078
0.1554903,0.5296078
0.1554903,0.5296078
0.1554903,0.5296078
0.1554903,0.5296078
0.1554903,0.5296078
0.1554903,0.5296078
0.1554903,0.5296078
0.1554903,0.5296078
0.1554903,0.5296078
0.1554903,0.5296078
0.1554903,0.5296078
0.1554903,0.5296078
0.1554903,0.5296078
0.1554903,0.5296078
0.1554903,0.5296078
0.1554903,0.5296078
0.1554903,0.5296078
0.1554903,0.5296078
0.1554903,0.5296078
0.1554903,0.5296078
0.1554903,0.5296078
0.1554903,0.5296078
0.1554903,0.5296078
0.1554903,0.5296078
0.1554903,0.5296078
0.1554903,0.5296078
0.1554903,0.5296078
0.1554903,0.5296078
0.1554903,0.5296078
0.1554903,0.5296078
0.1554903,0.5296078
0.1554903,0.5296078
0.1554903,0.5296078
0.1554903,0.5296078
0.1554903,0.5296078
0.1554903,0.5296078
0.1554903,0.5296078
0.1554903,0.5296078
0.1554903,0.5296078
0.1554903,0.5296078
0.1554903,0.5296078
0.1554903,0.5296078
0.1554903,0.5296078
0.1554903,0.5296078
0.1554903,0.5296078
0.1554903,0.5296078
0.1554903,0.5296078
0.1554903,0.5296078
0.1554903,0.5296078
0.1554903,0.5296078
0.1554903,0.5296078
0.1554903,0.5296078
0.1554903,0.5296078
0.1554903,0.5296078
0.1554903,0.5296078
0.1554903,0.5296078
0.1554903,0.5296078
0.1554903,0.5296078
0.1554903,0.5296078
0.1554903,0.5296078
0.1554903,0.5296078
0.1554903,0.5296078
0.1554903,0.5296078
0.1554903,0.5296078
0.1554903,0.5296078
0.1554903,0.5296078
0.1554903,0.5296078
0.1554903,0.5296078
0.1554903,0.5296078
0.1554903,0.5296078
0.1554903,0.5296078
0.1554903,0.5296078
0.1554903,0.5296078
0.1554903,0.5296078
0.1554903,0.5296078
0.1554903,0.5296078
0.1554903,0.5296078
0.1554903,0.5296078
0.1554903,0.5296078
0.1554903,0.5296078
0.1554903,0.5296078
0.1554903,0.5296078
0.1554903,0.5296078
0.1554903,0.5296078
0.1554903,0.5296078
0.1554903,0.5296078
0.1554903,0.5296078
0.1554903,0.5296078
0.1554903,0.5296078
0.1554903,0.5296078
0.1554903,0.5296078
0.1554903,0.5296078
0.1554903,0.5296078
0.1554903,0.5296078
0.1554903,0.5296078
0.1554903,0.5296078
0.1554903,0.5296078
0.1554903,0.5296078
0.1554903,0.5296078
0.1554903,0.5296078
0.1554903,0.5296078
0.1554903,0.5296078
0.1554903,0.5296078
0.1554903,0.5296078
0.1017673,0.5321578
0.1017673,0.5321578
0.1017673,0.5321578
0.1017673,0.5321578
0.1017673,0.5321578
0.1017673,0.5321578
0.1017673,0.5321578
0.1017673,0.5321578
0.09649736,0.5347929
0.09649735,0.5347928
0.09649735,0.5347928
0.09649739,0.534793
0.09649736,0.534793
0.09649735,0.5347928
0.09649735,0.5347928
0.09649736,0.5347929
0.2851565,0.9774706
0.2851565,0.9774706
0.2851565,0.9774705
0.2851565,0.9774705
0.2851565,0.9774705
0.2851565,0.9774705
0.2851565,0.9774706
0.2851565,0.9774706
0.2851565,0.9774705
0.2851565,0.9774705
0.2851565,0.9774705
0.2851565,0.9774705
0.2851565,0.9774705
0.2851565,0.9774705
0.2851565,0.9774706
0.2851565,0.9774706
0.2851565,0.9774706
0.2851565,0.9774706
0.2851565,0.9774706
0.2851565,0.9774706
0.2851565,0.9774706
0.2851565,0.9774706
0.2851565,0.9774705
0.2851565,0.9774705
0.2851565,0.9774705
0.2851565,0.9774705
0.2851565,0.9774705
0.2851565,0.9774706
0.2851565,0.9774706
0.2851565,0.9774705
0.2851565,0.9774705
0.2851565,0.9774704
0.2851565,0.9774706
0.2851565,0.9774706
0.2851565,0.9774704
0.2851565,0.9774705
0.2851565,0.9774704
0.2851565,0.9774705
0.2851565,0.9774703
0.2851565,0.9774704
0.2851565,0.9774704
0.2851565,0.9774704
0.2851565,0.9774704
0.2851565,0.9774704
0.2851565,0.9774704
0.2851565,0.9774704
0.2851565,0.9774705
0.2851565,0.9774705
0.2851565,0.9774705
0.2851565,0.9774704
0.2851565,0.9774704
0.2851565,0.9774705
0.2851565,0.9774705
0.2851565,0.9774705
0.2851565,0.9774704
0.2851565,0.9774704
0.2851565,0.9774705
0.2851565,0.9774705
0.2851565,0.9774705
0.2851565,0.9774705
0.09649736,0.5347929
0.09649735,0.5347928
0.09649735,0.5347928
0.09649735,0.5347929
0.2851565,0.9774705
0.2851565,0.9774704
0.2851565,0.9774704
0.2851565,0.9774704
0.09649736,0.5347928
0.09649735,0.5347928
0.09649735,0.5347928
0.09649736,0.5347929
0.1017673,0.5321578
0.1017673,0.5321578
0.1017673,0.5321578
0.1017673,0.5321578
0.1017673,0.5321578
0.1017673,0.5321578
0.1017673,0.5321578
0.1017673,0.5321578
0.1017673,0.5321578
0.1017673,0.5321578
0.1017673,0.5321578
0.1017673,0.5321578
0.1554903,0.5296078
0.1554903,0.5296078
0.1554903,0.5296078
0.1554903,0.5296078
0.1554903,0.5296078
0.1554903,0.5296078
0.1554903,0.5296078
0.1554903,0.5296078
0.1554903,0.5296078
0.1554903,0.5296078
0.1554903,0.5296078
0.1554903,0.5296078
0.1017673,0.5321578
0.1017673,0.5321578
0.1017673,0.5321578
0.1017673,0.5321578
0.1017673,0.5321578
0.1017673,0.5321578
0.1017673,0.5321578
0.1017673,0.5321578
0.09649738,0.5347929
0.09649735,0.5347928
0.09649735,0.5347928
0.09649736,0.5347928
0.09649736,0.5347928
0.09649735,0.5347928
0.09649735,0.5347928
0.09649738,0.5347929
0.2851565,0.9774704
0.2851565,0.9774704
0.2851565,0.9774705
0.2851565,0.9774705
0.2851565,0.9774705
0.2851565,0.9774704
0.2851565,0.9774704
0.2851565,0.9774704
0.2851565,0.9774705
0.2851565,0.9774705
0.2851565,0.9774704
0.2851565,0.9774704
0.2851565,0.9774704
0.2851565,0.9774705
0.2851565,0.9774704
0.2851565,0.9774705
0.2851565,0.9774704
0.2851565,0.9774705
0.2851565,0.9774704
0.2851565,0.9774704
0.2851565,0.9774704
0.2851565,0.9774704
0.2851565,0.9774705
0.2851565,0.9774704
0.2851565,0.9774704
0.2851565,0.9774703
0.2851565,0.9774704
0.2851565,0.9774704
0.2851565,0.9774704
0.2851565,0.9774704
0.2851565,0.9774704
0.2851565,0.9774704
0.2851565,0.9774705
0.2851565,0.9774704
0.2851565,0.9774703
0.2851565,0.9774704
0.2851565,0.9774703
0.2851565,0.9774706
0.2851565,0.9774704
0.2851565,0.9774706
0.2851565,0.9774704
0.2851565,0.9774704
0.2851565,0.9774706
0.2851565,0.9774706
0.2851565,0.9774703
0.2851565,0.9774705
0.2851565,0.9774706
0.2851565,0.9774705
0.2851565,0.9774705
0.2851565,0.9774704
0.2851565,0.9774704
0.2851565,0.9774703
0.2851565,0.9774704
0.2851565,0.9774704
0.2851565,0.9774704
0.2851565,0.9774704
0.2851565,0.9774703
0.2851565,0.9774704
0.2851565,0.9774703
0.2851565,0.9774705
0.2851565,0.9774704
0.2851565,0.9774704
0.2851565,0.9774705
0.2851565,0.9774704
0.2851565,0.9774704
0.2851565,0.9774704
0.2851565,0.9774705
0.2851565,0.9774703
0.2851565,0.9774703
0.2851565,0.9774704
0.2851565,0.9774704
0.2851565,0.9774703
0.2851565,0.9774703
0.2851565,0.9774703
0.2851565,0.9774703
0.2851565,0.9774703
0.2851565,0.9774704
0.09649735,0.5347928
0.09649735,0.5347928
0.09649735,0.5347928
0.09649736,0.5347928
0.2851565,0.9774703
0.2851565,0.9774704
0.2851565,0.9774704
0.2851565,0.9774704
0.09649736,0.5347928
0.09649735,0.5347928
0.09649735,0.5347928
0.09649735,0.5347928
0.1017673,0.5321578
0.1017673,0.5321578
0.1017673,0.5321578
0.1017673,0.5321578
0.1017673,0.5321578
0.1017673,0.5321578
0.1017673,0.5321578
0.1017673,0.5321578
0.09649733,0.5347928
0.09649735,0.5347928
0.09649735,0.5347928
0.09649736,0.5347928
0.1017673,0.5321578
0.1017673,0.5321578
0.1017673,0.5321578
0.1017673,0.5321578
0.1554903,0.5296078
0.1554903,0.5296078
0.1554903,0.5296078
0.1554903,0.5296078
0.1554903,0.5296078
0.1554903,0.5296078
0.1554903,0.5296078
0.1554903,0.5296078
0.1554903,0.5296078
0.1554903,0.5296078
0.1554903,0.5296078
0.1554903,0.5296078
0.1017673,0.5321578
0.1017673,0.5321578
0.1017673,0.5321578
0.1017673,0.5321578
0.1017673,0.5321578
0.1017673,0.5321578
0.1017673,0.5321578
0.1017673,0.5321578
0.09649736,0.5347929
0.09649735,0.5347928
0.09649735,0.5347928
0.09649733,0.5347928
0.09649738,0.534793
0.09649735,0.5347928
0.09649735,0.5347928
0.09649736,0.5347929
0.2851565,0.9774703
0.2851565,0.9774704
0.2851565,0.9774705
0.2851565,0.9774705
0.2851565,0.9774705
0.2851565,0.9774705
0.2851565,0.9774706
0.2851565,0.9774706
0.2851565,0.9774705
0.2851565,0.9774705
0.2851565,0.9774705
0.2851565,0.9774705
0.2851565,0.9774705
0.2851565,0.9774705
0.2851565,0.9774706
0.2851565,0.9774706
0.2851565,0.9774706
0.2851565,0.9774706
0.2851565,0.9774706
0.2851565,0.9774706
0.2851565,0.9774706
0.2851565,0.9774706
0.2851565,0.9774705
0.2851565,0.9774705
0.2851565,0.9774705
0.2851565,0.9774705
0.2851565,0.9774706
0.2851565,0.9774706
0.2851565,0.9774706
0.2851565,0.9774706
0.2851565,0.9774706
0.2851565,0.9774706
0.2851565,0.9774706
0.2851565,0.9774706
0.2851565,0.9774706
0.2851565,0.9774706
0.2851565,0.9774706
0.2851565,0.9774706
0.2851565,0.9774706
0.2851565,0.9774706
0.2851565,0.9774706
0.2851565,0.9774706
0.2851565,0.9774706
0.2851565,0.9774706
0.2851565,0.9774706
0.2851565,0.9774706
0.2851565,0.9774706
0.2851565,0.9774706
0.2851565,0.9774706
0.2851565,0.9774706
0.2851565,0.9774706
0.2851565,0.9774706
0.2851565,0.9774706
0.2851565,0.9774706
0.2851565,0.9774706
0.2851565,0.9774706
0.2851565,0.9774706
0.2851565,0.9774706
0.2851565,0.9774706
0.2851565,0.9774706
0.09649741,0.534793
0.09649735,0.5347928
0.09649735,0.5347928
0.09649738,0.534793
0.09649739,0.534793
0.09649735,0.5347928
0.09649735,0.5347928
0.09649741,0.534793
0.1017673,0.5321578
0.1017673,0.5321578
0.1017673,0.5321578
0.1017673,0.5321578
0.1017673,0.5321578
0.1017673,0.5321578
0.1017673,0.5321578
0.1017673,0.5321578
0.2851565,0.9774706
0.2851565,0.9774706
0.2851565,0.9774705
0.2851565,0.9774705
0.2851565,0.9774704
0.2851565,0.9774704
0.2851565,0.9774705
0.2851565,0.9774705
0.2851565,0.9774704
0.2851565,0.9774703
0.2851565,0.9774704
0.2851565,0.9774704
0.2851565,0.9774704
0.2851565,0.9774704
0.2851565,0.9774703
0.2851565,0.9774704
0.2851565,0.9774704
0.2851565,0.9774703
0.2851565,0.9774705
0.2851565,0.9774704
0.2851565,0.9774704
0.2851565,0.9774705
0.2851565,0.9774704
0.2851565,0.9774704
0.2851565,0.9774704
0.2851565,0.9774705
0.2851565,0.9774703
0.2851565,0.9774703
0.2851565,0.9774704
0.2851565,0.9774704
0.2851565,0.9774703
0.2851565,0.9774703
0.2851565,0.9774703
0.2851565,0.9774703
0.2851565,0.9774703
0.2851565,0.9774704
0.09649735,0.5347929
0.09649735,0.5347928
0.09649735,0.5347928
0.09649736,0.534793
0.2851565,0.9774703
0.2851565,0.9774703
0.2851565,0.9774703
0.2851565,0.9774703
0.2851565,0.9774703
0.2851565,0.9774703
0.2851565,0.9774703
0.2851565,0.9774703
0.2851565,0.9774703
0.2851565,0.9774703
0.2851565,0.9774703
0.2851565,0.9774703
0.2851565,0.9774703
0.2851565,0.9774703
0.2851565,0.9774703
0.2851565,0.9774703
0.2851565,0.9774703
0.2851565,0.9774703
0.2851565,0.9774703
0.2851565,0.9774703
0.2851565,0.9774703
0.2851565,0.9774703
0.2851565,0.9774703
0.2851565,0.9774703
0.2851565,0.9774703
0.2851565,0.9774703
0.2851565,0.9774703
0.2851565,0.9774703
0.2851565,0.9774703
0.2851565,0.9774703
0.2851565,0.9774703
0.2851565,0.9774703
0.2851565,0.9774703
0.2851565,0.9774703
0.2851565,0.9774703
0.2851565,0.9774703
0.1554903,0.5296078
0.1554903,0.5296078
0.1554903,0.5296078
0.1554903,0.5296078
0.1554903,0.5296078
0.1554903,0.5296078
0.1554903,0.5296078
0.1554903,0.5296078
0.1554903,0.5296078
0.1554903,0.5296078
0.1554903,0.5296078
0.1554903,0.5296078
0.1554903,0.5296078
0.1554903,0.5296078
0.1554903,0.5296078
0.1554903,0.5296078
0.1554903,0.5296078
0.1554903,0.5296078
0.1554903,0.5296078
0.1554903,0.5296078
0.1554903,0.5296078
0.1554903,0.5296078
0.1554903,0.5296078
0.1554903,0.5296078
0.1554903,0.5296078
0.1554903,0.5296078
0.1554903,0.5296078
0.1554903,0.5296078
0.1554903,0.5296078
0.1554903,0.5296078
0.1554903,0.5296078
0.1554903,0.5296078
0.1554903,0.5296078
0.1554903,0.5296078
0.1554903,0.5296078
0.1554903,0.5296078
0.1554903,0.5296078
0.1554903,0.5296078
0.1554903,0.5296078
0.1554903,0.5296078
0.1554903,0.5296078
0.1554903,0.5296078
0.1554903,0.5296078
0.1554903,0.5296078
0.1554903,0.5296078
0.1554903,0.5296078
0.1554903,0.5296078
0.1554903,0.5296078
0.1554903,0.5296078
0.1554903,0.5296078
0.1554903,0.5296078
0.1554903,0.5296078
0.1554903,0.5296078
0.1554903,0.5296078
0.1554903,0.5296078
0.1554903,0.5296078
1
1080
0
1
2
3
4
5
3
5
6
7
8
9
7
9
10
11
12
13
13
14
11
14
15
11
14
16
15
16
17
15
16
18
17
18
19
17
18
20
19
20
21
19
20
22
21
22
23
21
22
24
23
25
26
27
25
27
28
29
30
31
29
31
32
33
34
35
33
35
36
37
38
39
37
39
40
41
42
43
41
43
44
45
46
47
45
47
48
49
50
51
49
51
52
53
54
55
53
55
56
57
58
59
57
59
60
61
62
63
61
63
64
65
66
67
65
67
68
69
70
71
69
71
72
73
74
75
73
75
76
77
78
79
77
79
80
81
82
83
81
83
84
85
86
87
85
87
88
89
90
91
89
91
92
93
94
95
93
95
96
97
98
99
97
99
100
101
102
103
101
103
104
105
106
107
105
107
108
109
110
111
109
111
112
113
114
115
113
115
116
117
118
119
117
119
120
121
122
123
121
123
124
125
126
127
125
127
128
129
130
131
129
131
132
133
134
135
133
135
136
137
138
139
137
139
140
141
142
143
141
143
144
145
146
147
145
147
148
149
150
151
149
151
152
153
154
155
153
155
156
157
158
159
157
159
160
161
162
163
161
163
164
165
166
167
165
167
168
169
170
171
169
171
172
173
174
175
173
175
176
177
178
179
177
179
180
181
182
183
181
183
184
185
186
187
185
187
188
189
190
191
189
191
192
193
194
195
193
195
196
197
198
199
197
199
200
201
202
203
201
203
204
205
206
207
205
207
208
209
210
211
209
211
212
213
214
215
213
215
216
217
218
219
217
219
220
221
222
223
221
223
224
225
226
227
225
227
228
229
230
231
229
231
232
233
234
235
233
235
236
237
238
239
237
239
240
241
242
243
241
243
244
245
246
247
245
247
248
249
250
251
249
251
252
253
254
255
253
255
256
257
258
259
257
259
260
261
262
263
261
263
264
265
266
267
265
267
268
269
270
271
269
271
272
273
274
275
273
275
276
277
278
279
277
279
280
281
282
283
281
283
284
285
286
287
285
287
288
289
290
291
289
291
292
293
294
295
293
295
296
297
298
299
297
299
300
301
302
303
301
303
304
305
306
307
305
307
308
309
310
311
309
311
312
313
314
315
313
315
316
317
318
319
317
319
320
321
322
323
321
323
324
325
326
327
325
327
328
329
330
331
329
331
332
333
334
335
333
335
336
337
338
339
337
339
340
341
342
343
343
344
341
344
345
341
345
346
341
345
347
346
347
348
346
349
350
351
350
352
351
353
354
355
353
356
354
356
357
354
358
359
360
358
360
361
362
363
364
362
364
365
366
367
368
366
368
369
370
371
372
370
372
373
374
375
376
374
376
377
378
379
380
378
380
381
382
383
384
382
384
385
386
387
388
386
388
389
390
391
392
390
392
393
394
395
396
394
396
397
398
399
400
398
400
401
402
403
404
402
404
405
406
407
408
406
408
409
410
411
412
410
412
413
414
415
416
414
416
417
418
419
420
418
420
421
422
423
424
422
424
425
426
427
428
426
428
429
430
431
432
430
432
433
434
435
436
434
436
437
438
439
440
438
440
441
442
443
444
442
444
445
446
447
448
446
448
449
450
451
452
450
452
453
454
455
456
454
456
457
458
459
460
458
460
461
462
463
464
462
464
465
466
467
468
466
468
469
470
471
472
470
472
473
474
475
476
474
476
477
478
479
480
478
480
481
482
483
484
482
484
485
486
487
488
486
488
489
490
491
492
490
492
493
494
495
496
494
496
497
498
499
500
498
500
501
502
503
504
502
504
505
506
507
508
506
508
509
510
511
512
510
512
513
514
515
516
514
516
517
518
519
520
518
520
521
522
523
524
522
524
525
526
527
528
526
528
529
530
531
532
530
532
533
534
535
536
534
536
537
538
539
540
538
540
541
542
543
544
542
544
545
546
547
548
546
548
549
550
551
552
550
552
553
554
555
556
554
556
557
558
559
560
558
560
561
562
563
564
562
564
565
566
567
568
566
568
569
570
571
572
570
572
573
574
575
576
574
576
577
578
579
580
578
580
581
582
583
584
582
584
585
586
587
588
586
588
589
590
591
592
590
592
593
594
595
596
594
597
595
596
595
598
599
597
594
596
598
600
599
601
597
600
598
602
603
601
599
600
602
604
603
605
601
604
602
606
607
605
603
604
606
608
607
609
605
608
606
610
611
609
607
608
610
612
611
613
609
612
610
614
615
613
611
612
614
616
615
617
613
616
614
618
619
617
615
616
618
620
619
621
617
620
618
621
620
621
619
622
623
624
622
624
625
626
623
622
625
624
627
626
628
623
625
627
629
630
628
626
629
627
631
630
632
628
629
631
633
634
632
630
633
631
635
634
636
632
633
635
637
638
636
634
637
635
639
638
640
636
637
639
641
642
640
638
641
639
643
642
644
640
641
643
645
646
644
642
645
643
647
646
648
644
645
647
649
649
648
646
649
647
648
