MESH3
Monster Truck_12 FR Tire
646
-0.3520849,-1.879487E-08,-0.3338811
-0.3520849,-0.1448664,-0.3008163
-0.1321246,-0.1154856,-0.2398063
-0.1321248,-2.54387E-09,-0.2661652
-0.3520849,0.1448664,-0.3008163
-0.3520849,-1.879487E-08,-0.3338811
-0.1321248,-2.54387E-09,-0.2661652
-0.1321248,0.1154856,-0.2398064
-0.1321246,-0.2080978,-0.1659505
-0.1321246,-0.2594937,-0.05922573
-0.1321246,-0.2594937,0.05922978
-0.1321246,-0.2080977,0.1659546
-0.1321246,-0.1154856,-0.2398063
-0.1321246,-0.1154855,0.2398103
-0.1321248,-2.54387E-09,-0.2661652
-0.1321248,9.475742E-08,0.2661691
-0.1321248,0.1154856,-0.2398064
-0.1321248,0.1154857,0.2398103
-0.1321248,0.2080978,-0.1659506
-0.1321248,0.2080979,0.1659545
-0.1321248,0.2594938,-0.05922583
-0.1321248,0.2594938,0.05922969
-0.3520849,0.2610402,-0.2081708
-0.3520849,0.1448664,-0.3008163
-0.1321248,0.1154856,-0.2398064
-0.1321248,0.2080978,-0.1659506
-0.3520849,0.3255118,-0.07429405
-0.3520849,0.2610402,-0.2081708
-0.1321248,0.2080978,-0.1659506
-0.1321248,0.2594938,-0.05922583
-0.3520849,0.3255118,0.07429788
-0.3520849,0.3255118,-0.07429405
-0.1321248,0.2594938,-0.05922583
-0.1321248,0.2594938,0.05922969
-0.3520849,0.567309,-0.1294827
-0.1297673,0.6438031,-0.146942
-0.1297673,0.5162898,-0.4117257
-0.3520849,0.4549463,-0.3628058
-0.3520849,0.567309,0.1294865
-0.1297673,0.6438031,0.1469457
-0.1297673,0.6438031,-0.146942
-0.3520849,0.567309,-0.1294827
-0.3520849,0.4549463,-0.3628058
-0.1297673,0.5162898,-0.4117257
-0.1297673,0.2865192,-0.5949615
-0.3520849,0.2524762,-0.5242704
-0.3520849,0.2524762,-0.5242704
-0.1297673,0.2865192,-0.5949615
-0.1297673,-6.357025E-08,-0.6603576
-0.3520849,-6.41277E-08,-0.5818964
-0.1297673,0.5162898,-0.4117257
0.09255026,0.5162898,-0.4117257
0.09255026,0.2865192,-0.5949615
-0.1297673,0.2865192,-0.5949615
-0.1297673,0.2865192,-0.5949615
0.09255026,0.2865192,-0.5949615
0.09255026,-4.678574E-08,-0.6603576
-0.1297673,-6.357025E-08,-0.6603576
-0.3520849,-6.41277E-08,-0.5818964
-0.1297673,-6.357025E-08,-0.6603576
-0.1297673,-0.2865194,-0.5949615
-0.3520849,-0.2524763,-0.5242704
-0.1297673,-6.357025E-08,-0.6603576
0.09255026,-4.678574E-08,-0.6603576
0.09255026,-0.2865194,-0.5949615
-0.1297673,-0.2865194,-0.5949615
0.09255026,-4.678574E-08,-0.6603576
0.3148679,-1.378896E-08,-0.5818964
0.3148679,-0.2524763,-0.5242704
0.09255026,-0.2865194,-0.5949615
0.09255026,0.2865192,-0.5949615
0.3148677,0.2524762,-0.5242704
0.3148679,-1.378896E-08,-0.5818964
0.09255026,-4.678574E-08,-0.6603576
0.09255026,-0.2865194,-0.5949615
0.3148679,-0.2524763,-0.5242704
0.3148679,-0.4549465,-0.3628057
0.09255026,-0.5162899,-0.4117255
-0.1297673,-0.2865194,-0.5949615
0.09255026,-0.2865194,-0.5949615
0.09255026,-0.5162899,-0.4117255
-0.1297673,-0.5162899,-0.4117255
0.09255026,-0.5162899,-0.4117255
0.3148679,-0.4549465,-0.3628057
0.3148679,-0.5673088,-0.1294825
0.09255026,-0.643803,-0.1469417
-0.1297673,-0.5162899,-0.4117255
0.09255026,-0.5162899,-0.4117255
0.09255026,-0.643803,-0.1469417
-0.1297673,-0.643803,-0.1469417
-0.3520849,-0.2524763,-0.5242704
-0.1297673,-0.2865194,-0.5949615
-0.1297673,-0.5162899,-0.4117255
-0.3520849,-0.4549466,-0.3628057
-0.3520849,-0.4549466,-0.3628057
-0.1297673,-0.5162899,-0.4117255
-0.1297673,-0.643803,-0.1469417
-0.3520847,-0.567309,-0.1294825
-0.3520847,-0.567309,-0.1294825
-0.1297673,-0.643803,-0.1469417
-0.1297673,-0.643803,0.1469459
-0.3520847,-0.567309,0.1294867
-0.1297673,-0.643803,-0.1469417
0.09255026,-0.643803,-0.1469417
0.09255026,-0.643803,0.1469459
-0.1297673,-0.643803,0.1469459
-0.3520847,-0.567309,0.1294867
-0.1297673,-0.643803,0.1469459
-0.1297673,-0.5162897,0.4117297
-0.3520849,-0.4549463,0.3628098
-0.1297673,-0.643803,0.1469459
0.09255026,-0.643803,0.1469459
0.09255026,-0.5162897,0.4117297
-0.1297673,-0.5162897,0.4117297
-0.3520849,-0.4549463,0.3628098
-0.1297673,-0.5162897,0.4117297
-0.1297673,-0.2865191,0.5949655
-0.3520849,-0.2524761,0.5242743
-0.1297673,-0.5162897,0.4117297
0.09255026,-0.5162897,0.4117297
0.09255026,-0.2865191,0.5949655
-0.1297673,-0.2865191,0.5949655
-0.3520849,-0.2524761,0.5242743
-0.1297673,-0.2865191,0.5949655
-0.1297673,1.778339E-07,0.6603616
-0.3520849,1.485938E-07,0.5819004
-0.1297673,-0.2865191,0.5949655
0.09255026,-0.2865191,0.5949655
0.09255026,1.946184E-07,0.6603616
-0.1297673,1.778339E-07,0.6603616
-0.3520849,1.485938E-07,0.5819004
-0.1297673,1.778339E-07,0.6603616
-0.1297673,0.2865194,0.5949655
-0.3520849,0.2524764,0.5242743
-0.1297673,1.778339E-07,0.6603616
0.09255026,1.946184E-07,0.6603616
0.09255026,0.2865194,0.5949655
-0.1297673,0.2865194,0.5949655
-0.3520849,0.2524764,0.5242743
-0.1297673,0.2865194,0.5949655
-0.1297673,0.5162901,0.4117294
-0.3520849,0.4549466,0.3628097
-0.1297673,0.2865194,0.5949655
0.09255026,0.2865194,0.5949655
0.09255026,0.5162901,0.4117294
-0.1297673,0.5162901,0.4117294
-0.3520849,0.4549466,0.3628097
-0.1297673,0.5162901,0.4117294
-0.1297673,0.6438031,0.1469457
-0.3520849,0.567309,0.1294865
-0.1297673,0.5162901,0.4117294
0.09255026,0.5162901,0.4117294
0.09255026,0.6438031,0.1469457
-0.1297673,0.6438031,0.1469457
-0.1297673,0.6438031,0.1469457
0.09255026,0.6438031,0.1469457
0.09255026,0.6438031,-0.146942
-0.1297673,0.6438031,-0.146942
0.09255026,0.5162901,0.4117294
0.3148677,0.4549467,0.3628097
0.3148677,0.5673091,0.1294865
0.09255026,0.6438031,0.1469457
0.09255026,0.6438031,0.1469457
0.3148677,0.5673091,0.1294865
0.3148677,0.5673091,-0.1294827
0.09255026,0.6438031,-0.146942
0.09255026,0.6438031,-0.146942
0.3148677,0.5673091,-0.1294827
0.3148677,0.4549464,-0.3628058
0.09255026,0.5162898,-0.4117257
-0.1297673,0.6438031,-0.146942
0.09255026,0.6438031,-0.146942
0.09255026,0.5162898,-0.4117257
-0.1297673,0.5162898,-0.4117257
0.09255026,0.5162898,-0.4117257
0.3148677,0.4549464,-0.3628058
0.3148677,0.2524762,-0.5242704
0.09255026,0.2865192,-0.5949615
0.3148677,0.2610402,-0.2081708
0.3148677,0.3255119,-0.07429405
0.1558101,0.3165029,-0.07224911
0.1558101,0.2538153,-0.2024212
0.3148679,0.1448665,-0.3008163
0.3148677,0.2610402,-0.2081708
0.1558101,0.2538153,-0.2024212
0.1558101,0.1408564,-0.292503
0.02851731,0.1589095,-0.126732
0.02851731,0.08818839,-0.1831302
0.1558101,0.1408564,-0.292503
0.1558101,0.2538153,-0.2024212
0.02851731,0.1981568,-0.04523419
0.02851731,0.1589095,-0.126732
0.1558101,0.2538153,-0.2024212
0.1558101,0.3165029,-0.07224911
0.02851731,0.08818839,-0.1831302
0.02851731,0.1589095,-0.126732
0.1918805,0.1589095,-0.126732
0.1918805,0.0881884,-0.1831302
0.02851731,0.1589095,-0.126732
0.02851731,0.1981568,-0.04523419
0.02851731,0.3777246,-0.1317095
0.02851731,0.3384773,-0.2132073
0.1918805,0.1589095,-0.126732
0.02851731,0.1589095,-0.126732
0.02851731,0.3384773,-0.2132073
0.1162545,0.3384773,-0.2132073
0.02851731,0.3384773,-0.2132073
0.02851731,0.3777246,-0.1317095
0.1162545,0.3777246,-0.1317095
0.1162545,0.3384773,-0.2132073
0.02851731,0.1981568,-0.04523419
0.1918805,0.1981568,-0.04523419
0.1162545,0.3777246,-0.1317095
0.02851731,0.3777246,-0.1317095
0.1918805,0.1981568,-0.04523419
0.1918805,0.1589095,-0.126732
0.1162545,0.3384773,-0.2132073
0.1162545,0.3777246,-0.1317095
0.1918805,0.1589095,-0.126732
0.1918805,0.1981568,-0.04523419
0.2395919,0.1504455,-0.03434441
0.2395919,0.120648,-0.09621948
0.1918805,0.1981568,-0.04523419
0.1918805,0.1981568,0.04522157
0.2395919,0.1504455,0.0343318
0.2395919,0.1504455,-0.03434441
0.02851731,0.1981568,-0.04523419
0.02851731,0.1981568,0.04522157
0.1918805,0.1981568,0.04522157
0.1918805,0.1981568,-0.04523419
0.1918805,0.1981568,0.04522157
0.1918805,0.1589095,0.1267194
0.2395919,0.1206481,0.09620687
0.2395919,0.1504455,0.0343318
0.1918805,0.1589095,0.1267194
0.1918805,0.1981568,0.04522157
0.1162545,0.3777246,0.1316968
0.1162545,0.3384774,0.2131947
0.1918805,0.1981568,0.04522157
0.02851731,0.1981568,0.04522157
0.02851731,0.3777246,0.1316968
0.1162545,0.3777246,0.1316968
0.02851731,0.3777246,0.1316968
0.02851731,0.3384774,0.2131947
0.1162545,0.3384774,0.2131947
0.1162545,0.3777246,0.1316968
0.02851731,0.1589095,0.1267194
0.1918805,0.1589095,0.1267194
0.1162545,0.3384774,0.2131947
0.02851731,0.3384774,0.2131947
0.02851731,0.1981568,0.04522157
0.02851731,0.1589095,0.1267194
0.02851731,0.3384774,0.2131947
0.02851731,0.3777246,0.1316968
0.02851731,0.1589095,0.1267194
0.02851731,0.1981568,0.04522157
0.1558101,0.3165029,0.07223102
0.1558101,0.2538154,0.2024031
0.02851731,0.1589095,0.1267194
0.02851731,0.08818842,0.1831176
0.1918805,0.08818843,0.1831176
0.1918805,0.1589095,0.1267194
0.02851731,0.08818842,0.1831176
0.02851731,0.1589095,0.1267194
0.1558101,0.2538154,0.2024031
0.1558101,0.1408564,0.292485
0.3148677,0.3255119,0.07429788
0.3148677,0.2610404,0.2081746
0.1558101,0.2538154,0.2024031
0.1558101,0.3165029,0.07223102
0.3148677,0.2610404,0.2081746
0.3148679,0.1448666,0.3008202
0.1558101,0.1408564,0.292485
0.1558101,0.2538154,0.2024031
0.3148677,0.3255119,-0.07429405
0.3148677,0.3255119,0.07429788
0.1558101,0.3165029,0.07223102
0.1558101,0.3165029,-0.07224911
0.09255026,0.2865194,0.5949655
0.3148677,0.2524765,0.5242743
0.3148677,0.4549467,0.3628097
0.09255026,0.5162901,0.4117294
0.09255026,1.946184E-07,0.6603616
0.3148679,1.989325E-07,0.5819004
0.3148677,0.2524765,0.5242743
0.09255026,0.2865194,0.5949655
0.09255026,-0.2865191,0.5949655
0.3148679,-0.252476,0.5242743
0.3148679,1.989325E-07,0.5819004
0.09255026,1.946184E-07,0.6603616
0.3148679,1.535997E-07,0.333885
0.3148679,-0.1448663,0.3008202
0.1558103,-0.1408589,0.292485
0.1558101,-1.228282E-06,0.3246348
0.3148679,0.1448666,0.3008202
0.3148679,1.535997E-07,0.333885
0.1558101,-1.228282E-06,0.3246348
0.1558101,0.1408564,0.292485
0.02851731,6.128867E-07,0.2032459
0.02851731,0.08818842,0.1831176
0.1558101,0.1408564,0.292485
0.1558101,-1.228282E-06,0.3246348
0.02851731,-0.08818725,0.1831177
0.02851731,6.128867E-07,0.2032459
0.1558101,-1.228282E-06,0.3246348
0.1558103,-0.1408589,0.292485
0.02851731,0.08818842,0.1831176
0.02851731,6.128867E-07,0.2032459
0.02851731,0.04435021,0.3975542
0.02851731,0.1325381,0.3774259
0.02851731,6.128867E-07,0.2032459
0.02851731,-0.08818725,0.1831177
0.1918805,-0.08818723,0.1831177
0.1918805,6.250124E-07,0.2032459
0.02851731,6.128867E-07,0.2032459
0.1918805,6.250124E-07,0.2032459
0.1162545,0.04435023,0.3975542
0.02851731,0.04435021,0.3975542
0.02851731,0.1325381,0.3774259
0.02851731,0.04435021,0.3975542
0.1162545,0.04435023,0.3975542
0.1162545,0.1325381,0.3774259
0.1918805,0.08818843,0.1831176
0.02851731,0.08818842,0.1831176
0.02851731,0.1325381,0.3774259
0.1162545,0.1325381,0.3774259
0.1918805,6.250124E-07,0.2032459
0.1918805,0.08818843,0.1831176
0.1162545,0.1325381,0.3774259
0.1162545,0.04435023,0.3975542
0.1918805,0.1589095,0.1267194
0.1918805,0.08818843,0.1831176
0.2395919,0.0669549,0.1390258
0.2395919,0.1206481,0.09620687
0.1918805,0.08818843,0.1831176
0.1918805,6.250124E-07,0.2032459
0.2395919,6.197714E-07,0.1543076
0.2395919,0.0669549,0.1390258
0.2395919,-0.1206468,0.09620693
0.2395919,-0.1504443,0.03433185
0.2395919,-0.1504443,-0.03434436
0.2395919,-0.1206469,-0.09621945
0.2395919,-0.06695373,-0.1390383
0.2395919,-0.0669537,0.1390258
0.2395919,5.807765E-07,-0.1543202
0.2395919,6.197714E-07,0.1543076
0.2395919,0.06695487,-0.1390383
0.2395919,0.06695487,-0.1390383
0.2395919,0.0669549,0.1390258
0.2395919,6.197714E-07,0.1543076
0.2395919,0.120648,-0.09621948
0.2395919,0.1206481,0.09620687
0.2395919,0.1504455,-0.03434441
0.2395919,0.1504455,0.0343318
0.1918805,6.250124E-07,0.2032459
0.1918805,-0.08818723,0.1831177
0.2395919,-0.0669537,0.1390258
0.2395919,6.197714E-07,0.1543076
0.2395919,-0.1206468,0.09620693
0.2395919,-0.0669537,0.1390258
0.1918805,-0.08818723,0.1831177
0.1918805,-0.1589083,0.1267195
0.1918805,-0.1589083,0.1267195
0.1918805,-0.08818723,0.1831177
0.1162547,-0.212452,0.3389408
0.1162547,-0.2831731,0.2825426
0.1918805,-0.08818723,0.1831177
0.02851731,-0.08818725,0.1831177
0.02851731,-0.212452,0.3389408
0.1162547,-0.212452,0.3389408
0.02851731,-0.212452,0.3389408
0.02851731,-0.2831731,0.2825426
0.1162547,-0.2831731,0.2825426
0.1162547,-0.212452,0.3389408
0.02851731,-0.08818725,0.1831177
0.02851731,-0.1589083,0.1267195
0.02851731,-0.2831731,0.2825426
0.02851731,-0.212452,0.3389408
0.02851731,-0.1589083,0.1267195
0.1918805,-0.1589083,0.1267195
0.1162547,-0.2831731,0.2825426
0.02851731,-0.2831731,0.2825426
0.02851731,-0.1589083,0.1267195
0.02851731,-0.08818725,0.1831177
0.1558103,-0.1408589,0.292485
0.1558103,-0.2538179,0.2024033
0.02851731,-0.1589083,0.1267195
0.02851731,-0.1981556,0.04522163
0.1918805,-0.1981556,0.04522163
0.1918805,-0.1589083,0.1267195
0.02851731,-0.1981556,0.04522163
0.02851731,-0.1589083,0.1267195
0.1558103,-0.2538179,0.2024033
0.1558103,-0.3165056,0.07223113
0.3148679,-0.2610401,0.2081747
0.3148679,-0.3255118,0.07429801
0.1558103,-0.3165056,0.07223113
0.1558103,-0.2538179,0.2024033
0.3148679,-0.1448663,0.3008202
0.3148679,-0.2610401,0.2081747
0.1558103,-0.2538179,0.2024033
0.1558103,-0.1408589,0.292485
0.02851731,-0.1981556,-0.04523413
0.02851731,-0.1981556,0.04522163
0.1558103,-0.3165056,0.07223113
0.1558103,-0.3165056,-0.072249
0.3148679,-0.3255118,0.07429801
0.3148679,-0.3255118,-0.07429393
0.1558103,-0.3165056,-0.072249
0.1558103,-0.3165056,0.07223113
0.09255026,-0.643803,-0.1469417
0.3148679,-0.5673088,-0.1294825
0.3148679,-0.5673088,0.1294867
0.09255026,-0.643803,0.1469459
0.09255026,-0.643803,0.1469459
0.3148679,-0.5673088,0.1294867
0.3148679,-0.4549462,0.3628098
0.09255026,-0.5162897,0.4117297
0.09255026,-0.5162897,0.4117297
0.3148679,-0.4549462,0.3628098
0.3148679,-0.252476,0.5242743
0.09255026,-0.2865191,0.5949655
0.3148679,-0.3255118,-0.07429393
0.3148679,-0.2610402,-0.2081707
0.1558103,-0.2538181,-0.2024211
0.1558103,-0.3165056,-0.072249
0.3148679,-0.2610402,-0.2081707
0.3148679,-0.1448664,-0.3008163
0.1558103,-0.140859,-0.292503
0.1558103,-0.2538181,-0.2024211
0.02851731,-0.1589084,-0.126732
0.02851731,-0.1981556,-0.04523413
0.1558103,-0.3165056,-0.072249
0.1558103,-0.2538181,-0.2024211
0.02851731,-0.08818728,-0.1831302
0.02851731,-0.1589084,-0.126732
0.1558103,-0.2538181,-0.2024211
0.1558103,-0.140859,-0.292503
0.02851731,-0.1981556,-0.04523413
0.02851731,-0.1589084,-0.126732
0.1918805,-0.1589084,-0.126732
0.1918805,-0.1981556,-0.04523413
0.02851731,-0.1589084,-0.126732
0.02851731,-0.08818728,-0.1831302
0.02851731,-0.212452,-0.3389533
0.02851731,-0.2831732,-0.2825551
0.1918805,-0.1589084,-0.126732
0.02851731,-0.1589084,-0.126732
0.02851731,-0.2831732,-0.2825551
0.1162547,-0.2831732,-0.2825551
0.02851731,-0.2831732,-0.2825551
0.02851731,-0.212452,-0.3389533
0.1162547,-0.212452,-0.3389533
0.1162547,-0.2831732,-0.2825551
0.02851731,-0.08818728,-0.1831302
0.1918805,-0.08818726,-0.1831302
0.1162547,-0.212452,-0.3389533
0.02851731,-0.212452,-0.3389533
0.1918805,-0.08818726,-0.1831302
0.1918805,-0.1589084,-0.126732
0.1162547,-0.2831732,-0.2825551
0.1162547,-0.212452,-0.3389533
0.1918805,-0.1589084,-0.126732
0.1918805,-0.08818726,-0.1831302
0.2395919,-0.06695373,-0.1390383
0.2395919,-0.1206469,-0.09621945
0.1918805,-0.08818726,-0.1831302
0.1918805,5.539488E-07,-0.2032585
0.2395919,5.807765E-07,-0.1543202
0.2395919,-0.06695373,-0.1390383
0.02851731,-0.08818728,-0.1831302
0.02851731,5.418231E-07,-0.2032585
0.1918805,5.539488E-07,-0.2032585
0.1918805,-0.08818726,-0.1831302
0.1918805,5.539488E-07,-0.2032585
0.1918805,0.0881884,-0.1831302
0.2395919,0.06695487,-0.1390383
0.2395919,5.807765E-07,-0.1543202
0.1918805,0.0881884,-0.1831302
0.1918805,5.539488E-07,-0.2032585
0.1162545,0.04435004,-0.3975667
0.1162545,0.1325379,-0.3774385
0.1918805,5.539488E-07,-0.2032585
0.02851731,5.418231E-07,-0.2032585
0.02851731,0.04435003,-0.3975667
0.1162545,0.04435004,-0.3975667
0.02851731,0.04435003,-0.3975667
0.02851731,0.1325379,-0.3774385
0.1162545,0.1325379,-0.3774385
0.1162545,0.04435004,-0.3975667
0.02851731,0.08818839,-0.1831302
0.1918805,0.0881884,-0.1831302
0.1162545,0.1325379,-0.3774385
0.02851731,0.1325379,-0.3774385
0.02851731,5.418231E-07,-0.2032585
0.02851731,0.08818839,-0.1831302
0.02851731,0.1325379,-0.3774385
0.02851731,0.04435003,-0.3975667
0.02851731,5.418231E-07,-0.2032585
0.02851731,-0.08818728,-0.1831302
0.1558103,-0.140859,-0.292503
0.1558101,-1.346961E-06,-0.3246528
0.02851731,0.08818839,-0.1831302
0.02851731,5.418231E-07,-0.2032585
0.1558101,-1.346961E-06,-0.3246528
0.1558101,0.1408564,-0.292503
0.3148679,-0.1448664,-0.3008163
0.3148679,3.154386E-08,-0.3338811
0.1558101,-1.346961E-06,-0.3246528
0.1558103,-0.140859,-0.292503
0.3148679,3.154386E-08,-0.3338811
0.3148679,0.1448665,-0.3008163
0.1558101,0.1408564,-0.292503
0.1558101,-1.346961E-06,-0.3246528
0.1918805,0.0881884,-0.1831302
0.1918805,0.1589095,-0.126732
0.2395919,0.120648,-0.09621948
0.2395919,0.06695487,-0.1390383
0.1918805,-0.1981556,-0.04523413
0.1918805,-0.1589084,-0.126732
0.2395919,-0.1206469,-0.09621945
0.2395919,-0.1504443,-0.03434436
0.1918805,-0.1981556,0.04522163
0.1918805,-0.1981556,-0.04523413
0.2395919,-0.1504443,-0.03434436
0.2395919,-0.1504443,0.03433185
0.1918805,-0.1589083,0.1267195
0.1918805,-0.1981556,0.04522163
0.2395919,-0.1504443,0.03433185
0.2395919,-0.1206468,0.09620693
0.1918805,-0.1981556,-0.04523413
0.1918805,-0.1981556,0.04522163
0.1162547,-0.3974609,0.04522166
0.1162547,-0.3974609,-0.0452341
0.1918805,-0.1981556,0.04522163
0.02851731,-0.1981556,0.04522163
0.02851731,-0.3974609,0.04522166
0.1162547,-0.3974609,0.04522166
0.02851731,-0.3974609,0.04522166
0.02851731,-0.3974609,-0.0452341
0.1162547,-0.3974609,-0.0452341
0.1162547,-0.3974609,0.04522166
0.02851731,-0.1981556,0.04522163
0.02851731,-0.1981556,-0.04523413
0.02851731,-0.3974609,-0.0452341
0.02851731,-0.3974609,0.04522166
0.02851731,-0.1981556,-0.04523413
0.1918805,-0.1981556,-0.04523413
0.1162547,-0.3974609,-0.0452341
0.02851731,-0.3974609,-0.0452341
0.02851731,0.1981568,0.04522157
0.02851731,0.1981568,-0.04523419
0.1558101,0.3165029,-0.07224911
0.1558101,0.3165029,0.07223102
-0.3520849,0.1448665,0.3008202
-0.3520849,0.2610403,0.2081746
-0.1321248,0.2080979,0.1659545
-0.1321248,0.1154857,0.2398103
-0.3520849,0.2610403,0.2081746
-0.3520849,0.3255118,0.07429788
-0.1321248,0.2594938,0.05922969
-0.1321248,0.2080979,0.1659545
-0.3520849,1.03261E-07,0.333885
-0.3520849,0.1448665,0.3008202
-0.1321248,0.1154857,0.2398103
-0.1321248,9.475742E-08,0.2661691
-0.3520849,-0.1448663,0.3008202
-0.3520849,1.03261E-07,0.333885
-0.1321248,9.475742E-08,0.2661691
-0.1321246,-0.1154855,0.2398103
-0.3520849,-0.2610401,0.2081747
-0.3520849,-0.1448663,0.3008202
-0.1321246,-0.1154855,0.2398103
-0.1321246,-0.2080977,0.1659546
-0.3520849,-0.3255118,0.07429801
-0.3520849,-0.2610401,0.2081747
-0.1321246,-0.2080977,0.1659546
-0.1321246,-0.2594937,0.05922978
-0.3520849,-0.3255118,-0.07429393
-0.3520849,-0.3255118,0.07429801
-0.1321246,-0.2594937,0.05922978
-0.1321246,-0.2594937,-0.05922573
-0.3520849,-0.2610402,-0.2081707
-0.3520849,-0.3255118,-0.07429393
-0.1321246,-0.2594937,-0.05922573
-0.1321246,-0.2080978,-0.1659505
-0.3520849,-0.1448664,-0.3008163
-0.3520849,-0.2610402,-0.2081707
-0.1321246,-0.2080978,-0.1659505
-0.1321246,-0.1154856,-0.2398063
-0.3520849,-0.3255118,-0.07429393
-0.3520849,-0.4549466,-0.3628057
-0.3520847,-0.567309,-0.1294825
-0.3520849,-0.2610402,-0.2081707
-0.3520849,-0.3255118,0.07429801
-0.3520849,-0.2524763,-0.5242704
-0.3520847,-0.567309,0.1294867
-0.3520849,-0.1448664,-0.3008163
-0.3520849,-0.2610401,0.2081747
-0.3520849,-6.41277E-08,-0.5818964
-0.3520849,-0.4549463,0.3628098
-0.3520849,-1.879487E-08,-0.3338811
-0.3520849,-0.1448663,0.3008202
-0.3520849,0.2524762,-0.5242704
-0.3520849,-0.2524761,0.5242743
-0.3520849,0.1448664,-0.3008163
-0.3520849,1.03261E-07,0.333885
-0.3520849,0.4549463,-0.3628058
-0.3520849,1.485938E-07,0.5819004
-0.3520849,0.2610402,-0.2081708
-0.3520849,0.1448665,0.3008202
-0.3520849,0.567309,-0.1294827
-0.3520849,0.2524764,0.5242743
-0.3520849,0.3255118,-0.07429405
-0.3520849,0.2610403,0.2081746
-0.3520849,0.567309,0.1294865
-0.3520849,0.4549466,0.3628097
-0.3520849,0.3255118,0.07429788
0.3148679,3.154386E-08,-0.3338811
0.3148679,-0.2524763,-0.5242704
0.3148679,-1.378896E-08,-0.5818964
0.3148679,-0.1448664,-0.3008163
0.3148679,0.1448665,-0.3008163
0.3148679,-0.4549465,-0.3628057
0.3148677,0.2524762,-0.5242704
0.3148679,-0.2610402,-0.2081707
0.3148677,0.2610402,-0.2081708
0.3148679,-0.5673088,-0.1294825
0.3148677,0.4549464,-0.3628058
0.3148679,-0.3255118,-0.07429393
0.3148677,0.3255119,-0.07429405
0.3148679,-0.5673088,0.1294867
0.3148677,0.5673091,-0.1294827
0.3148679,-0.3255118,0.07429801
0.3148677,0.3255119,0.07429788
0.3148679,-0.4549462,0.3628098
0.3148677,0.5673091,0.1294865
0.3148679,-0.2610401,0.2081747
0.3148677,0.2610404,0.2081746
0.3148679,-0.252476,0.5242743
0.3148677,0.4549467,0.3628097
0.3148679,-0.1448663,0.3008202
0.3148679,0.1448666,0.3008202
0.3148679,1.989325E-07,0.5819004
0.3148677,0.2524765,0.5242743
0.3148679,1.535997E-07,0.333885
646
0.2851565,0.9774703
0.2851565,0.9774703
0.2851565,0.9774703
0.2851565,0.9774703
0.2851565,0.9774703
0.2851565,0.9774703
0.2851565,0.9774703
0.2851565,0.9774703
0.2851565,0.9774703
0.2851565,0.9774703
0.2851565,0.9774703
0.2851565,0.9774703
0.2851565,0.9774703
0.2851565,0.9774703
0.2851565,0.9774703
0.2851565,0.9774703
0.2851565,0.9774703
0.2851565,0.9774703
0.2851565,0.9774703
0.2851565,0.9774703
0.2851565,0.9774703
0.2851565,0.9774703
0.2851565,0.9774703
0.2851565,0.9774703
0.2851565,0.9774703
0.2851565,0.9774703
0.2851565,0.9774703
0.2851565,0.9774703
0.2851565,0.9774703
0.2851565,0.9774703
0.2851565,0.9774703
0.2851565,0.9774703
0.2851565,0.9774703
0.2851565,0.9774703
0.1554903,0.5296078
0.1554903,0.5296078
0.1554903,0.5296078
0.1554903,0.5296078
0.1554903,0.5296078
0.1554903,0.5296078
0.1554903,0.5296078
0.1554903,0.5296078
0.1554903,0.5296078
0.1554903,0.5296078
0.1554903,0.5296078
0.1554903,0.5296078
0.1554903,0.5296078
0.1554903,0.5296078
0.1554903,0.5296078
0.1554903,0.5296078
0.1554903,0.5296078
0.1554903,0.5296078
0.1554903,0.5296078
0.1554903,0.5296078
0.1554903,0.5296078
0.1554903,0.5296078
0.1554903,0.5296078
0.1554903,0.5296078
0.1554903,0.5296078
0.1554903,0.5296078
0.1554903,0.5296078
0.1554903,0.5296078
0.1554903,0.5296078
0.1554903,0.5296078
0.1554903,0.5296078
0.1554903,0.5296078
0.1554903,0.5296078
0.1554903,0.5296078
0.1554903,0.5296078
0.1554903,0.5296078
0.1554903,0.5296078
0.1554903,0.5296078
0.1554903,0.5296078
0.1554903,0.5296078
0.1554903,0.5296078
0.1554903,0.5296078
0.1554903,0.5296078
0.1554903,0.5296078
0.1554903,0.5296078
0.1554903,0.5296078
0.1554903,0.5296078
0.1554903,0.5296078
0.1554903,0.5296078
0.1554903,0.5296078
0.1554903,0.5296078
0.1554903,0.5296078
0.1554903,0.5296078
0.1554903,0.5296078
0.1554903,0.5296078
0.1554903,0.5296078
0.1554903,0.5296078
0.1554903,0.5296078
0.1554903,0.5296078
0.1554903,0.5296078
0.1554903,0.5296078
0.1554903,0.5296078
0.1554903,0.5296078
0.1554903,0.5296078
0.1554903,0.5296078
0.1554903,0.5296078
0.1554903,0.5296078
0.1554903,0.5296078
0.1554903,0.5296078
0.1554903,0.5296078
0.1554903,0.5296078
0.1554903,0.5296078
0.1554903,0.5296078
0.1554903,0.5296078
0.1554903,0.5296078
0.1554903,0.5296078
0.1554903,0.5296078
0.1554903,0.5296078
0.1554903,0.5296078
0.1554903,0.5296078
0.1554903,0.5296078
0.1554903,0.5296078
0.1554903,0.5296078
0.1554903,0.5296078
0.1554903,0.5296078
0.1554903,0.5296078
0.1554903,0.5296078
0.1554903,0.5296078
0.1554903,0.5296078
0.1554903,0.5296078
0.1554903,0.5296078
0.1554903,0.5296078
0.1554903,0.5296078
0.1554903,0.5296078
0.1554903,0.5296078
0.1554903,0.5296078
0.1554903,0.5296078
0.1554903,0.5296078
0.1554903,0.5296078
0.1554903,0.5296078
0.1554903,0.5296078
0.1554903,0.5296078
0.1554903,0.5296078
0.1554903,0.5296078
0.1554903,0.5296078
0.1554903,0.5296078
0.1554903,0.5296078
0.1554903,0.5296078
0.1554903,0.5296078
0.1554903,0.5296078
0.1554903,0.5296078
0.1554903,0.5296078
0.1554903,0.5296078
0.1554903,0.5296078
0.1554903,0.5296078
0.1554903,0.5296078
0.1554903,0.5296078
0.1554903,0.5296078
0.1554903,0.5296078
0.1554903,0.5296078
0.1554903,0.5296078
0.1554903,0.5296078
0.1554903,0.5296078
0.1554903,0.5296078
0.1554903,0.5296078
0.1554903,0.5296078
0.1554903,0.5296078
0.1554903,0.5296078
0.1554903,0.5296078
0.1554903,0.5296078
0.1554903,0.5296078
0.1554903,0.5296078
0.1554903,0.5296078
0.1554903,0.5296078
0.1554903,0.5296078
0.1554903,0.5296078
0.1554903,0.5296078
0.1554903,0.5296078
0.1554903,0.5296078
0.1554903,0.5296078
0.1554903,0.5296078
0.1554903,0.5296078
0.1554903,0.5296078
0.1554903,0.5296078
0.1017673,0.5321578
0.1017673,0.5321578
0.1017673,0.5321578
0.1017673,0.5321578
0.1017673,0.5321578
0.1017673,0.5321578
0.1017673,0.5321578
0.1017673,0.5321578
0.09649736,0.5347929
0.09649739,0.534793
0.09649735,0.5347928
0.09649735,0.5347928
0.09649736,0.534793
0.09649736,0.5347929
0.09649735,0.5347928
0.09649735,0.5347928
0.2851565,0.9774706
0.2851565,0.9774705
0.2851565,0.9774705
0.2851565,0.9774706
0.2851565,0.9774705
0.2851565,0.9774706
0.2851565,0.9774706
0.2851565,0.9774705
0.2851565,0.9774705
0.2851565,0.9774705
0.2851565,0.9774705
0.2851565,0.9774705
0.2851565,0.9774705
0.2851565,0.9774706
0.2851565,0.9774706
0.2851565,0.9774705
0.2851565,0.9774706
0.2851565,0.9774706
0.2851565,0.9774706
0.2851565,0.9774706
0.2851565,0.9774706
0.2851565,0.9774705
0.2851565,0.9774705
0.2851565,0.9774706
0.2851565,0.9774705
0.2851565,0.9774706
0.2851565,0.9774705
0.2851565,0.9774705
0.2851565,0.9774706
0.2851565,0.9774704
0.2851565,0.9774705
0.2851565,0.9774705
0.2851565,0.9774706
0.2851565,0.9774705
0.2851565,0.9774704
0.2851565,0.9774706
0.2851565,0.9774704
0.2851565,0.9774704
0.2851565,0.9774703
0.2851565,0.9774705
0.2851565,0.9774704
0.2851565,0.9774704
0.2851565,0.9774704
0.2851565,0.9774704
0.2851565,0.9774704
0.2851565,0.9774705
0.2851565,0.9774705
0.2851565,0.9774704
0.2851565,0.9774705
0.2851565,0.9774705
0.2851565,0.9774704
0.2851565,0.9774704
0.2851565,0.9774705
0.2851565,0.9774704
0.2851565,0.9774704
0.2851565,0.9774705
0.2851565,0.9774705
0.2851565,0.9774705
0.2851565,0.9774705
0.2851565,0.9774705
0.09649736,0.5347929
0.09649735,0.5347929
0.09649735,0.5347928
0.09649735,0.5347928
0.2851565,0.9774705
0.2851565,0.9774704
0.2851565,0.9774704
0.2851565,0.9774704
0.09649736,0.5347928
0.09649736,0.5347929
0.09649735,0.5347928
0.09649735,0.5347928
0.1017673,0.5321578
0.1017673,0.5321578
0.1017673,0.5321578
0.1017673,0.5321578
0.1017673,0.5321578
0.1017673,0.5321578
0.1017673,0.5321578
0.1017673,0.5321578
0.1017673,0.5321578
0.1017673,0.5321578
0.1017673,0.5321578
0.1017673,0.5321578
0.1554903,0.5296078
0.1554903,0.5296078
0.1554903,0.5296078
0.1554903,0.5296078
0.1554903,0.5296078
0.1554903,0.5296078
0.1554903,0.5296078
0.1554903,0.5296078
0.1554903,0.5296078
0.1554903,0.5296078
0.1554903,0.5296078
0.1554903,0.5296078
0.1017673,0.5321578
0.1017673,0.5321578
0.1017673,0.5321578
0.1017673,0.5321578
0.1017673,0.5321578
0.1017673,0.5321578
0.1017673,0.5321578
0.1017673,0.5321578
0.09649738,0.5347929
0.09649736,0.5347928
0.09649735,0.5347928
0.09649735,0.5347928
0.09649736,0.5347928
0.09649738,0.5347929
0.09649735,0.5347928
0.09649735,0.5347928
0.2851565,0.9774704
0.2851565,0.9774705
0.2851565,0.9774705
0.2851565,0.9774704
0.2851565,0.9774705
0.2851565,0.9774704
0.2851565,0.9774704
0.2851565,0.9774704
0.2851565,0.9774705
0.2851565,0.9774704
0.2851565,0.9774704
0.2851565,0.9774705
0.2851565,0.9774704
0.2851565,0.9774705
0.2851565,0.9774704
0.2851565,0.9774705
0.2851565,0.9774704
0.2851565,0.9774704
0.2851565,0.9774704
0.2851565,0.9774705
0.2851565,0.9774704
0.2851565,0.9774704
0.2851565,0.9774705
0.2851565,0.9774704
0.2851565,0.9774704
0.2851565,0.9774704
0.2851565,0.9774704
0.2851565,0.9774703
0.2851565,0.9774704
0.2851565,0.9774704
0.2851565,0.9774704
0.2851565,0.9774704
0.2851565,0.9774704
0.2851565,0.9774703
0.2851565,0.9774704
0.2851565,0.9774705
0.2851565,0.9774706
0.2851565,0.9774703
0.2851565,0.9774706
0.2851565,0.9774704
0.2851565,0.9774706
0.2851565,0.9774706
0.2851565,0.9774704
0.2851565,0.9774704
0.2851565,0.9774705
0.2851565,0.9774703
0.2851565,0.9774705
0.2851565,0.9774705
0.2851565,0.9774704
0.2851565,0.9774704
0.2851565,0.9774703
0.2851565,0.9774704
0.2851565,0.9774704
0.2851565,0.9774703
0.2851565,0.9774704
0.2851565,0.9774704
0.2851565,0.9774704
0.2851565,0.9774704
0.2851565,0.9774705
0.2851565,0.9774703
0.2851565,0.9774704
0.2851565,0.9774704
0.2851565,0.9774704
0.2851565,0.9774705
0.2851565,0.9774704
0.2851565,0.9774703
0.2851565,0.9774703
0.2851565,0.9774705
0.2851565,0.9774704
0.2851565,0.9774703
0.2851565,0.9774703
0.2851565,0.9774704
0.2851565,0.9774703
0.2851565,0.9774704
0.2851565,0.9774703
0.2851565,0.9774703
0.09649735,0.5347928
0.09649736,0.5347928
0.09649735,0.5347928
0.09649735,0.5347928
0.2851565,0.9774703
0.2851565,0.9774704
0.2851565,0.9774704
0.2851565,0.9774704
0.09649736,0.5347928
0.09649735,0.5347928
0.09649735,0.5347928
0.09649735,0.5347928
0.1017673,0.5321578
0.1017673,0.5321578
0.1017673,0.5321578
0.1017673,0.5321578
0.1017673,0.5321578
0.1017673,0.5321578
0.1017673,0.5321578
0.1017673,0.5321578
0.09649733,0.5347928
0.09649736,0.5347928
0.09649735,0.5347928
0.09649735,0.5347928
0.1017673,0.5321578
0.1017673,0.5321578
0.1017673,0.5321578
0.1017673,0.5321578
0.1554903,0.5296078
0.1554903,0.5296078
0.1554903,0.5296078
0.1554903,0.5296078
0.1554903,0.5296078
0.1554903,0.5296078
0.1554903,0.5296078
0.1554903,0.5296078
0.1554903,0.5296078
0.1554903,0.5296078
0.1554903,0.5296078
0.1554903,0.5296078
0.1017673,0.5321578
0.1017673,0.5321578
0.1017673,0.5321578
0.1017673,0.5321578
0.1017673,0.5321578
0.1017673,0.5321578
0.1017673,0.5321578
0.1017673,0.5321578
0.09649736,0.5347929
0.09649733,0.5347928
0.09649735,0.5347928
0.09649735,0.5347928
0.09649738,0.534793
0.09649736,0.5347929
0.09649735,0.5347928
0.09649735,0.5347928
0.2851565,0.9774703
0.2851565,0.9774705
0.2851565,0.9774705
0.2851565,0.9774704
0.2851565,0.9774705
0.2851565,0.9774706
0.2851565,0.9774706
0.2851565,0.9774705
0.2851565,0.9774705
0.2851565,0.9774705
0.2851565,0.9774705
0.2851565,0.9774705
0.2851565,0.9774705
0.2851565,0.9774706
0.2851565,0.9774706
0.2851565,0.9774705
0.2851565,0.9774706
0.2851565,0.9774706
0.2851565,0.9774706
0.2851565,0.9774706
0.2851565,0.9774706
0.2851565,0.9774705
0.2851565,0.9774705
0.2851565,0.9774706
0.2851565,0.9774705
0.2851565,0.9774706
0.2851565,0.9774706
0.2851565,0.9774705
0.2851565,0.9774706
0.2851565,0.9774706
0.2851565,0.9774706
0.2851565,0.9774706
0.2851565,0.9774706
0.2851565,0.9774706
0.2851565,0.9774706
0.2851565,0.9774706
0.2851565,0.9774706
0.2851565,0.9774706
0.2851565,0.9774706
0.2851565,0.9774706
0.2851565,0.9774706
0.2851565,0.9774706
0.2851565,0.9774706
0.2851565,0.9774706
0.2851565,0.9774706
0.2851565,0.9774706
0.2851565,0.9774706
0.2851565,0.9774706
0.2851565,0.9774706
0.2851565,0.9774706
0.2851565,0.9774706
0.2851565,0.9774706
0.2851565,0.9774706
0.2851565,0.9774706
0.2851565,0.9774706
0.2851565,0.9774706
0.2851565,0.9774706
0.2851565,0.9774706
0.2851565,0.9774706
0.2851565,0.9774706
0.09649741,0.534793
0.09649738,0.534793
0.09649735,0.5347928
0.09649735,0.5347928
0.09649739,0.534793
0.09649741,0.534793
0.09649735,0.5347928
0.09649735,0.5347928
0.1017673,0.5321578
0.1017673,0.5321578
0.1017673,0.5321578
0.1017673,0.5321578
0.1017673,0.5321578
0.1017673,0.5321578
0.1017673,0.5321578
0.1017673,0.5321578
0.2851565,0.9774706
0.2851565,0.9774705
0.2851565,0.9774705
0.2851565,0.9774706
0.2851565,0.9774704
0.2851565,0.9774705
0.2851565,0.9774705
0.2851565,0.9774704
0.2851565,0.9774704
0.2851565,0.9774704
0.2851565,0.9774704
0.2851565,0.9774703
0.2851565,0.9774704
0.2851565,0.9774704
0.2851565,0.9774703
0.2851565,0.9774704
0.2851565,0.9774704
0.2851565,0.9774704
0.2851565,0.9774705
0.2851565,0.9774703
0.2851565,0.9774704
0.2851565,0.9774704
0.2851565,0.9774704
0.2851565,0.9774705
0.2851565,0.9774704
0.2851565,0.9774703
0.2851565,0.9774703
0.2851565,0.9774705
0.2851565,0.9774704
0.2851565,0.9774703
0.2851565,0.9774703
0.2851565,0.9774704
0.2851565,0.9774703
0.2851565,0.9774704
0.2851565,0.9774703
0.2851565,0.9774703
0.09649735,0.5347929
0.09649736,0.534793
0.09649735,0.5347928
0.09649735,0.5347928
0.2851565,0.9774703
0.2851565,0.9774703
0.2851565,0.9774703
0.2851565,0.9774703
0.2851565,0.9774703
0.2851565,0.9774703
0.2851565,0.9774703
0.2851565,0.9774703
0.2851565,0.9774703
0.2851565,0.9774703
0.2851565,0.9774703
0.2851565,0.9774703
0.2851565,0.9774703
0.2851565,0.9774703
0.2851565,0.9774703
0.2851565,0.9774703
0.2851565,0.9774703
0.2851565,0.9774703
0.2851565,0.9774703
0.2851565,0.9774703
0.2851565,0.9774703
0.2851565,0.9774703
0.2851565,0.9774703
0.2851565,0.9774703
0.2851565,0.9774703
0.2851565,0.9774703
0.2851565,0.9774703
0.2851565,0.9774703
0.2851565,0.9774703
0.2851565,0.9774703
0.2851565,0.9774703
0.2851565,0.9774703
0.2851565,0.9774703
0.2851565,0.9774703
0.2851565,0.9774703
0.2851565,0.9774703
0.1554903,0.5296078
0.1554903,0.5296078
0.1554903,0.5296078
0.1554903,0.5296078
0.1554903,0.5296078
0.1554903,0.5296078
0.1554903,0.5296078
0.1554903,0.5296078
0.1554903,0.5296078
0.1554903,0.5296078
0.1554903,0.5296078
0.1554903,0.5296078
0.1554903,0.5296078
0.1554903,0.5296078
0.1554903,0.5296078
0.1554903,0.5296078
0.1554903,0.5296078
0.1554903,0.5296078
0.1554903,0.5296078
0.1554903,0.5296078
0.1554903,0.5296078
0.1554903,0.5296078
0.1554903,0.5296078
0.1554903,0.5296078
0.1554903,0.5296078
0.1554903,0.5296078
0.1554903,0.5296078
0.1554903,0.5296078
0.1554903,0.5296078
0.1554903,0.5296078
0.1554903,0.5296078
0.1554903,0.5296078
0.1554903,0.5296078
0.1554903,0.5296078
0.1554903,0.5296078
0.1554903,0.5296078
0.1554903,0.5296078
0.1554903,0.5296078
0.1554903,0.5296078
0.1554903,0.5296078
0.1554903,0.5296078
0.1554903,0.5296078
0.1554903,0.5296078
0.1554903,0.5296078
0.1554903,0.5296078
0.1554903,0.5296078
0.1554903,0.5296078
0.1554903,0.5296078
0.1554903,0.5296078
0.1554903,0.5296078
0.1554903,0.5296078
0.1554903,0.5296078
0.1554903,0.5296078
0.1554903,0.5296078
0.1554903,0.5296078
0.1554903,0.5296078
1
1080
0
1
2
0
2
3
4
5
6
4
6
7
8
9
10
10
11
8
11
12
8
11
13
12
13
14
12
13
15
14
15
16
14
15
17
16
17
18
16
17
19
18
19
20
18
19
21
20
22
23
24
22
24
25
26
27
28
26
28
29
30
31
32
30
32
33
34
35
36
34
36
37
38
39
40
38
40
41
42
43
44
42
44
45
46
47
48
46
48
49
50
51
52
50
52
53
54
55
56
54
56
57
58
59
60
58
60
61
62
63
64
62
64
65
66
67
68
66
68
69
70
71
72
70
72
73
74
75
76
74
76
77
78
79
80
78
80
81
82
83
84
82
84
85
86
87
88
86
88
89
90
91
92
90
92
93
94
95
96
94
96
97
98
99
100
98
100
101
102
103
104
102
104
105
106
107
108
106
108
109
110
111
112
110
112
113
114
115
116
114
116
117
118
119
120
118
120
121
122
123
124
122
124
125
126
127
128
126
128
129
130
131
132
130
132
133
134
135
136
134
136
137
138
139
140
138
140
141
142
143
144
142
144
145
146
147
148
146
148
149
150
151
152
150
152
153
154
155
156
154
156
157
158
159
160
158
160
161
162
163
164
162
164
165
166
167
168
166
168
169
170
171
172
170
172
173
174
175
176
174
176
177
178
179
180
178
180
181
182
183
184
182
184
185
186
187
188
186
188
189
190
191
192
190
192
193
194
195
196
194
196
197
198
199
200
198
200
201
202
203
204
202
204
205
206
207
208
206
208
209
210
211
212
210
212
213
214
215
216
214
216
217
218
219
220
218
220
221
222
223
224
222
224
225
226
227
228
226
228
229
230
231
232
230
232
233
234
235
236
234
236
237
238
239
240
238
240
241
242
243
244
242
244
245
246
247
248
246
248
249
250
251
252
250
252
253
254
255
256
254
256
257
258
259
260
258
260
261
262
263
264
262
264
265
266
267
268
266
268
269
270
271
272
270
272
273
274
275
276
274
276
277
278
279
280
278
280
281
282
283
284
282
284
285
286
287
288
286
288
289
290
291
292
290
292
293
294
295
296
294
296
297
298
299
300
298
300
301
302
303
304
302
304
305
306
307
308
306
308
309
310
311
312
310
312
313
314
315
316
314
316
317
318
319
320
318
320
321
322
323
324
322
324
325
326
327
328
326
328
329
330
331
332
330
332
333
334
335
336
334
336
337
338
339
340
340
341
338
341
342
338
342
343
338
342
344
343
344
345
343
344
346
345
347
348
349
347
350
348
350
351
348
350
352
351
352
353
351
354
355
356
354
356
357
358
359
360
358
360
361
362
363
364
362
364
365
366
367
368
366
368
369
370
371
372
370
372
373
374
375
376
374
376
377
378
379
380
378
380
381
382
383
384
382
384
385
386
387
388
386
388
389
390
391
392
390
392
393
394
395
396
394
396
397
398
399
400
398
400
401
402
403
404
402
404
405
406
407
408
406
408
409
410
411
412
410
412
413
414
415
416
414
416
417
418
419
420
418
420
421
422
423
424
422
424
425
426
427
428
426
428
429
430
431
432
430
432
433
434
435
436
434
436
437
438
439
440
438
440
441
442
443
444
442
444
445
446
447
448
446
448
449
450
451
452
450
452
453
454
455
456
454
456
457
458
459
460
458
460
461
462
463
464
462
464
465
466
467
468
466
468
469
470
471
472
470
472
473
474
475
476
474
476
477
478
479
480
478
480
481
482
483
484
482
484
485
486
487
488
486
488
489
490
491
492
490
492
493
494
495
496
494
496
497
498
499
500
498
500
501
502
503
504
502
504
505
506
507
508
506
508
509
510
511
512
510
512
513
514
515
516
514
516
517
518
519
520
518
520
521
522
523
524
522
524
525
526
527
528
526
528
529
530
531
532
530
532
533
534
535
536
534
536
537
538
539
540
538
540
541
542
543
544
542
544
545
546
547
548
546
548
549
550
551
552
550
552
553
554
555
556
554
556
557
558
559
560
558
560
561
562
563
564
562
564
565
566
567
568
566
568
569
570
571
572
570
572
573
574
575
576
574
576
577
578
579
580
578
580
581
582
583
584
582
584
585
586
587
588
586
588
589
590
591
592
590
593
591
594
590
592
593
595
591
594
592
596
593
597
595
598
594
596
597
599
595
598
596
600
597
601
599
602
598
600
601
603
599
602
600
604
601
605
603
606
602
604
605
607
603
606
604
608
605
609
607
610
606
608
609
611
607
610
608
612
609
613
611
614
610
612
613
615
611
614
612
616
613
617
615
617
614
616
617
616
615
618
619
620
618
621
619
622
618
620
621
623
619
622
620
624
621
625
623
626
622
624
625
627
623
626
624
628
625
629
627
630
626
628
629
631
627
630
628
632
629
633
631
634
630
632
633
635
631
634
632
636
633
637
635
638
634
636
637
639
635
638
636
640
637
641
639
642
638
640
641
643
639
642
640
644
641
645
643
645
642
644
645
644
643
