MESH3
N Van_10 FL Tire
192
0.1538863,-0.3164216,0.1826861
0.1538863,-0.3653722,8.154905E-08
0.1538863,-0.3164216,-0.1826861
0.1538863,-0.1826861,0.3164215
0.1538863,-0.1826861,-0.3164215
0.1538864,-5.496859E-08,0.3653722
0.1538864,-5.496859E-08,-0.3653722
0.1538864,0.182686,0.3164215
0.1538864,0.182686,-0.3164215
0.1538864,0.3164215,0.1826861
0.1538864,0.3164215,-0.1826861
0.1538864,0.3653722,8.154905E-08
-0.1606596,-0.04452681,-0.02570775
-0.1606596,-0.05141515,-1.214711E-07
-0.1606596,-0.04452681,0.0257075
-0.1606596,-0.02570753,-0.044527
-0.1606596,-0.02570758,0.04452666
-0.1606596,-2.959108E-08,0.05141493
-0.1606596,2.116395E-08,-0.05141537
-0.1606596,0.02570762,0.04452666
-0.1606596,0.02570762,-0.044527
-0.1606596,0.04452685,-0.02570775
-0.1606596,0.0445269,0.0257075
-0.1606596,0.05141522,-1.214711E-07
-0.09579232,-2.959108E-08,0.07862693
-0.1606596,-2.959108E-08,0.05141493
-0.1606596,-0.02570758,0.04452666
-0.09579232,-0.0393134,0.06809303
-0.09579232,0.03931345,0.06809303
-0.1606596,-0.04452681,0.0257075
-0.1606596,0.02570762,0.04452666
-0.09579232,-0.06809285,0.03931351
-0.09579232,0.06809294,0.03931351
-0.1606596,-0.05141515,-1.214711E-07
-0.1606596,0.0445269,0.0257075
-0.09579232,-0.07862691,8.154905E-08
-0.09579232,0.07862692,8.154905E-08
-0.1606596,-0.04452681,-0.02570775
-0.1606596,0.05141522,-1.214711E-07
-0.09579232,-0.06809285,-0.03931344
-0.09579232,0.06809289,-0.03931344
-0.1606596,-0.02570753,-0.044527
-0.1606596,0.04452685,-0.02570775
-0.09579232,-0.0393134,-0.06809296
-0.09579232,0.03931345,-0.06809296
-0.1606596,2.116395E-08,-0.05141537
-0.1606596,0.02570762,-0.044527
-0.09579232,-2.959108E-08,-0.07862677
-0.09579232,0.06809289,-0.03931344
-0.09579221,0.2132092,-0.1230962
-0.09579232,0.1230964,-0.2132091
-0.09579232,0.07862692,8.154905E-08
-0.09579232,0.03931345,-0.06809296
-0.09579221,0.2461927,8.154905E-08
-0.09579232,-2.959108E-08,-0.2461927
-0.09579232,0.06809294,0.03931351
-0.09579232,-2.959108E-08,-0.07862677
-0.09579221,0.2132092,0.1230962
-0.09579232,-0.1230963,-0.2132091
-0.09579232,0.03931345,0.06809303
-0.09579232,-0.0393134,-0.06809296
-0.09579232,0.1230964,0.213209
-0.09579232,-0.2132091,-0.1230964
-0.09579232,-2.959108E-08,0.07862693
-0.09579232,-0.06809285,-0.03931344
-0.09579232,2.116395E-08,0.2461926
-0.09579232,-0.2461927,8.154905E-08
-0.09579232,-0.0393134,0.06809303
-0.09579232,-0.07862691,8.154905E-08
-0.09579232,-0.1230963,0.2132092
-0.09579232,-0.2132091,0.1230965
-0.09579232,-0.06809285,0.03931351
-0.09579221,0.2132092,-0.1230962
-0.1606617,0.2656344,-0.1533642
-0.1606617,0.1533641,-0.2656344
-0.09579221,0.2461927,8.154905E-08
-0.09579232,0.1230964,-0.2132091
-0.1606617,0.3067283,8.154905E-08
-0.1606617,2.116395E-08,-0.3067282
-0.09579221,0.2132092,0.1230962
-0.09579232,-2.959108E-08,-0.2461927
-0.1606617,0.2656344,0.1533641
-0.1606617,-0.1533641,-0.2656345
-0.09579232,0.1230964,0.213209
-0.09579232,-0.1230963,-0.2132091
-0.1606617,0.1533641,0.2656344
-0.1606617,-0.2656344,-0.1533642
-0.09579232,2.116395E-08,0.2461926
-0.09579232,-0.2132091,-0.1230964
-0.1606617,2.116395E-08,0.3067284
-0.1606617,-0.3067282,8.154905E-08
-0.09579232,-0.1230963,0.2132092
-0.09579232,-0.2461927,8.154905E-08
-0.1606617,-0.1533641,0.2656344
-0.1606617,-0.2656344,0.1533641
-0.09579232,-0.2132091,0.1230965
-0.1606617,0.2656344,-0.1533642
-0.1606617,0.3164215,-0.1826861
-0.1606617,0.1826861,-0.3164215
-0.1606617,0.3067283,8.154905E-08
-0.1606617,0.1533641,-0.2656344
-0.1606617,0.3653722,8.154905E-08
-0.1606617,2.116395E-08,-0.3653722
-0.1606617,0.2656344,0.1533641
-0.1606617,2.116395E-08,-0.3067282
-0.1606617,0.3164215,0.1826861
-0.1606617,-0.182686,-0.3164215
-0.1606617,0.1533641,0.2656344
-0.1606617,-0.1533641,-0.2656345
-0.1606617,0.1826861,0.3164215
-0.1606617,-0.3164215,-0.1826861
-0.1606617,2.116395E-08,0.3067284
-0.1606617,-0.2656344,-0.1533642
-0.1606617,2.116395E-08,0.3653722
-0.1606617,-0.3653721,8.154905E-08
-0.1606617,-0.1533641,0.2656344
-0.1606617,-0.3067282,8.154905E-08
-0.1606617,-0.182686,0.3164215
-0.1606617,-0.3164215,0.1826861
-0.1606617,-0.2656344,0.1533641
-0.135111,0.1959121,-0.3393296
-0.1606617,0.1826861,-0.3164215
-0.1606617,0.3164215,-0.1826861
-0.135111,0.3393296,-0.1959121
-0.135111,2.116395E-08,-0.3918242
-0.1606617,0.3653722,8.154905E-08
-0.1606617,2.116395E-08,-0.3653722
-0.135111,0.3918241,8.154905E-08
-0.135111,-0.195912,-0.3393296
-0.1606617,0.3164215,0.1826861
-0.1606617,-0.182686,-0.3164215
-0.135111,0.3393296,0.1959121
-0.135111,-0.3393296,-0.1959121
-0.1606617,0.1826861,0.3164215
-0.1606617,-0.3164215,-0.1826861
-0.135111,0.1959121,0.3393295
-0.135111,-0.3918241,8.154905E-08
-0.1606617,2.116395E-08,0.3653722
-0.1606617,-0.3653721,8.154905E-08
-0.135111,2.116395E-08,0.3918242
-0.135111,-0.3393296,0.1959121
-0.1606617,-0.182686,0.3164215
-0.1606617,-0.3164215,0.1826861
-0.135111,-0.195912,0.3393295
0.1283358,0.3393296,-0.1959121
0.1538864,0.182686,-0.3164215
0.1283358,0.195912,-0.3393296
0.1538864,0.3164215,-0.1826861
0.1538864,-5.496859E-08,-0.3653722
0.1283358,0.391824,8.154905E-08
0.1283357,-5.496859E-08,-0.3918242
0.1538864,0.3653722,8.154905E-08
0.1538863,-0.1826861,-0.3164215
0.1283358,0.3393296,0.1959121
0.1283357,-0.1959121,-0.3393296
0.1538864,0.3164215,0.1826861
0.1538863,-0.3164216,-0.1826861
0.1283358,0.195912,0.3393295
0.1283357,-0.3393297,-0.1959121
0.1538864,0.182686,0.3164215
0.1538863,-0.3653722,8.154905E-08
0.1283357,-5.496859E-08,0.3918242
0.1283357,-0.3918241,8.154905E-08
0.1538864,-5.496859E-08,0.3653722
0.1538863,-0.3164216,0.1826861
0.1283357,-0.1959121,0.3393295
0.1283357,-0.3393297,0.1959121
0.1538863,-0.1826861,0.3164215
0.1283358,0.195912,-0.3393296
-0.135111,2.116395E-08,-0.3918242
-0.135111,0.1959121,-0.3393296
0.1283357,-5.496859E-08,-0.3918242
0.1283358,0.3393296,-0.1959121
-0.135111,-0.195912,-0.3393296
-0.135111,0.3393296,-0.1959121
0.1283357,-0.1959121,-0.3393296
0.1283358,0.391824,8.154905E-08
-0.135111,-0.3393296,-0.1959121
-0.135111,0.3918241,8.154905E-08
0.1283357,-0.3393297,-0.1959121
0.1283358,0.3393296,0.1959121
-0.135111,-0.3918241,8.154905E-08
-0.135111,0.3393296,0.1959121
0.1283357,-0.3918241,8.154905E-08
0.1283358,0.195912,0.3393295
-0.135111,-0.3393296,0.1959121
-0.135111,0.1959121,0.3393295
0.1283357,-0.3393297,0.1959121
0.1283357,-5.496859E-08,0.3918242
-0.135111,-0.195912,0.3393295
-0.135111,2.116395E-08,0.3918242
0.1283357,-0.1959121,0.3393295
192
0.1484376,0.5326324
0.1484376,0.5326324
0.1484376,0.5326324
0.1484376,0.5326324
0.1484376,0.5326324
0.1484376,0.5326324
0.1484376,0.5326324
0.1484376,0.5326324
0.1484376,0.5326324
0.1484376,0.5326324
0.1484376,0.5326324
0.1484376,0.5326324
0.2816155,0.9614092
0.2816155,0.9614092
0.2816155,0.9614092
0.2816155,0.9614092
0.2816155,0.9614092
0.2816155,0.9614092
0.2816155,0.9614092
0.2816155,0.9614092
0.2816155,0.9614092
0.2816155,0.9614092
0.2816155,0.9614092
0.2816155,0.9614092
0.2816155,0.9614092
0.2816155,0.9614092
0.2816155,0.9614092
0.2816155,0.9614092
0.2816155,0.9614092
0.2816155,0.9614092
0.2816155,0.9614092
0.2816155,0.9614092
0.2816155,0.9614092
0.2816155,0.9614092
0.2816155,0.9614092
0.2816155,0.9614092
0.2816155,0.9614092
0.2816155,0.9614092
0.2816155,0.9614092
0.2816155,0.9614092
0.2816155,0.9614092
0.2816155,0.9614092
0.2816155,0.9614092
0.2816155,0.9614092
0.2816155,0.9614092
0.2816155,0.9614092
0.2816155,0.9614092
0.2816155,0.9614092
0.09179693,0.5502105
0.09179693,0.5502105
0.09179693,0.5502105
0.09179693,0.5502105
0.09179693,0.5502105
0.09179693,0.5502105
0.09179693,0.5502105
0.09179693,0.5502105
0.09179693,0.5502105
0.09179693,0.5502105
0.09179693,0.5502105
0.09179693,0.5502105
0.09179693,0.5502105
0.09179693,0.5502105
0.09179693,0.5502105
0.09179693,0.5502105
0.09179693,0.5502105
0.09179693,0.5502105
0.09179693,0.5502105
0.09179693,0.5502105
0.09179693,0.5502105
0.09179693,0.5502105
0.09179693,0.5502105
0.09179693,0.5502105
0.2835684,0.9627111
0.2835684,0.9627111
0.2835684,0.9627111
0.2835684,0.9627111
0.2835684,0.9627111
0.2835684,0.9627111
0.2835684,0.9627111
0.2835684,0.9627111
0.2835684,0.9627111
0.2835684,0.9627111
0.2835684,0.9627111
0.2835684,0.9627111
0.2835684,0.9627111
0.2835684,0.9627111
0.2835684,0.9627111
0.2835684,0.9627111
0.2835684,0.9627111
0.2835684,0.9627111
0.2835684,0.9627111
0.2835684,0.9627111
0.2835684,0.9627111
0.2835684,0.9627111
0.2835684,0.9627111
0.2835684,0.9627111
0.1484376,0.5326324
0.1484376,0.5326324
0.1484376,0.5326324
0.1484376,0.5326324
0.1484376,0.5326324
0.1484376,0.5326324
0.1484376,0.5326324
0.1484376,0.5326324
0.1484376,0.5326324
0.1484376,0.5326324
0.1484376,0.5326324
0.1484376,0.5326324
0.1484376,0.5326324
0.1484376,0.5326324
0.1484376,0.5326324
0.1484376,0.5326324
0.1484376,0.5326324
0.1484376,0.5326324
0.1484376,0.5326324
0.1484376,0.5326324
0.1484376,0.5326324
0.1484376,0.5326324
0.1484376,0.5326324
0.1484376,0.5326324
0.1484376,0.5326324
0.1484376,0.5326324
0.1484376,0.5326324
0.1484376,0.5326324
0.1484376,0.5326324
0.1484376,0.5326324
0.1484376,0.5326324
0.1484376,0.5326324
0.1484376,0.5326324
0.1484376,0.5326324
0.1484376,0.5326324
0.1484376,0.5326324
0.1484376,0.5326324
0.1484376,0.5326324
0.1484376,0.5326324
0.1484376,0.5326324
0.1484376,0.5326324
0.1484376,0.5326324
0.1484376,0.5326324
0.1484376,0.5326324
0.1484376,0.5326324
0.1484376,0.5326324
0.1484376,0.5326324
0.1484376,0.5326324
0.1484376,0.5326324
0.1484376,0.5326324
0.1484376,0.5326324
0.1484376,0.5326324
0.1484376,0.5326324
0.1484376,0.5326324
0.1484376,0.5326324
0.1484376,0.5326324
0.1484376,0.5326324
0.1484376,0.5326324
0.1484376,0.5326324
0.1484376,0.5326324
0.1484376,0.5326324
0.1484376,0.5326324
0.1484376,0.5326324
0.1484376,0.5326324
0.1484376,0.5326324
0.1484376,0.5326324
0.1484376,0.5326324
0.1484376,0.5326324
0.1484376,0.5326324
0.1484376,0.5326324
0.1484376,0.5326324
0.1484376,0.5326324
0.1484376,0.5326324
0.1484376,0.5326324
0.1484376,0.5326324
0.1484376,0.5326324
0.1484376,0.5326324
0.1484376,0.5326324
0.1484376,0.5326324
0.1484376,0.5326324
0.1484376,0.5326324
0.1484376,0.5326324
0.1484376,0.5326324
0.1484376,0.5326324
0.1484376,0.5326324
0.1484376,0.5326324
0.1484376,0.5326324
0.1484376,0.5326324
0.1484376,0.5326324
0.1484376,0.5326324
0.1484376,0.5326324
0.1484376,0.5326324
0.1484376,0.5326324
0.1484376,0.5326324
0.1484376,0.5326324
0.1484376,0.5326324
1
564
0
1
2
2
3
0
2
4
3
4
5
3
4
6
5
6
7
5
6
8
7
8
9
7
8
10
9
10
11
9
12
13
14
14
15
12
14
16
15
16
17
15
17
18
15
17
19
18
19
20
18
19
21
20
19
22
21
22
23
21
24
25
26
24
26
27
28
25
24
27
26
29
28
30
25
27
29
31
32
30
28
31
29
33
32
34
30
31
33
35
36
34
32
35
33
37
36
38
34
35
37
39
40
38
36
39
37
41
40
42
38
39
41
43
44
42
40
43
41
45
44
46
42
43
45
47
47
46
44
47
45
46
48
49
50
51
49
48
48
50
52
51
53
49
52
50
54
55
53
51
52
54
56
55
57
53
56
54
58
59
57
55
56
58
60
59
61
57
60
58
62
63
61
59
60
62
64
63
65
61
64
62
66
67
65
63
64
66
68
67
69
65
68
66
70
71
69
67
68
70
71
71
70
69
72
73
74
75
73
72
72
74
76
75
77
73
76
74
78
79
77
75
76
78
80
79
81
77
80
78
82
83
81
79
80
82
84
83
85
81
84
82
86
87
85
83
84
86
88
87
89
85
88
86
90
91
89
87
88
90
92
91
93
89
92
90
94
95
93
91
92
94
95
95
94
93
96
97
98
99
97
96
96
98
100
99
101
97
100
98
102
103
101
99
100
102
104
103
105
101
104
102
106
107
105
103
104
106
108
107
109
105
108
106
110
111
109
107
108
110
112
111
113
109
112
110
114
115
113
111
112
114
116
115
117
113
116
114
118
119
117
115
116
118
119
119
118
117
120
121
122
120
122
123
124
121
120
123
122
125
124
126
121
123
125
127
128
126
124
127
125
129
128
130
126
127
129
131
132
130
128
131
129
133
132
134
130
131
133
135
136
134
132
135
133
137
136
138
134
135
137
139
140
138
136
139
137
141
140
142
138
139
141
143
143
142
140
143
141
142
144
145
146
144
147
145
146
145
148
149
147
144
146
148
150
149
151
147
150
148
152
153
151
149
150
152
154
153
155
151
154
152
156
157
155
153
154
156
158
157
159
155
158
156
160
161
159
157
158
160
162
161
163
159
162
160
164
165
163
161
162
164
166
165
167
163
166
164
167
166
167
165
168
169
170
168
171
169
172
168
170
171
173
169
172
170
174
171
175
173
176
172
174
175
177
173
176
174
178
175
179
177
180
176
178
179
181
177
180
178
182
179
183
181
184
180
182
183
185
181
184
182
186
183
187
185
188
184
186
187
189
185
188
186
190
187
191
189
191
188
190
191
190
189
