MESH3
N Van_10 BR Tire
192
-0.1538863,-0.3164216,-0.1826862
-0.1538863,-0.3653722,-4.42327E-08
-0.1538863,-0.3164216,0.1826861
-0.1538863,-0.1826861,-0.3164216
-0.1538863,-0.1826861,0.3164215
-0.1538864,-5.520646E-08,-0.3653722
-0.1538864,-5.520646E-08,0.3653721
-0.1538864,0.182686,-0.3164216
-0.1538864,0.182686,0.3164215
-0.1538864,0.3164215,-0.1826862
-0.1538864,0.3164215,0.1826861
-0.1538864,0.3653722,-4.42327E-08
0.1606596,-0.04452681,0.02570738
0.1606596,-0.05141515,-1.457428E-07
0.1606596,-0.04452681,-0.02570777
0.1606596,-0.02570758,0.04452673
0.1606596,-0.02570753,-0.04452713
0.1606596,-2.982895E-08,0.051415
0.1606596,2.092608E-08,-0.0514154
0.1606596,0.02570762,0.04452673
0.1606596,0.02570762,-0.04452713
0.1606596,0.0445269,0.02570738
0.1606596,0.04452685,-0.02570777
0.1606596,0.05141522,-1.457428E-07
0.1606617,-0.1533641,-0.2656345
0.1606617,-0.2656344,-0.1533642
0.1606617,-0.3164215,-0.1826862
0.1606617,-0.182686,-0.3164216
0.1606617,-0.3653721,-4.42327E-08
0.1606617,2.092608E-08,-0.3067282
0.1606617,-0.3067282,-4.42327E-08
0.1606617,2.092608E-08,-0.3653722
0.1606617,-0.3164215,0.1826861
0.1606617,0.1533641,-0.2656345
0.1606617,-0.2656344,0.153364
0.1606617,0.1826861,-0.3164216
0.1606617,-0.182686,0.3164215
0.1606617,0.2656344,-0.1533642
0.1606617,-0.1533641,0.2656345
0.1606617,0.3164215,-0.1826862
0.1606617,2.092608E-08,0.3653721
0.1606617,0.3067283,-4.42327E-08
0.1606617,2.092608E-08,0.3067282
0.1606617,0.3653722,-4.42327E-08
0.1606617,0.1826861,0.3164215
0.1606617,0.2656344,0.153364
0.1606617,0.1533641,0.2656345
0.1606617,0.3164215,0.1826861
0.09579231,-0.1230963,-0.213209
0.09579231,-0.2132091,-0.1230965
0.1606617,-0.2656344,-0.1533642
0.1606617,-0.1533641,-0.2656345
0.1606617,-0.3067282,-4.42327E-08
0.09579231,-2.982895E-08,-0.2461927
0.09579231,-0.2461927,-4.42327E-08
0.1606617,2.092608E-08,-0.3067282
0.1606617,-0.2656344,0.153364
0.09579231,0.1230964,-0.213209
0.09579231,-0.2132091,0.1230964
0.1606617,0.1533641,-0.2656345
0.1606617,-0.1533641,0.2656345
0.09579221,0.2132092,-0.1230963
0.09579231,-0.1230963,0.2132092
0.1606617,0.2656344,-0.1533642
0.1606617,2.092608E-08,0.3067282
0.09579221,0.2461927,-4.42327E-08
0.09579231,2.092608E-08,0.2461926
0.1606617,0.3067283,-4.42327E-08
0.1606617,0.1533641,0.2656345
0.09579221,0.2132092,0.1230962
0.09579231,0.1230964,0.213209
0.1606617,0.2656344,0.153364
0.09579231,-0.0393134,-0.06809289
0.09579231,-0.06809285,-0.03931337
0.09579231,-0.2132091,-0.1230965
0.09579231,-0.1230963,-0.213209
0.09579231,-0.2461927,-4.42327E-08
0.09579231,-2.982895E-08,-0.0786268
0.09579231,-0.07862691,-4.42327E-08
0.09579231,-2.982895E-08,-0.2461927
0.09579231,-0.2132091,0.1230964
0.09579231,0.03931345,-0.06809289
0.09579231,-0.06809285,0.03931338
0.09579231,0.1230964,-0.213209
0.09579231,-0.1230963,0.2132092
0.09579231,0.06809289,-0.03931337
0.09579231,-0.0393134,0.06809301
0.09579221,0.2132092,-0.1230963
0.09579231,2.092608E-08,0.2461926
0.09579231,0.07862692,-4.42327E-08
0.09579231,-2.982895E-08,0.0786268
0.09579221,0.2461927,-4.42327E-08
0.09579231,0.1230964,0.213209
0.09579231,0.06809294,0.03931338
0.09579231,0.03931345,0.06809301
0.09579221,0.2132092,0.1230962
0.09579231,-0.07862691,-4.42327E-08
0.09579231,-0.06809285,-0.03931337
0.1606596,-0.04452681,-0.02570777
0.1606596,-0.05141515,-1.457428E-07
0.1606596,-0.02570753,-0.04452713
0.09579231,-0.06809285,0.03931338
0.09579231,-0.0393134,-0.06809289
0.1606596,-0.04452681,0.02570738
0.1606596,2.092608E-08,-0.0514154
0.09579231,-0.0393134,0.06809301
0.09579231,-2.982895E-08,-0.0786268
0.1606596,-0.02570758,0.04452673
0.1606596,0.02570762,-0.04452713
0.09579231,-2.982895E-08,0.0786268
0.09579231,0.03931345,-0.06809289
0.1606596,-2.982895E-08,0.051415
0.1606596,0.04452685,-0.02570777
0.09579231,0.03931345,0.06809301
0.09579231,0.06809289,-0.03931337
0.1606596,0.02570762,0.04452673
0.1606596,0.05141522,-1.457428E-07
0.09579231,0.06809294,0.03931338
0.09579231,0.07862692,-4.42327E-08
0.1606596,0.0445269,0.02570738
-0.1283358,0.195912,-0.3393296
0.135111,2.092608E-08,-0.3918241
-0.1283357,-5.520646E-08,-0.3918241
0.135111,0.1959121,-0.3393296
0.135111,-0.195912,-0.3393296
-0.1283358,0.3393296,-0.1959121
-0.1283357,-0.1959121,-0.3393296
0.135111,0.3393296,-0.1959121
0.135111,-0.3393296,-0.1959121
-0.1283358,0.391824,-4.42327E-08
-0.1283357,-0.3393297,-0.1959121
0.135111,0.3918241,-4.42327E-08
0.135111,-0.3918241,-4.42327E-08
-0.1283358,0.3393296,0.195912
-0.1283357,-0.3918241,-4.42327E-08
0.135111,0.3393296,0.195912
0.135111,-0.3393296,0.195912
-0.1283358,0.195912,0.3393296
-0.1283357,-0.3393297,0.195912
0.135111,0.1959121,0.3393296
0.135111,-0.195912,0.3393296
-0.1283357,-5.520646E-08,0.3918242
-0.1283357,-0.1959121,0.3393296
0.135111,2.092608E-08,0.3918242
0.135111,-0.3393296,-0.1959121
0.135111,-0.195912,-0.3393296
0.1606617,-0.182686,-0.3164216
0.1606617,-0.3164215,-0.1826862
0.1606617,2.092608E-08,-0.3653722
0.135111,-0.3918241,-4.42327E-08
0.135111,2.092608E-08,-0.3918241
0.1606617,-0.3653721,-4.42327E-08
0.1606617,0.1826861,-0.3164216
0.135111,-0.3393296,0.195912
0.135111,0.1959121,-0.3393296
0.1606617,-0.3164215,0.1826861
0.1606617,0.3164215,-0.1826862
0.135111,-0.195912,0.3393296
0.135111,0.3393296,-0.1959121
0.1606617,-0.182686,0.3164215
0.1606617,0.3653722,-4.42327E-08
0.135111,2.092608E-08,0.3918242
0.135111,0.3918241,-4.42327E-08
0.1606617,2.092608E-08,0.3653721
0.1606617,0.3164215,0.1826861
0.135111,0.1959121,0.3393296
0.135111,0.3393296,0.195912
0.1606617,0.1826861,0.3164215
-0.1283357,-0.3393297,-0.1959121
-0.1538863,-0.3653722,-4.42327E-08
-0.1538863,-0.3164216,-0.1826862
-0.1283357,-0.3918241,-4.42327E-08
-0.1283357,-0.1959121,-0.3393296
-0.1538863,-0.3164216,0.1826861
-0.1538863,-0.1826861,-0.3164216
-0.1283357,-0.3393297,0.195912
-0.1283357,-5.520646E-08,-0.3918241
-0.1538863,-0.1826861,0.3164215
-0.1538864,-5.520646E-08,-0.3653722
-0.1283357,-0.1959121,0.3393296
-0.1283358,0.195912,-0.3393296
-0.1538864,-5.520646E-08,0.3653721
-0.1538864,0.182686,-0.3164216
-0.1283357,-5.520646E-08,0.3918242
-0.1283358,0.3393296,-0.1959121
-0.1538864,0.182686,0.3164215
-0.1538864,0.3164215,-0.1826862
-0.1283358,0.195912,0.3393296
-0.1283358,0.391824,-4.42327E-08
-0.1538864,0.3164215,0.1826861
-0.1538864,0.3653722,-4.42327E-08
-0.1283358,0.3393296,0.195912
192
0.1484376,0.5326324
0.1484376,0.5326324
0.1484376,0.5326324
0.1484376,0.5326324
0.1484376,0.5326324
0.1484376,0.5326324
0.1484376,0.5326324
0.1484376,0.5326324
0.1484376,0.5326324
0.1484376,0.5326324
0.1484376,0.5326324
0.1484376,0.5326324
0.2816155,0.9614092
0.2816155,0.9614092
0.2816155,0.9614092
0.2816155,0.9614092
0.2816155,0.9614092
0.2816155,0.9614092
0.2816155,0.9614092
0.2816155,0.9614092
0.2816155,0.9614092
0.2816155,0.9614092
0.2816155,0.9614092
0.2816155,0.9614092
0.1484376,0.5326324
0.1484376,0.5326324
0.1484376,0.5326324
0.1484376,0.5326324
0.1484376,0.5326324
0.1484376,0.5326324
0.1484376,0.5326324
0.1484376,0.5326324
0.1484376,0.5326324
0.1484376,0.5326324
0.1484376,0.5326324
0.1484376,0.5326324
0.1484376,0.5326324
0.1484376,0.5326324
0.1484376,0.5326324
0.1484376,0.5326324
0.1484376,0.5326324
0.1484376,0.5326324
0.1484376,0.5326324
0.1484376,0.5326324
0.1484376,0.5326324
0.1484376,0.5326324
0.1484376,0.5326324
0.1484376,0.5326324
0.2835684,0.9627111
0.2835684,0.9627111
0.2835684,0.9627111
0.2835684,0.9627111
0.2835684,0.9627111
0.2835684,0.9627111
0.2835684,0.9627111
0.2835684,0.9627111
0.2835684,0.9627111
0.2835684,0.9627111
0.2835684,0.9627111
0.2835684,0.9627111
0.2835684,0.9627111
0.2835684,0.9627111
0.2835684,0.9627111
0.2835684,0.9627111
0.2835684,0.9627111
0.2835684,0.9627111
0.2835684,0.9627111
0.2835684,0.9627111
0.2835684,0.9627111
0.2835684,0.9627111
0.2835684,0.9627111
0.2835684,0.9627111
0.09179693,0.5502105
0.09179693,0.5502105
0.09179693,0.5502105
0.09179693,0.5502105
0.09179693,0.5502105
0.09179693,0.5502105
0.09179693,0.5502105
0.09179693,0.5502105
0.09179693,0.5502105
0.09179693,0.5502105
0.09179693,0.5502105
0.09179693,0.5502105
0.09179693,0.5502105
0.09179693,0.5502105
0.09179693,0.5502105
0.09179693,0.5502105
0.09179693,0.5502105
0.09179693,0.5502105
0.09179693,0.5502105
0.09179693,0.5502105
0.09179693,0.5502105
0.09179693,0.5502105
0.09179693,0.5502105
0.09179693,0.5502105
0.2816155,0.9614092
0.2816155,0.9614092
0.2816155,0.9614092
0.2816155,0.9614092
0.2816155,0.9614092
0.2816155,0.9614092
0.2816155,0.9614092
0.2816155,0.9614092
0.2816155,0.9614092
0.2816155,0.9614092
0.2816155,0.9614092
0.2816155,0.9614092
0.2816155,0.9614092
0.2816155,0.9614092
0.2816155,0.9614092
0.2816155,0.9614092
0.2816155,0.9614092
0.2816155,0.9614092
0.2816155,0.9614092
0.2816155,0.9614092
0.2816155,0.9614092
0.2816155,0.9614092
0.2816155,0.9614092
0.2816155,0.9614092
0.1484376,0.5326324
0.1484376,0.5326324
0.1484376,0.5326324
0.1484376,0.5326324
0.1484376,0.5326324
0.1484376,0.5326324
0.1484376,0.5326324
0.1484376,0.5326324
0.1484376,0.5326324
0.1484376,0.5326324
0.1484376,0.5326324
0.1484376,0.5326324
0.1484376,0.5326324
0.1484376,0.5326324
0.1484376,0.5326324
0.1484376,0.5326324
0.1484376,0.5326324
0.1484376,0.5326324
0.1484376,0.5326324
0.1484376,0.5326324
0.1484376,0.5326324
0.1484376,0.5326324
0.1484376,0.5326324
0.1484376,0.5326324
0.1484376,0.5326324
0.1484376,0.5326324
0.1484376,0.5326324
0.1484376,0.5326324
0.1484376,0.5326324
0.1484376,0.5326324
0.1484376,0.5326324
0.1484376,0.5326324
0.1484376,0.5326324
0.1484376,0.5326324
0.1484376,0.5326324
0.1484376,0.5326324
0.1484376,0.5326324
0.1484376,0.5326324
0.1484376,0.5326324
0.1484376,0.5326324
0.1484376,0.5326324
0.1484376,0.5326324
0.1484376,0.5326324
0.1484376,0.5326324
0.1484376,0.5326324
0.1484376,0.5326324
0.1484376,0.5326324
0.1484376,0.5326324
0.1484376,0.5326324
0.1484376,0.5326324
0.1484376,0.5326324
0.1484376,0.5326324
0.1484376,0.5326324
0.1484376,0.5326324
0.1484376,0.5326324
0.1484376,0.5326324
0.1484376,0.5326324
0.1484376,0.5326324
0.1484376,0.5326324
0.1484376,0.5326324
0.1484376,0.5326324
0.1484376,0.5326324
0.1484376,0.5326324
0.1484376,0.5326324
0.1484376,0.5326324
0.1484376,0.5326324
0.1484376,0.5326324
0.1484376,0.5326324
0.1484376,0.5326324
0.1484376,0.5326324
0.1484376,0.5326324
0.1484376,0.5326324
1
564
0
1
2
2
3
0
2
4
3
4
5
3
4
6
5
6
7
5
6
8
7
8
9
7
8
10
9
10
11
9
12
13
14
14
15
12
14
16
15
16
17
15
16
18
17
18
19
17
18
20
19
20
21
19
20
22
21
22
23
21
24
25
26
24
26
27
25
28
26
29
24
27
25
30
28
29
27
31
30
32
28
33
29
31
30
34
32
33
31
35
34
36
32
37
33
35
34
38
36
37
35
39
38
40
36
41
37
39
38
42
40
41
39
43
42
44
40
45
41
43
42
46
44
45
43
47
46
45
47
46
47
44
48
49
50
48
50
51
49
52
50
53
48
51
49
54
52
53
51
55
54
56
52
57
53
55
54
58
56
57
55
59
58
60
56
61
57
59
58
62
60
61
59
63
62
64
60
65
61
63
62
66
64
65
63
67
66
68
64
69
65
67
66
70
68
69
67
71
70
69
71
70
71
68
72
73
74
72
74
75
73
76
74
77
72
75
73
78
76
77
75
79
78
80
76
81
77
79
78
82
80
81
79
83
82
84
80
85
81
83
82
86
84
85
83
87
86
88
84
89
85
87
86
90
88
89
87
91
90
92
88
93
89
91
90
94
92
93
91
95
94
93
95
94
95
92
96
97
98
96
98
99
97
100
98
101
96
99
97
102
100
101
99
103
102
104
100
105
101
103
102
106
104
105
103
107
106
108
104
109
105
107
106
110
108
109
107
111
110
112
108
113
109
111
110
114
112
113
111
115
114
116
112
117
113
115
114
118
116
117
115
119
118
117
119
118
119
116
120
121
122
120
123
121
122
121
124
125
123
120
122
124
126
125
127
123
126
124
128
129
127
125
126
128
130
129
131
127
130
128
132
133
131
129
130
132
134
133
135
131
134
132
136
137
135
133
134
136
138
137
139
135
138
136
140
141
139
137
138
140
142
141
143
139
142
140
143
142
143
141
144
145
146
144
146
147
145
148
146
149
144
147
145
150
148
149
147
151
150
152
148
153
149
151
150
154
152
153
151
155
154
156
152
157
153
155
154
158
156
157
155
159
158
160
156
161
157
159
158
162
160
161
159
163
162
164
160
165
161
163
162
166
164
165
163
167
166
165
167
166
167
164
168
169
170
168
171
169
172
168
170
171
173
169
172
170
174
171
175
173
176
172
174
175
177
173
176
174
178
175
179
177
180
176
178
179
181
177
180
178
182
179
183
181
184
180
182
183
185
181
184
182
186
183
187
185
188
184
186
187
189
185
188
186
190
187
191
189
191
188
190
191
190
189
