MESH3
N Van_10 BL Tire
192
0.1538863,-0.3164216,0.1826861
0.1538863,-0.3653722,-4.42327E-08
0.1538863,-0.3164216,-0.1826862
0.1538863,-0.1826861,0.3164215
0.1538863,-0.1826861,-0.3164216
0.1538864,-5.520646E-08,0.3653721
0.1538864,-5.520646E-08,-0.3653722
0.1538864,0.182686,0.3164215
0.1538864,0.182686,-0.3164216
0.1538864,0.3164215,0.1826861
0.1538864,0.3164215,-0.1826862
0.1538864,0.3653722,-4.42327E-08
-0.1606596,-0.04452681,-0.02570777
-0.1606596,-0.05141515,-1.457428E-07
-0.1606596,-0.04452681,0.02570738
-0.1606596,-0.02570753,-0.04452713
-0.1606596,-0.02570758,0.04452673
-0.1606596,-2.982895E-08,0.051415
-0.1606596,2.092608E-08,-0.0514154
-0.1606596,0.02570762,0.04452673
-0.1606596,0.02570762,-0.04452713
-0.1606596,0.04452685,-0.02570777
-0.1606596,0.0445269,0.02570738
-0.1606596,0.05141522,-1.457428E-07
-0.1606617,-0.1533641,-0.2656345
-0.1606617,-0.3164215,-0.1826862
-0.1606617,-0.2656344,-0.1533642
-0.1606617,-0.182686,-0.3164216
-0.1606617,-0.3653721,-4.42327E-08
-0.1606617,2.092608E-08,-0.3067282
-0.1606617,-0.3067282,-4.42327E-08
-0.1606617,2.092608E-08,-0.3653722
-0.1606617,-0.3164215,0.1826861
-0.1606617,0.1533641,-0.2656345
-0.1606617,-0.2656344,0.153364
-0.1606617,0.1826861,-0.3164216
-0.1606617,-0.182686,0.3164215
-0.1606617,0.2656344,-0.1533642
-0.1606617,-0.1533641,0.2656345
-0.1606617,0.3164215,-0.1826862
-0.1606617,2.092608E-08,0.3653721
-0.1606617,0.3067283,-4.42327E-08
-0.1606617,2.092608E-08,0.3067282
-0.1606617,0.3653722,-4.42327E-08
-0.1606617,0.1826861,0.3164215
-0.1606617,0.2656344,0.153364
-0.1606617,0.1533641,0.2656345
-0.1606617,0.3164215,0.1826861
-0.09579232,-0.1230963,-0.213209
-0.1606617,-0.2656344,-0.1533642
-0.09579232,-0.2132091,-0.1230965
-0.1606617,-0.1533641,-0.2656345
-0.1606617,-0.3067282,-4.42327E-08
-0.09579232,-2.982895E-08,-0.2461927
-0.09579232,-0.2461927,-4.42327E-08
-0.1606617,2.092608E-08,-0.3067282
-0.1606617,-0.2656344,0.153364
-0.09579232,0.1230964,-0.213209
-0.09579232,-0.2132091,0.1230964
-0.1606617,0.1533641,-0.2656345
-0.1606617,-0.1533641,0.2656345
-0.09579221,0.2132092,-0.1230963
-0.09579232,-0.1230963,0.2132092
-0.1606617,0.2656344,-0.1533642
-0.1606617,2.092608E-08,0.3067282
-0.09579221,0.2461927,-4.42327E-08
-0.09579232,2.092608E-08,0.2461926
-0.1606617,0.3067283,-4.42327E-08
-0.1606617,0.1533641,0.2656345
-0.09579221,0.2132092,0.1230962
-0.09579232,0.1230964,0.213209
-0.1606617,0.2656344,0.153364
-0.09579232,-0.0393134,-0.06809289
-0.09579232,-0.2132091,-0.1230965
-0.09579232,-0.06809285,-0.03931337
-0.09579232,-0.1230963,-0.213209
-0.09579232,-0.2461927,-4.42327E-08
-0.09579232,-2.982895E-08,-0.0786268
-0.09579232,-0.07862691,-4.42327E-08
-0.09579232,-2.982895E-08,-0.2461927
-0.09579232,-0.2132091,0.1230964
-0.09579232,0.03931345,-0.06809289
-0.09579232,-0.06809285,0.03931338
-0.09579232,0.1230964,-0.213209
-0.09579232,-0.1230963,0.2132092
-0.09579232,0.06809289,-0.03931337
-0.09579232,-0.0393134,0.06809301
-0.09579221,0.2132092,-0.1230963
-0.09579232,2.092608E-08,0.2461926
-0.09579232,0.07862692,-4.42327E-08
-0.09579232,-2.982895E-08,0.0786268
-0.09579221,0.2461927,-4.42327E-08
-0.09579232,0.1230964,0.213209
-0.09579232,0.06809294,0.03931338
-0.09579232,0.03931345,0.06809301
-0.09579221,0.2132092,0.1230962
-0.09579232,-0.07862691,-4.42327E-08
-0.1606596,-0.05141515,-1.457428E-07
-0.1606596,-0.04452681,-0.02570777
-0.09579232,-0.06809285,0.03931338
-0.09579232,-0.06809285,-0.03931337
-0.1606596,-0.04452681,0.02570738
-0.1606596,-0.02570753,-0.04452713
-0.09579232,-0.0393134,0.06809301
-0.09579232,-0.0393134,-0.06809289
-0.1606596,-0.02570758,0.04452673
-0.1606596,2.092608E-08,-0.0514154
-0.09579232,-2.982895E-08,0.0786268
-0.09579232,-2.982895E-08,-0.0786268
-0.1606596,-2.982895E-08,0.051415
-0.1606596,0.02570762,-0.04452713
-0.09579232,0.03931345,0.06809301
-0.09579232,0.03931345,-0.06809289
-0.1606596,0.02570762,0.04452673
-0.1606596,0.04452685,-0.02570777
-0.09579232,0.06809294,0.03931338
-0.09579232,0.06809289,-0.03931337
-0.1606596,0.0445269,0.02570738
-0.1606596,0.05141522,-1.457428E-07
-0.09579232,0.07862692,-4.42327E-08
0.1283358,0.195912,-0.3393296
0.1283357,-5.520646E-08,-0.3918241
-0.135111,2.092608E-08,-0.3918241
-0.135111,0.1959121,-0.3393296
-0.135111,-0.195912,-0.3393296
0.1283358,0.3393296,-0.1959121
0.1283357,-0.1959121,-0.3393296
-0.135111,0.3393296,-0.1959121
-0.135111,-0.3393296,-0.1959121
0.1283358,0.391824,-4.42327E-08
0.1283357,-0.3393297,-0.1959121
-0.135111,0.3918241,-4.42327E-08
-0.135111,-0.3918241,-4.42327E-08
0.1283358,0.3393296,0.195912
0.1283357,-0.3918241,-4.42327E-08
-0.135111,0.3393296,0.195912
-0.135111,-0.3393296,0.195912
0.1283358,0.195912,0.3393296
0.1283357,-0.3393297,0.195912
-0.135111,0.1959121,0.3393296
-0.135111,-0.195912,0.3393296
0.1283357,-5.520646E-08,0.3918242
0.1283357,-0.1959121,0.3393296
-0.135111,2.092608E-08,0.3918242
-0.135111,-0.3393296,-0.1959121
-0.1606617,-0.182686,-0.3164216
-0.135111,-0.195912,-0.3393296
-0.1606617,-0.3164215,-0.1826862
-0.1606617,2.092608E-08,-0.3653722
-0.135111,-0.3918241,-4.42327E-08
-0.135111,2.092608E-08,-0.3918241
-0.1606617,-0.3653721,-4.42327E-08
-0.1606617,0.1826861,-0.3164216
-0.135111,-0.3393296,0.195912
-0.135111,0.1959121,-0.3393296
-0.1606617,-0.3164215,0.1826861
-0.1606617,0.3164215,-0.1826862
-0.135111,-0.195912,0.3393296
-0.135111,0.3393296,-0.1959121
-0.1606617,-0.182686,0.3164215
-0.1606617,0.3653722,-4.42327E-08
-0.135111,2.092608E-08,0.3918242
-0.135111,0.3918241,-4.42327E-08
-0.1606617,2.092608E-08,0.3653721
-0.1606617,0.3164215,0.1826861
-0.135111,0.1959121,0.3393296
-0.135111,0.3393296,0.195912
-0.1606617,0.1826861,0.3164215
0.1283357,-0.3393297,-0.1959121
0.1538863,-0.3164216,-0.1826862
0.1538863,-0.3653722,-4.42327E-08
0.1283357,-0.3918241,-4.42327E-08
0.1283357,-0.1959121,-0.3393296
0.1538863,-0.3164216,0.1826861
0.1538863,-0.1826861,-0.3164216
0.1283357,-0.3393297,0.195912
0.1283357,-5.520646E-08,-0.3918241
0.1538863,-0.1826861,0.3164215
0.1538864,-5.520646E-08,-0.3653722
0.1283357,-0.1959121,0.3393296
0.1283358,0.195912,-0.3393296
0.1538864,-5.520646E-08,0.3653721
0.1538864,0.182686,-0.3164216
0.1283357,-5.520646E-08,0.3918242
0.1283358,0.3393296,-0.1959121
0.1538864,0.182686,0.3164215
0.1538864,0.3164215,-0.1826862
0.1283358,0.195912,0.3393296
0.1283358,0.391824,-4.42327E-08
0.1538864,0.3164215,0.1826861
0.1538864,0.3653722,-4.42327E-08
0.1283358,0.3393296,0.195912
192
0.1484376,0.5326324
0.1484376,0.5326324
0.1484376,0.5326324
0.1484376,0.5326324
0.1484376,0.5326324
0.1484376,0.5326324
0.1484376,0.5326324
0.1484376,0.5326324
0.1484376,0.5326324
0.1484376,0.5326324
0.1484376,0.5326324
0.1484376,0.5326324
0.2816155,0.9614092
0.2816155,0.9614092
0.2816155,0.9614092
0.2816155,0.9614092
0.2816155,0.9614092
0.2816155,0.9614092
0.2816155,0.9614092
0.2816155,0.9614092
0.2816155,0.9614092
0.2816155,0.9614092
0.2816155,0.9614092
0.2816155,0.9614092
0.1484376,0.5326324
0.1484376,0.5326324
0.1484376,0.5326324
0.1484376,0.5326324
0.1484376,0.5326324
0.1484376,0.5326324
0.1484376,0.5326324
0.1484376,0.5326324
0.1484376,0.5326324
0.1484376,0.5326324
0.1484376,0.5326324
0.1484376,0.5326324
0.1484376,0.5326324
0.1484376,0.5326324
0.1484376,0.5326324
0.1484376,0.5326324
0.1484376,0.5326324
0.1484376,0.5326324
0.1484376,0.5326324
0.1484376,0.5326324
0.1484376,0.5326324
0.1484376,0.5326324
0.1484376,0.5326324
0.1484376,0.5326324
0.2835684,0.9627111
0.2835684,0.9627111
0.2835684,0.9627111
0.2835684,0.9627111
0.2835684,0.9627111
0.2835684,0.9627111
0.2835684,0.9627111
0.2835684,0.9627111
0.2835684,0.9627111
0.2835684,0.9627111
0.2835684,0.9627111
0.2835684,0.9627111
0.2835684,0.9627111
0.2835684,0.9627111
0.2835684,0.9627111
0.2835684,0.9627111
0.2835684,0.9627111
0.2835684,0.9627111
0.2835684,0.9627111
0.2835684,0.9627111
0.2835684,0.9627111
0.2835684,0.9627111
0.2835684,0.9627111
0.2835684,0.9627111
0.09179693,0.5502105
0.09179693,0.5502105
0.09179693,0.5502105
0.09179693,0.5502105
0.09179693,0.5502105
0.09179693,0.5502105
0.09179693,0.5502105
0.09179693,0.5502105
0.09179693,0.5502105
0.09179693,0.5502105
0.09179693,0.5502105
0.09179693,0.5502105
0.09179693,0.5502105
0.09179693,0.5502105
0.09179693,0.5502105
0.09179693,0.5502105
0.09179693,0.5502105
0.09179693,0.5502105
0.09179693,0.5502105
0.09179693,0.5502105
0.09179693,0.5502105
0.09179693,0.5502105
0.09179693,0.5502105
0.09179693,0.5502105
0.2816155,0.9614092
0.2816155,0.9614092
0.2816155,0.9614092
0.2816155,0.9614092
0.2816155,0.9614092
0.2816155,0.9614092
0.2816155,0.9614092
0.2816155,0.9614092
0.2816155,0.9614092
0.2816155,0.9614092
0.2816155,0.9614092
0.2816155,0.9614092
0.2816155,0.9614092
0.2816155,0.9614092
0.2816155,0.9614092
0.2816155,0.9614092
0.2816155,0.9614092
0.2816155,0.9614092
0.2816155,0.9614092
0.2816155,0.9614092
0.2816155,0.9614092
0.2816155,0.9614092
0.2816155,0.9614092
0.2816155,0.9614092
0.1484376,0.5326324
0.1484376,0.5326324
0.1484376,0.5326324
0.1484376,0.5326324
0.1484376,0.5326324
0.1484376,0.5326324
0.1484376,0.5326324
0.1484376,0.5326324
0.1484376,0.5326324
0.1484376,0.5326324
0.1484376,0.5326324
0.1484376,0.5326324
0.1484376,0.5326324
0.1484376,0.5326324
0.1484376,0.5326324
0.1484376,0.5326324
0.1484376,0.5326324
0.1484376,0.5326324
0.1484376,0.5326324
0.1484376,0.5326324
0.1484376,0.5326324
0.1484376,0.5326324
0.1484376,0.5326324
0.1484376,0.5326324
0.1484376,0.5326324
0.1484376,0.5326324
0.1484376,0.5326324
0.1484376,0.5326324
0.1484376,0.5326324
0.1484376,0.5326324
0.1484376,0.5326324
0.1484376,0.5326324
0.1484376,0.5326324
0.1484376,0.5326324
0.1484376,0.5326324
0.1484376,0.5326324
0.1484376,0.5326324
0.1484376,0.5326324
0.1484376,0.5326324
0.1484376,0.5326324
0.1484376,0.5326324
0.1484376,0.5326324
0.1484376,0.5326324
0.1484376,0.5326324
0.1484376,0.5326324
0.1484376,0.5326324
0.1484376,0.5326324
0.1484376,0.5326324
0.1484376,0.5326324
0.1484376,0.5326324
0.1484376,0.5326324
0.1484376,0.5326324
0.1484376,0.5326324
0.1484376,0.5326324
0.1484376,0.5326324
0.1484376,0.5326324
0.1484376,0.5326324
0.1484376,0.5326324
0.1484376,0.5326324
0.1484376,0.5326324
0.1484376,0.5326324
0.1484376,0.5326324
0.1484376,0.5326324
0.1484376,0.5326324
0.1484376,0.5326324
0.1484376,0.5326324
0.1484376,0.5326324
0.1484376,0.5326324
0.1484376,0.5326324
0.1484376,0.5326324
0.1484376,0.5326324
0.1484376,0.5326324
1
564
0
1
2
2
3
0
2
4
3
4
5
3
4
6
5
6
7
5
6
8
7
8
9
7
8
10
9
10
11
9
12
13
14
14
15
12
14
16
15
16
17
15
17
18
15
17
19
18
19
20
18
19
21
20
19
22
21
22
23
21
24
25
26
24
27
25
26
25
28
29
27
24
26
28
30
29
31
27
30
28
32
33
31
29
30
32
34
33
35
31
34
32
36
37
35
33
34
36
38
37
39
35
38
36
40
41
39
37
38
40
42
41
43
39
42
40
44
45
43
41
42
44
46
45
47
43
46
44
47
46
47
45
48
49
50
48
51
49
50
49
52
53
51
48
50
52
54
53
55
51
54
52
56
57
55
53
54
56
58
57
59
55
58
56
60
61
59
57
58
60
62
61
63
59
62
60
64
65
63
61
62
64
66
65
67
63
66
64
68
69
67
65
66
68
70
69
71
67
70
68
71
70
71
69
72
73
74
72
75
73
74
73
76
77
75
72
74
76
78
77
79
75
78
76
80
81
79
77
78
80
82
81
83
79
82
80
84
85
83
81
82
84
86
85
87
83
86
84
88
89
87
85
86
88
90
89
91
87
90
88
92
93
91
89
90
92
94
93
95
91
94
92
95
94
95
93
96
97
98
99
97
96
96
98
100
99
101
97
100
98
102
103
101
99
100
102
104
103
105
101
104
102
106
107
105
103
104
106
108
107
109
105
108
106
110
111
109
107
108
110
112
111
113
109
112
110
114
115
113
111
112
114
116
115
117
113
116
114
118
119
117
115
116
118
119
119
118
117
120
121
122
120
122
123
121
124
122
125
120
123
121
126
124
125
123
127
126
128
124
129
125
127
126
130
128
129
127
131
130
132
128
133
129
131
130
134
132
133
131
135
134
136
132
137
133
135
134
138
136
137
135
139
138
140
136
141
137
139
138
142
140
141
139
143
142
141
143
142
143
140
144
145
146
144
147
145
146
145
148
149
147
144
146
148
150
149
151
147
150
148
152
153
151
149
150
152
154
153
155
151
154
152
156
157
155
153
154
156
158
157
159
155
158
156
160
161
159
157
158
160
162
161
163
159
162
160
164
165
163
161
162
164
166
165
167
163
166
164
167
166
167
165
168
169
170
168
170
171
172
169
168
171
170
173
172
174
169
171
173
175
176
174
172
175
173
177
176
178
174
175
177
179
180
178
176
179
177
181
180
182
178
179
181
183
184
182
180
183
181
185
184
186
182
183
185
187
188
186
184
187
185
189
188
190
186
187
189
191
191
190
188
191
189
190
