MESH3
N_Muscle Car_10 FL Tire
352
0.1717052,-0.3157269,0.1823696
0.1717052,-0.3646431,-0.0001878951
0.1717052,-0.3157269,-0.1827454
0.1717052,-0.1820855,0.3160111
0.1717052,-0.1820855,-0.3163868
0.1717052,0.0004720218,0.3649271
0.1717052,0.0004720218,-0.365303
0.1717052,0.1830295,0.3160111
0.1717052,0.1830295,-0.3163868
0.1717053,0.316671,0.1823696
0.1717053,0.316671,-0.1827454
0.1717053,0.3655872,-0.0001878951
-0.1426216,-0.3157269,-0.1827454
-0.1426216,-0.364643,-0.0001878951
-0.1426216,-0.3157269,0.1823696
-0.1426216,-0.2672441,-0.0001878951
-0.1426216,-0.2313769,0.1336702
-0.1426216,-0.2313769,-0.134046
-0.1426216,-0.1820855,0.3160111
-0.1426216,-0.1820855,-0.3163868
-0.1426216,-0.133386,0.2316611
-0.1426216,-0.133386,-0.2320369
-0.1426216,0.0004720725,0.3649271
-0.1426216,0.0004720725,-0.365303
-0.1426216,0.0004720725,0.2675282
-0.1426216,0.0004720725,-0.267904
-0.1426216,0.1830296,0.3160111
-0.1426216,0.1343301,0.2316611
-0.1426216,0.2323211,0.1336702
-0.1426216,0.1830296,-0.3163868
-0.1426216,0.1343301,-0.2320369
-0.1426216,0.2323211,-0.134046
-0.1426216,0.3166711,0.1823696
-0.1426216,0.3166711,-0.1827454
-0.1426216,0.2681883,-0.0001878951
-0.1426216,0.3655872,-0.0001878951
-0.07779782,0.1865637,0.1072521
-0.07779782,0.2153521,-0.0001878951
-0.07779782,0.1865637,-0.1076279
-0.07779782,0.107912,0.1859036
-0.07779782,0.107912,-0.1862795
-0.07779782,0.098478,-0.000670474
-0.07779782,0.08510649,0.04923309
-0.07779782,0.08510639,-0.05057414
-0.07779782,0.04857442,0.08576504
-0.07779782,0.04857442,-0.08710609
-0.07779782,0.0004720725,0.2146922
-0.07779782,0.0004720725,-0.2150679
-0.07779782,-0.001329147,0.09913665
-0.07779782,-0.05123266,0.08576504
-0.07779782,-0.08776464,0.04923309
-0.07779782,-0.1069679,0.1859037
-0.07779782,-0.001329147,-0.1004777
-0.07779782,-0.05123264,-0.08710609
-0.07779782,-0.1011363,-0.000670474
-0.07779782,-0.1856194,0.1072521
-0.07779782,-0.2144079,-0.0001878951
-0.07779782,-0.08776461,-0.05057414
-0.07779782,-0.1069679,-0.1862795
-0.07779782,-0.1856194,-0.107628
-0.1426197,-0.06324203,-0.03697331
-0.1426197,-0.07309867,-0.0001880981
-0.1426197,-0.06324203,0.03659732
-0.1426197,-0.03631322,-0.06390221
-0.1426197,-0.03631324,0.06352621
-0.1426197,0.0004720725,0.07338284
-0.1426197,0.0004720725,-0.07375874
-0.1426197,0.03725741,-0.06390221
-0.1426197,0.03725741,0.06352591
-0.1426197,0.06418623,-0.03697331
-0.1426197,0.06418623,0.03659732
-0.1426197,0.07404286,-0.0001880981
-0.1233275,0.01293335,0.1725043
-0.1200486,0.02215729,0.00152864
-0.1200486,-0.01971059,0.01281169
-0.1233275,0.07417782,0.1559993
-0.1241332,0.04521286,0.2537222
-0.1241332,0.08708071,0.242439
-0.1241332,0.08708071,0.242439
-0.1241332,0.04521286,0.2537222
-0.09523948,0.03842699,0.2555509
-0.09523927,0.09386656,0.2406103
-0.0993146,0.02894313,-0.0003000638
-0.0993146,-0.02649641,0.01464049
-0.1200486,-0.01971059,0.01281169
-0.1200486,0.02215729,0.00152864
-0.1233275,0.07417782,0.1559993
-0.0993146,0.02894313,-0.0003000638
-0.1200486,0.02215729,0.00152864
-0.09604318,0.08410423,0.1533242
-0.1241332,0.08708071,0.242439
-0.09523927,0.09386656,0.2406103
-0.09604318,0.08410423,0.1533242
-0.0993146,-0.02649641,0.01464049
-0.0993146,0.02894313,-0.0003000638
-0.09604334,0.003006982,0.1751793
-0.09523927,0.09386656,0.2406103
-0.09523948,0.03842699,0.2555509
-0.09604334,0.003006982,0.1751793
-0.1200486,-0.01971059,0.01281169
-0.0993146,-0.02649641,0.01464049
-0.1233275,0.01293335,0.1725043
-0.09523948,0.03842699,0.2555509
-0.1241332,0.04521286,0.2537222
-0.1233275,-0.1535902,0.07882307
-0.1200486,0.007373412,0.02044108
-0.1200486,-0.01938604,-0.01367868
-0.1233275,-0.1144464,0.1287336
-0.1241332,-0.2157134,0.1402968
-0.1241332,-0.188954,0.1744165
-0.1241332,-0.188954,0.1744165
-0.1241332,-0.2157134,0.1402968
-0.09523948,-0.2200505,0.1347667
-0.09523927,-0.1846169,0.1799466
-0.0993146,0.01171051,0.02597115
-0.0993146,-0.02372316,-0.01920875
-0.1200486,-0.01938604,-0.01367868
-0.1200486,0.007373412,0.02044108
-0.1233275,-0.1144464,0.1287336
-0.0993146,0.01171051,0.02597115
-0.1200486,0.007373412,0.02044108
-0.09604318,-0.108102,0.136823
-0.1241332,-0.188954,0.1744165
-0.09523927,-0.1846169,0.1799466
-0.09604318,-0.108102,0.136823
-0.0993146,-0.02372316,-0.01920875
-0.0993146,0.01171051,0.02597115
-0.09604334,-0.1599346,0.07073363
-0.09523927,-0.1846169,0.1799466
-0.09523948,-0.2200505,0.1347667
-0.09604334,-0.1599346,0.07073363
-0.1200486,-0.01938604,-0.01367868
-0.0993146,-0.02372316,-0.01920875
-0.1233275,-0.1535902,0.07882307
-0.09523948,-0.2200505,0.1347667
-0.1241332,-0.2157134,0.1402968
-0.1233275,-0.1245107,-0.12001
-0.1200486,-0.01677337,0.01307044
-0.1200486,0.006739506,-0.02336264
-0.1233275,-0.1589055,-0.06671546
-0.1241332,-0.2028989,-0.1586573
-0.1241332,-0.2264117,-0.1222243
-0.1241332,-0.2264117,-0.1222243
-0.1241332,-0.2028989,-0.1586573
-0.09523948,-0.1990879,-0.1645623
-0.09523927,-0.2302227,-0.1163193
-0.0993146,-0.02058429,0.01897538
-0.0993146,0.01055042,-0.02926769
-0.1200486,0.006739506,-0.02336264
-0.1200486,-0.01677337,0.01307044
-0.1233275,-0.1589055,-0.06671546
-0.0993146,-0.02058429,0.01897538
-0.1200486,-0.01677337,0.01307044
-0.09604318,-0.1644801,-0.05807766
-0.1241332,-0.2264117,-0.1222243
-0.09523927,-0.2302227,-0.1163193
-0.09604318,-0.1644801,-0.05807766
-0.0993146,0.01055042,-0.02926769
-0.0993146,-0.02058429,0.01897538
-0.09604334,-0.1189361,-0.1286479
-0.09523927,-0.2302227,-0.1163193
-0.09523948,-0.1990879,-0.1645623
-0.09604334,-0.1189361,-0.1286479
-0.1200486,0.006739506,-0.02336264
-0.0993146,0.01055042,-0.02926769
-0.1233275,-0.1245107,-0.12001
-0.09523948,-0.1990879,-0.1645623
-0.1241332,-0.2028989,-0.1586573
-0.1233275,0.07092977,-0.1583453
-0.1200486,-0.01784022,-0.01192936
-0.1200486,0.02440023,-0.002132929
-0.1233275,0.009140271,-0.1726757
-0.1241332,0.08077008,-0.245187
-0.1241332,0.03852967,-0.2549835
-0.1241332,0.03852967,-0.2549835
-0.1241332,0.08077008,-0.245187
-0.09523948,0.08761632,-0.2435993
-0.09523927,0.03168342,-0.2565714
-0.0993146,-0.02468646,-0.01351718
-0.0993146,0.03124645,-0.000545109
-0.1200486,0.02440023,-0.002132929
-0.1200486,-0.01784022,-0.01192936
-0.1233275,0.009140271,-0.1726757
-0.0993146,-0.02468646,-0.01351718
-0.1200486,-0.01784022,-0.01192936
-0.09604318,-0.0008744076,-0.1749984
-0.1241332,0.03852967,-0.2549835
-0.09523927,0.03168342,-0.2565714
-0.09604318,-0.0008744076,-0.1749984
-0.0993146,0.03124645,-0.000545109
-0.0993146,-0.02468646,-0.01351718
-0.09604334,0.08094448,-0.1560227
-0.09523927,0.03168342,-0.2565714
-0.09523948,0.08761632,-0.2435993
-0.09604334,0.08094448,-0.1560227
-0.1200486,0.02440023,-0.002132929
-0.0993146,0.03124645,-0.000545109
-0.1233275,0.07092977,-0.1583453
-0.09523948,0.08761632,-0.2435993
-0.1241332,0.08077008,-0.245187
-0.1233275,0.1707534,0.03115252
-0.1200486,0.007583867,-0.02074592
-0.1200486,0.00798232,0.0226139
-0.1233275,0.1701705,-0.03227431
-0.1241332,0.2574771,0.0203212
-0.1241332,0.2570786,-0.02303852
-0.1241332,0.2570786,-0.02303852
-0.1241332,0.2574771,0.0203212
-0.09523948,0.2575416,0.02734884
-0.09523927,0.257014,-0.03006616
-0.0993146,0.007519281,-0.02777356
-0.0993146,0.008046906,0.02964155
-0.1200486,0.00798232,0.0226139
-0.1200486,0.007583867,-0.02074592
-0.1233275,0.1701705,-0.03227431
-0.0993146,0.007519281,-0.02777356
-0.1200486,0.007583867,-0.02074592
-0.09604318,0.170076,-0.04255434
-0.1241332,0.2570786,-0.02303852
-0.09523927,0.257014,-0.03006616
-0.09604318,0.170076,-0.04255434
-0.0993146,0.008046906,0.02964155
-0.0993146,0.007519281,-0.02777356
-0.09604334,0.1708478,0.04143265
-0.09523927,0.257014,-0.03006616
-0.09523948,0.2575416,0.02734884
-0.09604334,0.1708478,0.04143265
-0.1200486,0.00798232,0.0226139
-0.0993146,0.008046906,0.02964155
-0.1233275,0.1707534,0.03115252
-0.09523948,0.2575416,0.02734884
-0.1241332,0.2574771,0.0203212
-0.07779782,-0.001329147,0.09913665
-0.1426197,0.0004720725,0.07338284
-0.1426197,-0.03631324,0.06352621
-0.07779782,-0.05123266,0.08576504
-0.07779782,0.04857442,0.08576504
-0.1426197,-0.06324203,0.03659732
-0.1426197,0.03725741,0.06352591
-0.07779782,-0.08776464,0.04923309
-0.07779782,0.08510649,0.04923309
-0.1426197,-0.07309867,-0.0001880981
-0.1426197,0.06418623,0.03659732
-0.07779782,-0.1011363,-0.000670474
-0.07779782,0.098478,-0.000670474
-0.1426197,-0.06324203,-0.03697331
-0.1426197,0.07404286,-0.0001880981
-0.07779782,-0.08776461,-0.05057414
-0.07779782,0.08510639,-0.05057414
-0.1426197,-0.03631322,-0.06390221
-0.1426197,0.06418623,-0.03697331
-0.07779782,-0.05123264,-0.08710609
-0.07779782,0.04857442,-0.08710609
-0.1426197,0.0004720725,-0.07375874
-0.1426197,0.03725741,-0.06390221
-0.07779782,-0.001329147,-0.1004777
-0.07779782,0.1865637,-0.1076279
-0.1426216,0.2323211,-0.134046
-0.1426216,0.1343301,-0.2320369
-0.07779782,0.2153521,-0.0001878951
-0.07779782,0.107912,-0.1862795
-0.1426216,0.2681883,-0.0001878951
-0.1426216,0.0004720725,-0.267904
-0.07779782,0.1865637,0.1072521
-0.07779782,0.0004720725,-0.2150679
-0.1426216,0.2323211,0.1336702
-0.1426216,-0.133386,-0.2320369
-0.07779782,0.107912,0.1859036
-0.07779782,-0.1069679,-0.1862795
-0.1426216,0.1343301,0.2316611
-0.1426216,-0.2313769,-0.134046
-0.07779782,0.0004720725,0.2146922
-0.07779782,-0.1856194,-0.107628
-0.1426216,0.0004720725,0.2675282
-0.1426216,-0.2672441,-0.0001878951
-0.07779782,-0.1069679,0.1859037
-0.07779782,-0.2144079,-0.0001878951
-0.1426216,-0.133386,0.2316611
-0.1426216,-0.2313769,0.1336702
-0.07779782,-0.1856194,0.1072521
-0.117089,0.1962464,-0.3392788
-0.1426216,0.1830296,-0.3163868
-0.1426216,0.3166711,-0.1827454
-0.117089,0.339563,-0.1959621
-0.117089,0.0004720725,-0.3917364
-0.1426216,0.3655872,-0.0001878951
-0.1426216,0.0004720725,-0.365303
-0.117089,0.3920206,-0.0001878951
-0.117089,-0.1953022,-0.3392788
-0.1426216,0.3166711,0.1823696
-0.1426216,-0.1820855,-0.3163868
-0.117089,0.339563,0.1955864
-0.117089,-0.3386188,-0.1959621
-0.1426216,0.1830296,0.3160111
-0.1426216,-0.3157269,-0.1827454
-0.117089,0.1962464,0.338903
-0.117089,-0.3910764,-0.0001878951
-0.1426216,0.0004720725,0.3649271
-0.1426216,-0.364643,-0.0001878951
-0.117089,0.0004720725,0.3913606
-0.117089,-0.3386188,0.1955864
-0.1426216,-0.1820855,0.3160111
-0.1426216,-0.3157269,0.1823696
-0.117089,-0.1953022,0.338903
0.1461726,0.3395629,-0.1959621
0.1717052,0.1830295,-0.3163868
0.1461726,0.1962463,-0.3392788
0.1717053,0.316671,-0.1827454
0.1717052,0.0004720218,-0.365303
0.1461726,0.3920205,-0.0001878951
0.1461726,0.0004720218,-0.3917364
0.1717053,0.3655872,-0.0001878951
0.1717052,-0.1820855,-0.3163868
0.1461726,0.3395629,0.1955864
0.1461726,-0.1953022,-0.3392788
0.1717053,0.316671,0.1823696
0.1717052,-0.3157269,-0.1827454
0.1461726,0.1962463,0.338903
0.1461726,-0.3386189,-0.1959621
0.1717052,0.1830295,0.3160111
0.1717052,-0.3646431,-0.0001878951
0.1461726,0.0004720218,0.3913606
0.1461726,-0.3910764,-0.0001878951
0.1717052,0.0004720218,0.3649271
0.1717052,-0.3157269,0.1823696
0.1461726,-0.1953022,0.338903
0.1461726,-0.3386189,0.1955864
0.1717052,-0.1820855,0.3160111
0.1461726,0.1962463,-0.3392788
-0.117089,0.0004720725,-0.3917364
-0.117089,0.1962464,-0.3392788
0.1461726,0.0004720218,-0.3917364
0.1461726,0.3395629,-0.1959621
-0.117089,-0.1953022,-0.3392788
-0.117089,0.339563,-0.1959621
0.1461726,-0.1953022,-0.3392788
0.1461726,0.3920205,-0.0001878951
-0.117089,-0.3386188,-0.1959621
-0.117089,0.3920206,-0.0001878951
0.1461726,-0.3386189,-0.1959621
0.1461726,0.3395629,0.1955864
-0.117089,-0.3910764,-0.0001878951
-0.117089,0.339563,0.1955864
0.1461726,-0.3910764,-0.0001878951
0.1461726,0.1962463,0.338903
-0.117089,-0.3386188,0.1955864
-0.117089,0.1962464,0.338903
0.1461726,-0.3386189,0.1955864
0.1461726,0.0004720218,0.3913606
-0.117089,-0.1953022,0.338903
-0.117089,0.0004720725,0.3913606
0.1461726,-0.1953022,0.338903
352
0.1484376,0.5326324
0.1484376,0.5326324
0.1484376,0.5326324
0.1484376,0.5326324
0.1484376,0.5326324
0.1484376,0.5326324
0.1484376,0.5326324
0.1484376,0.5326324
0.1484376,0.5326324
0.1484376,0.5326324
0.1484376,0.5326324
0.1484376,0.5326324
0.1484376,0.5326324
0.1484376,0.5326324
0.1484376,0.5326324
0.1484376,0.5326324
0.1484376,0.5326324
0.1484376,0.5326324
0.1484376,0.5326324
0.1484376,0.5326324
0.1484376,0.5326324
0.1484376,0.5326324
0.1484376,0.5326324
0.1484376,0.5326324
0.1484376,0.5326324
0.1484376,0.5326324
0.1484376,0.5326324
0.1484376,0.5326324
0.1484376,0.5326324
0.1484376,0.5326324
0.1484376,0.5326324
0.1484376,0.5326324
0.1484376,0.5326324
0.1484376,0.5326324
0.1484376,0.5326324
0.1484376,0.5326324
0.09179693,0.5502105
0.09179693,0.5502105
0.09179693,0.5502105
0.09179693,0.5502105
0.09179693,0.5502105
0.09179693,0.5502105
0.09179693,0.5502105
0.09179693,0.5502105
0.09179693,0.5502105
0.09179693,0.5502105
0.09179693,0.5502105
0.09179693,0.5502105
0.09179693,0.5502105
0.09179693,0.5502105
0.09179693,0.5502105
0.09179693,0.5502105
0.09179693,0.5502105
0.09179693,0.5502105
0.09179693,0.5502105
0.09179693,0.5502105
0.09179693,0.5502105
0.09179693,0.5502105
0.09179693,0.5502105
0.09179693,0.5502105
0.2887409,0.9678422
0.2887409,0.9678422
0.2887409,0.9678422
0.2887409,0.9678422
0.2887409,0.9678422
0.2887409,0.9678423
0.2887409,0.9678422
0.2887409,0.9678423
0.2887409,0.9678422
0.2887409,0.9678422
0.2887409,0.9678423
0.2887409,0.9678423
0.2896005,0.9717122
0.2896005,0.9717122
0.2896005,0.9717122
0.2896005,0.9717122
0.2896005,0.9717122
0.2896005,0.9717122
0.2896005,0.9717122
0.2896005,0.9717122
0.2896005,0.9717122
0.2896005,0.9717122
0.2896005,0.9717122
0.2896005,0.9717122
0.2896005,0.9717122
0.2896005,0.9717122
0.2896005,0.9717122
0.2896005,0.9717122
0.2896005,0.9717122
0.2896005,0.9717122
0.2896005,0.9717122
0.2896005,0.9717122
0.2896005,0.9717122
0.2896005,0.9717122
0.2896005,0.9717122
0.2896005,0.9717122
0.2896005,0.9717122
0.2896005,0.9717122
0.2896005,0.9717122
0.2896005,0.9717122
0.2896005,0.9717122
0.2896005,0.9717122
0.2896005,0.9717122
0.2896005,0.9717122
0.2896005,0.9717122
0.2896005,0.9717122
0.2896005,0.9717122
0.2896005,0.9717122
0.2896005,0.9717122
0.2896005,0.9717122
0.2896005,0.9717122
0.2896005,0.9717122
0.2896005,0.9717122
0.2896005,0.9717122
0.2896005,0.9717122
0.2896005,0.9717122
0.2896005,0.9717122
0.2896005,0.9717122
0.2896005,0.9717122
0.2896005,0.9717122
0.2896005,0.9717122
0.2896005,0.9717122
0.2896005,0.9717122
0.2896005,0.9717122
0.2896005,0.9717122
0.2896005,0.9717122
0.2896005,0.9717122
0.2896005,0.9717122
0.2896005,0.9717122
0.2896005,0.9717122
0.2896005,0.9717122
0.2896005,0.9717122
0.2896005,0.9717122
0.2896005,0.9717122
0.2896005,0.9717122
0.2896005,0.9717122
0.2896005,0.9717122
0.2896005,0.9717122
0.2896005,0.9717122
0.2896005,0.9717122
0.2896005,0.9717122
0.2896005,0.9717122
0.2896005,0.9717122
0.2896005,0.9717122
0.2896005,0.9717122
0.2896005,0.9717122
0.2896005,0.9717122
0.2896005,0.9717122
0.2896005,0.9717122
0.2896005,0.9717122
0.2896005,0.9717122
0.2896005,0.9717122
0.2896005,0.9717122
0.2896005,0.9717122
0.2896005,0.9717122
0.2896005,0.9717122
0.2896005,0.9717122
0.2896005,0.9717122
0.2896005,0.9717122
0.2896005,0.9717122
0.2896005,0.9717122
0.2896005,0.9717122
0.2896005,0.9717122
0.2896005,0.9717122
0.2896005,0.9717122
0.2896005,0.9717122
0.2896005,0.9717122
0.2896005,0.9717122
0.2896005,0.9717122
0.2896005,0.9717122
0.2896005,0.9717122
0.2896005,0.9717122
0.2896005,0.9717122
0.2896005,0.9717122
0.2896005,0.9717122
0.2896005,0.9717122
0.2896005,0.9717122
0.2896005,0.9717122
0.2896005,0.9717122
0.2896005,0.9717122
0.2896005,0.9717122
0.2896005,0.9717122
0.2896005,0.9717122
0.2896005,0.9717122
0.2896005,0.9717122
0.2896005,0.9717122
0.2896005,0.9717122
0.2896005,0.9717122
0.2896005,0.9717122
0.2896005,0.9717122
0.2896005,0.9717122
0.2896005,0.9717122
0.2896005,0.9717122
0.2896005,0.9717122
0.2896005,0.9717122
0.2896005,0.9717122
0.2896005,0.9717122
0.2896005,0.9717122
0.2896005,0.9717122
0.2896005,0.9717122
0.2896005,0.9717122
0.2896005,0.9717122
0.2896005,0.9717122
0.2896005,0.9717122
0.2896005,0.9717122
0.2896005,0.9717122
0.2896005,0.9717122
0.2896005,0.9717122
0.2896005,0.9717122
0.2896005,0.9717122
0.2896005,0.9717122
0.2896005,0.9717122
0.2896005,0.9717122
0.2896005,0.9717122
0.2896005,0.9717122
0.2896005,0.9717122
0.2896005,0.9717122
0.2896005,0.9717122
0.2896005,0.9717122
0.2896005,0.9717122
0.2896005,0.9717122
0.2896005,0.9717122
0.2896005,0.9717122
0.2896005,0.9717122
0.2896005,0.9717122
0.2896005,0.9717122
0.2896005,0.9717122
0.2896005,0.9717122
0.2896005,0.9717122
0.2896005,0.9717122
0.2896005,0.9717122
0.2896005,0.9717122
0.2895136,0.9706755
0.2895136,0.9706755
0.2895136,0.9706755
0.2895136,0.9706755
0.2895136,0.9706755
0.2895136,0.9706755
0.2895136,0.9706755
0.2895136,0.9706755
0.2895136,0.9706755
0.2895136,0.9706755
0.2895136,0.9706755
0.2895136,0.9706755
0.2895136,0.9706755
0.2895136,0.9706755
0.2895136,0.9706755
0.2895136,0.9706755
0.2895136,0.9706755
0.2895136,0.9706755
0.2895136,0.9706755
0.2895136,0.9706755
0.2895136,0.9706755
0.2895136,0.9706755
0.2895136,0.9706755
0.2895136,0.9706755
0.2901334,0.9710887
0.2901334,0.9710887
0.2901334,0.9710887
0.2901334,0.9710887
0.2901334,0.9710887
0.2901334,0.9710887
0.2901334,0.9710887
0.2901334,0.9710887
0.2901334,0.9710887
0.2901334,0.9710887
0.2901334,0.9710887
0.2901334,0.9710887
0.2901334,0.9710887
0.2901334,0.9710887
0.2901334,0.9710887
0.2901334,0.9710887
0.2901334,0.9710887
0.2901334,0.9710887
0.2901334,0.9710887
0.2901334,0.9710887
0.2901334,0.9710887
0.2901334,0.9710887
0.2901334,0.9710887
0.2901334,0.9710887
0.1484376,0.5326324
0.1484376,0.5326324
0.1484376,0.5326324
0.1484376,0.5326324
0.1484376,0.5326324
0.1484376,0.5326324
0.1484376,0.5326324
0.1484376,0.5326324
0.1484376,0.5326324
0.1484376,0.5326324
0.1484376,0.5326324
0.1484376,0.5326324
0.1484376,0.5326324
0.1484376,0.5326324
0.1484376,0.5326324
0.1484376,0.5326324
0.1484376,0.5326324
0.1484376,0.5326324
0.1484376,0.5326324
0.1484376,0.5326324
0.1484376,0.5326324
0.1484376,0.5326324
0.1484376,0.5326324
0.1484376,0.5326324
0.1484376,0.5326324
0.1484376,0.5326324
0.1484376,0.5326324
0.1484376,0.5326324
0.1484376,0.5326324
0.1484376,0.5326324
0.1484376,0.5326324
0.1484376,0.5326324
0.1484376,0.5326324
0.1484376,0.5326324
0.1484376,0.5326324
0.1484376,0.5326324
0.1484376,0.5326324
0.1484376,0.5326324
0.1484376,0.5326324
0.1484376,0.5326324
0.1484376,0.5326324
0.1484376,0.5326324
0.1484376,0.5326324
0.1484376,0.5326324
0.1484376,0.5326324
0.1484376,0.5326324
0.1484376,0.5326324
0.1484376,0.5326324
0.1484376,0.5326324
0.1484376,0.5326324
0.1484376,0.5326324
0.1484376,0.5326324
0.1484376,0.5326324
0.1484376,0.5326324
0.1484376,0.5326324
0.1484376,0.5326324
0.1484376,0.5326324
0.1484376,0.5326324
0.1484376,0.5326324
0.1484376,0.5326324
0.1484376,0.5326324
0.1484376,0.5326324
0.1484376,0.5326324
0.1484376,0.5326324
0.1484376,0.5326324
0.1484376,0.5326324
0.1484376,0.5326324
0.1484376,0.5326324
0.1484376,0.5326324
0.1484376,0.5326324
0.1484376,0.5326324
0.1484376,0.5326324
1
864
0
1
2
2
3
0
2
4
3
4
5
3
4
6
5
6
7
5
6
8
7
8
9
7
8
10
9
10
11
9
12
13
14
14
15
12
16
15
14
15
17
12
14
18
16
17
19
12
18
20
16
17
21
19
18
22
20
21
23
19
22
24
20
21
25
23
24
22
26
24
26
27
28
27
26
25
29
23
25
30
29
30
31
29
26
32
28
31
33
29
32
34
28
31
34
33
32
33
34
32
35
33
36
37
38
39
36
38
39
38
40
39
40
41
39
41
42
43
41
40
39
42
44
45
43
40
46
39
44
45
40
47
46
44
48
46
48
49
46
49
50
51
46
50
52
45
47
53
52
47
51
50
54
55
51
54
54
56
55
57
53
47
57
56
54
57
47
58
57
59
56
58
59
57
60
61
62
62
63
60
62
64
63
64
65
63
65
66
63
65
67
66
65
68
67
68
69
67
68
70
69
70
71
69
72
73
74
72
75
73
76
75
72
76
77
75
78
79
80
78
80
81
82
83
84
82
84
85
86
87
88
86
89
87
90
89
86
90
91
89
92
93
94
92
95
93
96
95
92
96
97
95
98
99
100
98
101
99
102
101
98
102
103
101
104
105
106
104
107
105
108
107
104
108
109
107
110
111
112
110
112
113
114
115
116
114
116
117
118
119
120
118
121
119
122
121
118
122
123
121
124
125
126
124
127
125
128
127
124
128
129
127
130
131
132
130
133
131
134
133
130
134
135
133
136
137
138
136
139
137
140
139
136
140
141
139
142
143
144
142
144
145
146
147
148
146
148
149
150
151
152
150
153
151
154
153
150
154
155
153
156
157
158
156
159
157
160
159
156
160
161
159
162
163
164
162
165
163
166
165
162
166
167
165
168
169
170
168
171
169
172
171
168
172
173
171
174
175
176
174
176
177
178
179
180
178
180
181
182
183
184
182
185
183
186
185
182
186
187
185
188
189
190
188
191
189
192
191
188
192
193
191
194
195
196
194
197
195
198
197
194
198
199
197
200
201
202
200
203
201
204
203
200
204
205
203
206
207
208
206
208
209
210
211
212
210
212
213
214
215
216
214
217
215
218
217
214
218
219
217
220
221
222
220
223
221
224
223
220
224
225
223
226
227
228
226
229
227
230
229
226
230
231
229
232
233
234
232
234
235
236
233
232
235
234
237
236
238
233
235
237
239
240
238
236
239
237
241
240
242
238
239
241
243
244
242
240
243
241
245
244
246
242
243
245
247
248
246
244
247
245
249
248
250
246
247
249
251
252
250
248
251
249
253
252
254
250
251
253
255
255
254
252
255
253
254
256
257
258
259
257
256
256
258
260
259
261
257
260
258
262
263
261
259
260
262
264
263
265
261
264
262
266
267
265
263
264
266
268
267
269
265
268
266
270
271
269
267
268
270
272
271
273
269
272
270
274
275
273
271
272
274
276
275
277
273
276
274
278
279
277
275
276
278
279
279
278
277
280
281
282
280
282
283
284
281
280
283
282
285
284
286
281
283
285
287
288
286
284
287
285
289
288
290
286
287
289
291
292
290
288
291
289
293
292
294
290
291
293
295
296
294
292
295
293
297
296
298
294
295
297
299
300
298
296
299
297
301
300
302
298
299
301
303
303
302
300
303
301
302
304
305
306
304
307
305
306
305
308
309
307
304
306
308
310
309
311
307
310
308
312
313
311
309
310
312
314
313
315
311
314
312
316
317
315
313
314
316
318
317
319
315
318
316
320
321
319
317
318
320
322
321
323
319
322
320
324
325
323
321
322
324
326
325
327
323
326
324
327
326
327
325
328
329
330
328
331
329
332
328
330
331
333
329
332
330
334
331
335
333
336
332
334
335
337
333
336
334
338
335
339
337
340
336
338
339
341
337
340
338
342
339
343
341
344
340
342
343
345
341
344
342
346
343
347
345
348
344
346
347
349
345
348
346
350
347
351
349
351
348
350
351
350
349
