MESH3
PFB_Towel
390
0.4919658,1.134164,-0.01540533
0.4692705,1.134164,-0.01540533
0.4919658,1.154288,-0.008866634
0.4692717,1.154288,-0.008866634
-0.4668687,1.134164,-0.01540533
-0.4668694,1.154288,-0.008867244
-0.4919652,1.134164,-0.01540533
-0.4919658,1.154288,-0.008867244
0.4919658,1.154288,-0.008866634
0.4692717,1.154288,-0.008866634
0.4919658,1.154288,0.01229364
0.4692705,1.154288,0.01229364
-0.4668694,1.154288,-0.008867244
0.4692705,1.154288,0.09593744
0.4919658,1.154288,0.09593744
-0.4668687,1.154288,0.01229364
-0.4919658,1.154288,-0.008867244
-0.4919652,1.154288,0.01229364
-0.4919652,1.154288,0.09593744
-0.4668687,1.154288,0.09593744
0.4919658,1.154288,0.09593744
0.4692705,1.154288,0.09593744
0.4919658,1.134164,0.1024761
0.4692717,1.134164,0.1024761
0.4919658,1.134164,0.01883234
0.4692717,1.134164,0.01883234
0.4919658,1.121726,0.0017132
0.4692717,1.121726,0.0017132
0.4919658,1.134164,-0.01540533
-0.4668694,1.134164,0.01883173
0.4692705,1.134164,-0.01540533
-0.4668694,1.121726,0.001712589
-0.4919658,1.134164,0.01883173
-0.4668687,1.134164,-0.01540533
-0.4919658,1.121726,0.001712589
-0.4919652,1.134164,-0.01540533
0.4692705,1.154288,0.01229364
-0.4668687,1.154288,0.01229364
0.4692717,1.134164,0.01883234
-0.4668694,1.134164,0.01883173
-0.4668687,1.154288,0.09593744
-0.4919652,1.154288,0.09593744
-0.4668694,1.134164,0.1024755
-0.4919658,1.134164,0.1024755
0.4919658,1.154288,0.09593744
0.4919658,1.134164,0.1024761
0.4919658,1.134164,0.01883234
0.4919658,1.154288,0.01229364
0.4919658,1.139726,0.0017132
0.4919658,1.121726,0.0017132
0.4919658,1.154288,-0.008866634
0.4919658,1.134164,-0.01540533
0.4919658,1.134164,0.01883234
0.4919658,1.134164,0.1024761
0.4692717,1.134164,0.01883234
0.4692717,1.134164,0.1024761
0.4692705,1.154288,0.01229364
0.4692717,1.134164,0.01883234
0.4692705,1.154288,0.09593744
0.4692717,1.134164,0.1024761
-0.4668687,1.154288,0.01229364
-0.4668687,1.154288,0.09593744
-0.4668694,1.134164,0.01883173
-0.4668694,1.134164,0.1024755
-0.4668694,1.134164,0.01883173
-0.4668694,1.134164,0.1024755
-0.4919658,1.134164,0.01883173
-0.4919658,1.134164,0.1024755
-0.4919658,1.134164,0.01883173
-0.4919658,1.134164,0.1024755
-0.4919652,1.154288,0.09593744
-0.4919652,1.154288,0.01229364
-0.4919658,1.139726,0.001712589
-0.4919658,1.154288,-0.008867244
-0.4919658,1.121726,0.001712589
-0.4919652,1.134164,-0.01540533
-0.06579655,0.06651663,-0.07067924
0.01947136,0.07522165,-0.08957155
-0.07955936,0.168377,-0.05957485
0.008321533,0.1881034,-0.06552334
-0.07928005,0.2691223,-0.06045681
0.1351777,0.183255,-0.04299688
0.1353721,0.05167352,-0.063651
0.01016827,0.2868647,-0.06336681
-0.0687775,0.3733292,-0.08109762
0.1355776,0.2872815,-0.04329815
0.01389584,0.3899677,-0.08052364
-0.07968757,0.5305372,-0.0877753
0.2024845,0.1747809,-0.04394099
0.2012311,0.04379749,-0.06200583
0.01451595,0.5519264,-0.0836619
-0.08108375,0.699397,-0.06192673
0.2023713,0.2792976,-0.04477936
0.3312036,0.1476312,-0.06500047
0.3359039,0.01786114,-0.06920644
0.3794695,0.03107865,-0.06547783
0.135041,0.3944976,-0.05926634
0.01472286,0.7143558,-0.05375455
-0.07184272,0.8573186,-0.04906259
0.3225276,0.2527382,-0.06223928
0.3892927,0.1742681,-0.04328226
0.2015566,0.3896237,-0.059304
0.1345527,0.5604759,-0.06058298
0.01545593,0.8666825,-0.03920023
-0.08053406,1.027558,-0.03445474
0.3222194,0.3715055,-0.06992175
0.2009174,0.5593162,-0.0557602
0.1352359,0.7205344,-0.03739692
0.3839726,0.2817707,-0.04043029
0.3288477,0.5507267,-0.05734503
0.3892144,0.4013897,-0.04996477
0.01495838,1.028513,-0.03641517
0.1364896,0.8688387,-0.03580377
0.2010322,0.7205958,-0.03507417
0.3283157,0.7233569,-0.02775668
0.3949399,0.5629393,-0.05209639
0.0114505,1.12905,-0.02412338
-0.1138182,1.12706,-0.02192175
-0.1002493,1.148092,0.0004863935
0.01103847,1.15667,0.003668643
0.1361484,1.157366,0.00366287
0.13615,1.129642,-0.02412533
0.2013797,0.868993,-0.03594532
0.1362305,1.028566,-0.036375
0.2011683,1.028639,-0.03636222
0.2011367,1.129644,-0.02412706
0.2011287,1.16197,0.003659818
0.3279106,1.126601,-0.01725781
0.3608154,1.15488,0.003616328
0.3298763,1.02396,-0.02948146
0.3307236,0.8683546,-0.02949673
0.4000569,1.150063,-0.0162385
0.4036311,1.162833,0.003363273
0.3829319,1.167542,0.003919383
0.3964806,1.021552,-0.03692903
0.3954291,0.7294037,-0.02879198
0.3749176,1.14544,-0.02756411
0.3353555,1.167076,0.003708367
0.3755771,1.033473,-0.04701269
0.3281278,1.139966,-0.03382046
0.2011527,1.167875,0.003699677
0.3989394,0.8696214,-0.03449567
0.3743782,0.5609152,-0.06567096
0.3778516,0.8781213,-0.04408442
0.3744334,0.7360581,-0.03713225
0.3294104,1.028612,-0.04645459
0.331018,0.8720404,-0.04635258
0.3291103,0.7263982,-0.044215
0.3683105,0.3837367,-0.07223003
0.2013036,0.872821,-0.04603631
0.201165,1.033195,-0.04648564
0.2011453,1.137117,-0.03383365
0.1362248,1.033118,-0.04649938
0.1361483,1.137117,-0.03383316
0.1361484,1.167875,0.003696229
0.01140892,1.136542,-0.03382769
0.01100071,1.167207,0.003689798
0.01486797,1.033102,-0.04653301
0.1365981,0.8727,-0.04590518
-0.0974517,1.149369,-0.03371905
-0.09962215,1.165088,0.003672846
-0.08087639,1.031777,-0.04767815
-0.1159544,1.147697,-0.01888851
-0.1185176,1.161095,0.003659941
-0.1002493,1.148092,0.0004863935
-0.1138182,1.12706,-0.02192175
-0.09942352,1.0281,-0.03850647
-0.08053406,1.027558,-0.03445474
0.01595589,0.8710886,-0.04898866
0.2010694,0.7239479,-0.0446113
-0.09079345,0.8587215,-0.04836091
-0.07184272,0.8573186,-0.04906259
-0.07176235,0.8614312,-0.05842749
0.13621,0.7241914,-0.04672401
-0.1011267,0.7017328,-0.05971842
-0.08108375,0.699397,-0.06192673
-0.1003228,0.5302588,-0.08688417
-0.07968757,0.5305372,-0.0877753
-0.0687775,0.3733292,-0.08109762
-0.08129658,0.7027986,-0.07102679
0.01501823,0.7183934,-0.06292117
0.135904,0.5617957,-0.06990353
0.01498241,0.5532981,-0.09298698
0.2010609,0.5608184,-0.06518074
-0.08917015,0.3702992,-0.08073463
-0.07928005,0.2691223,-0.06045681
-0.07971771,0.5317262,-0.09692863
0.1359402,0.3935991,-0.0686757
0.3292603,0.5527117,-0.07348529
-0.0686528,0.3720623,-0.09020513
0.01451996,0.388864,-0.08984312
-0.1002312,0.2636474,-0.06081232
-0.07955936,0.168377,-0.05957485
0.2009115,0.3889222,-0.06874472
0.3230387,0.3710984,-0.0861169
0.136379,0.285749,-0.05291903
-0.07917106,0.2675579,-0.06977401
0.01040333,0.2853371,-0.07294807
-0.0995026,0.1618093,-0.0609226
-0.06579655,0.06651663,-0.07067924
-0.07521961,0.06181101,-0.07491013
-0.0673204,0.06610408,-0.08328278
-0.07962215,0.1677042,-0.06897655
0.01883244,0.07403261,-0.1024761
0.008139839,0.1875158,-0.07524312
0.1363049,0.1821156,-0.0526136
0.1371018,0.05099789,-0.07649931
0.2014228,0.2777871,-0.05436066
0.2016813,0.1734874,-0.05356045
0.201215,0.04315325,-0.07499111
0.3231435,0.251872,-0.07858253
0.331762,0.1464685,-0.0812301
0.3363578,0.0164123,-0.0888019
0.3737972,0.1515218,-0.06834321
0.3779576,0.01160006,-0.08431644
0.3652607,0.2597077,-0.06561897
0.005611572,0.0387855,0.08124239
-0.104661,0.04110977,0.06099151
0.006481437,0.02502907,0.07210362
-0.1097464,0.03472492,0.05013117
-0.1023268,0.04264105,0.04746434
0.005314903,0.04098452,0.07196348
0.1372758,0.03801308,0.04706722
0.135425,0.03961626,0.03775473
0.135465,0.02297062,0.0394505
0.2016501,0.03852202,0.03197546
0.2009109,0.03734987,0.04157731
0.2016232,0.02202547,0.03505271
0.3286401,0.04038462,0.04818914
0.329699,0.02589872,0.05815066
0.3287986,0.03903883,0.0664983
0.3731573,0.03664925,0.05031551
0.3659644,0.03241801,0.06298579
-0.1066854,0.06660715,0.04440419
0.003788147,0.07498714,0.07172894
-0.1023268,0.04264105,0.04746434
-0.0940023,0.226102,0.03634639
0.005314903,0.04098452,0.07196348
0.01138416,0.2291477,0.06075493
-0.08612797,0.3919609,0.04395746
0.1354278,0.07530899,0.03499147
0.135425,0.03961626,0.03775473
0.01205582,0.3932984,0.05719904
-0.07786556,0.5552602,0.05923251
0.01430557,0.5570734,0.06204825
-0.07580299,0.6688638,0.0626887
0.1358251,0.3914915,0.02070389
0.01420284,0.6696787,0.06159065
-0.07286274,0.7727458,0.04882629
0.2016502,0.0741859,0.02672771
0.2016501,0.03852202,0.03197546
0.3286401,0.04038462,0.04818914
0.13567,0.225659,0.02228226
0.2016298,0.2245671,0.01034758
0.3297569,0.07311304,0.04633311
0.3731573,0.03664925,0.05031551
0.2015907,0.3909886,0.009392874
0.3203162,0.229202,0.03519115
0.01658226,0.7727712,0.04622
-0.07540989,0.952459,0.04055086
0.3900476,0.0481282,0.04549642
0.3781259,0.2298741,0.03678618
0.3728872,0.04574728,0.06068824
0.3659644,0.03241801,0.06298579
0.3287986,0.03903883,0.0664983
0.3594012,0.2224896,0.05274635
0.3297867,0.07120164,0.06472417
0.2009109,0.03734987,0.04157731
0.3147704,0.3966115,0.03444114
0.3757905,0.397927,0.03839702
0.3548798,0.3944674,0.05359475
0.3191836,0.2284523,0.0533121
0.2010438,0.0726844,0.03645422
0.2017868,0.561025,0.02403855
0.3173576,0.5609276,0.04581089
0.1361367,0.5605835,0.03183308
0.2020017,0.6694473,0.03054525
0.1362869,0.6694163,0.03610509
0.1374632,0.07349802,0.04440524
0.1372758,0.03801308,0.04706722
0.005611572,0.0387855,0.08124239
0.1363863,0.7715706,0.02918297
0.004007149,0.0726943,0.08116192
-0.104661,0.04110977,0.06099151
-0.1094658,0.06497093,0.05795941
-0.1097464,0.03472492,0.05013117
-0.1233203,0.06272314,0.04435315
-0.1023268,0.04264105,0.04746434
-0.1066854,0.06660715,0.04440419
-0.1132811,0.2251869,0.03408198
-0.0940023,0.226102,0.03634639
-0.09691028,0.2254315,0.04959298
-0.1047436,0.3919142,0.04151542
-0.08612797,0.3919609,0.04395746
0.01215603,0.2283832,0.0700018
-0.08877647,0.392021,0.05712736
-0.09584679,0.5562348,0.05787776
-0.07786556,0.5552602,0.05923251
-0.07580299,0.6688638,0.0626887
-0.09343772,0.6694726,0.06230346
-0.07286274,0.7727458,0.04882629
-0.0800011,0.5555068,0.07255158
-0.09087753,0.7733806,0.04965005
-0.07540989,0.952459,0.04055086
0.1378304,0.2249756,0.03136647
0.0135284,0.3935638,0.06614392
-0.07755123,0.6707289,0.07619448
-0.09441551,0.9531974,0.04509356
-0.1045254,1.127043,0.02349874
0.201448,0.2239242,0.01968937
0.1376389,0.3916486,0.02960576
0.2013734,0.3910176,0.01847649
0.01628094,0.5576015,0.07087056
-0.07409523,0.7761649,0.06276308
0.3133003,0.396706,0.05228446
0.2012909,0.5611499,0.03312048
0.1374068,0.5608575,0.04083786
0.0161245,0.6717391,0.07054709
0.3164519,0.5611652,0.06372349
0.201311,0.6709048,0.03985683
0.1372745,0.6710309,0.04536057
0.01812695,0.7763464,0.05566589
0.3613525,0.5610933,0.06301623
0.3230272,0.6730701,0.06753185
0.2011243,0.7740803,0.03716595
0.3827361,0.5619335,0.0476415
0.3692597,0.6747777,0.06448871
0.3233237,0.6714306,0.04941472
-0.0758902,0.9560445,0.05507524
0.1369583,0.7743711,0.03902662
0.3284913,0.7766606,0.05876654
0.2011199,0.957337,0.05572897
0.1362988,0.9572236,0.05512475
0.3902165,0.6719939,0.04911622
0.01765068,0.9571885,0.05524023
-0.09460476,1.141229,0.03450659
0.01107502,1.136535,0.03664443
0.1361483,1.137109,0.0366484
0.2011467,1.137109,0.03664861
0.01100071,1.167207,0.003689798
0.1361484,1.167875,0.003696229
0.2011527,1.167875,0.003699677
-0.09962215,1.165088,0.003672846
0.3353555,1.167076,0.003708367
-0.1127072,1.143261,0.02403637
-0.1185176,1.161095,0.003659941
-0.1002493,1.148092,0.0004863935
0.3362083,1.133077,0.03633995
0.3369243,0.9529687,0.05872868
0.3831502,1.140823,0.03697657
0.3829319,1.167542,0.003919383
0.37529,0.7794846,0.05385039
0.3830317,0.9567645,0.0562572
0.3981439,1.144448,0.02119437
0.4036311,1.162833,0.003363273
0.3608154,1.15488,0.003616328
0.3964165,0.7731894,0.03895831
0.4034945,0.9470963,0.0449469
0.3357081,1.125644,0.01832602
0.2011287,1.16197,0.003659818
0.3282531,0.7736691,0.04023838
0.336444,0.948794,0.03986322
0.2011355,1.12966,0.02755172
0.1361484,1.157366,0.00366287
0.2014134,0.9534364,0.04538775
0.2019704,0.7714687,0.02729556
0.1363543,0.9535531,0.04469848
0.1361484,1.129659,0.0275518
0.01103847,1.15667,0.003668643
0.01754417,0.9533464,0.04486362
0.01115299,1.12906,0.02755608
-0.1002493,1.148092,0.0004863935
-0.1045254,1.127043,0.02349874
0.01947136,0.07522165,-0.08957155
-0.06579655,0.06651663,-0.07067924
0.01961948,0.0603112,-0.09694227
-0.07521961,0.06181101,-0.07491013
-0.0673204,0.06610408,-0.08328278
0.01883244,0.07403261,-0.1024761
0.1353721,0.05167352,-0.063651
0.1371018,0.05099789,-0.07649931
0.1354698,0.03837046,-0.0719804
0.2012311,0.04379749,-0.06200583
0.201215,0.04315325,-0.07499111
0.2010464,0.03215655,-0.06988339
0.3359039,0.01786114,-0.06920644
0.3363578,0.0164123,-0.0888019
0.3363487,0.01068495,-0.08095545
0.3794695,0.03107865,-0.06547783
0.3779576,0.01160006,-0.08431644
390
0.9961179,0.9960055
0.9961179,0.9921902
0.9927347,0.9960055
0.9927347,0.9921902
0.9961179,0.5715162
0.9927347,0.5715162
0.9961179,0.5672966
0.9927347,0.5672966
0.9897791,0.9960055
0.9897791,0.9921902
0.9862216,0.9960055
0.9862216,0.9921902
0.9897791,0.5715162
0.9721597,0.9921902
0.9721597,0.9960055
0.9862216,0.5715161
0.9897791,0.5672966
0.9862216,0.5672966
0.9721597,0.5672966
0.9721597,0.5715162
0.6956291,0.5734955
0.6918138,0.5734955
0.6956291,0.5768791
0.6918138,0.5768791
0.5961037,0.9939954
0.5961037,0.9901801
0.5932255,0.9939955
0.5932254,0.9901803
0.5903476,0.9939954
0.5961037,0.5695056
0.5903478,0.9901801
0.5932254,0.5695056
0.5961037,0.5652865
0.5903478,0.5695056
0.5932255,0.5652865
0.5903478,0.5652865
0.5874711,0.9939954
0.5874711,0.5733212
0.5840876,0.9939954
0.5840876,0.5733212
0.6956291,0.5672352
0.6914096,0.5672351
0.6956291,0.5706185
0.6914096,0.5706185
0.6411076,0.5655817
0.6400082,0.5689651
0.6540706,0.5689651
0.6551699,0.5655816
0.6569489,0.5680299
0.656949,0.5710561
0.6587273,0.5655816
0.6598266,0.568965
0.5961037,0.9939954
0.6101657,0.9939954
0.5961037,0.9901801
0.6101657,0.9901801
0.6680328,0.5671482
0.6691323,0.5705315
0.6820955,0.5671482
0.6831947,0.5705316
0.6831947,0.5734088
0.6691324,0.5734088
0.6820953,0.576792
0.6680329,0.576792
0.5961037,0.5695056
0.6101657,0.5695056
0.5961037,0.5652865
0.6101657,0.5652865
0.6457644,0.5775731
0.6598267,0.5775731
0.6587272,0.57419
0.6446651,0.57419
0.6428865,0.5766382
0.6411075,0.57419
0.6428865,0.5796647
0.6400082,0.5775731
0.7821965,0.5558339
0.7821965,0.5236961
0.7617997,0.5558339
0.7617997,0.5236961
0.7482018,0.5558339
0.7617997,0.491558
0.7821965,0.491558
0.7482018,0.5236961
0.7346094,0.5558339
0.7482018,0.491558
0.7346094,0.5236961
0.7142125,0.5558339
0.7617997,0.4736351
0.7821965,0.4736351
0.7142125,0.5236961
0.6938158,0.5558339
0.7482018,0.4736351
0.7617997,0.4377891
0.7821965,0.4377891
0.7821965,0.3858714
0.7346094,0.491558
0.6938158,0.5236961
0.673419,0.5558339
0.7482018,0.4377891
0.7617997,0.3858714
0.7346094,0.4736351
0.7142125,0.491558
0.673419,0.5236961
0.6462232,0.5558339
0.7346094,0.4377891
0.7142125,0.4736351
0.6938158,0.491558
0.7482018,0.3858714
0.7142125,0.4377891
0.7346094,0.3858714
0.6462232,0.5236961
0.673419,0.491558
0.6938158,0.4736351
0.6938158,0.4377891
0.7142125,0.3858714
0.6190329,0.5236961
0.6190329,0.5558339
0.5918372,0.5558339
0.5918372,0.5236961
0.5918372,0.491558
0.6190329,0.491558
0.673419,0.4736351
0.6462232,0.491558
0.6462232,0.4736351
0.6190329,0.4736351
0.5918372,0.4736351
0.6190329,0.4377891
0.5918372,0.4377891
0.6462232,0.4377891
0.673419,0.4377891
0.6190329,0.3858714
0.5918372,0.3858714
0.5918372,0.2838929
0.6462232,0.3858714
0.6938158,0.3858714
0.6190329,0.2838929
0.5918372,0.2659699
0.6462232,0.2838929
0.6190329,0.2659699
0.5918372,0.2301239
0.673419,0.3858714
0.7142125,0.2838929
0.673419,0.2838929
0.6938158,0.2838929
0.6462232,0.2659699
0.673419,0.2659699
0.6938158,0.2659699
0.7346094,0.2838929
0.673419,0.2301239
0.6462232,0.2301239
0.6190329,0.2301239
0.6462232,0.212201
0.6190329,0.212201
0.5918372,0.212201
0.6190329,0.180063
0.5918372,0.180063
0.6462232,0.180063
0.673419,0.212201
0.6190329,0.1479196
0.5918372,0.1479196
0.6462232,0.1479196
0.6190329,0.04594103
0.5918372,0.04594103
0.5918372,0.0119518
0.6190329,0.0119518
0.6462232,0.04594103
0.6462232,0.0119518
0.673419,0.180063
0.6938158,0.2301239
0.673419,0.04594103
0.673419,0.0119518
0.673419,0.1479196
0.6938158,0.212201
0.6938158,0.04594103
0.6938158,0.0119518
0.7142125,0.04594103
0.7142125,0.0119518
0.7346094,0.0119518
0.6938158,0.1479196
0.6938158,0.180063
0.7142125,0.212201
0.7142125,0.180063
0.7142125,0.2301239
0.7346094,0.04594103
0.7482018,0.0119518
0.7142125,0.1479196
0.7346094,0.212201
0.7142125,0.2659699
0.7346094,0.1479196
0.7346094,0.180063
0.7482018,0.04594103
0.7617997,0.0119518
0.7346094,0.2301239
0.7346094,0.2659699
0.7482018,0.212201
0.7482018,0.1479196
0.7482018,0.180063
0.7617997,0.04594103
0.7821965,0.0119518
0.7821965,0.04594103
0.7821965,0.1479196
0.7617997,0.1479196
0.7821965,0.180063
0.7617997,0.180063
0.7617997,0.212201
0.7821965,0.212201
0.7482018,0.2301239
0.7617997,0.2301239
0.7821965,0.2301239
0.7482018,0.2659699
0.7617997,0.2659699
0.7821965,0.2659699
0.7617997,0.2838929
0.7821965,0.2838929
0.7482018,0.2838929
0.991571,0.1403835
0.991571,0.01233405
0.9881852,0.1403835
0.9881852,0.01233405
0.9870546,0.01233405
0.9870546,0.1403835
0.991571,0.2684328
0.9870546,0.2684328
0.9881852,0.2684328
0.9870546,0.3398408
0.991571,0.3398408
0.9881852,0.3398408
0.9870546,0.4826512
0.9881852,0.4826512
0.991571,0.4826512
0.9881852,0.5540537
0.991571,0.5540537
0.7918296,0.5558722
0.7918296,0.5237342
0.7850307,0.5558722
0.8122265,0.5558722
0.7850307,0.5237342
0.8122265,0.5237342
0.8326233,0.5558722
0.7918296,0.4915908
0.7850307,0.4915908
0.8326233,0.5237342
0.85302,0.5558722
0.85302,0.5237342
0.866618,0.5558722
0.8326233,0.4915908
0.866618,0.5237342
0.8802158,0.5558722
0.7918296,0.4736678
0.7850307,0.4736678
0.7850307,0.4378274
0.8122265,0.4915908
0.8122265,0.4736678
0.7918296,0.4378274
0.7850307,0.3859097
0.8326233,0.4736678
0.8122265,0.4378274
0.8802158,0.5237342
0.9074062,0.5558722
0.7918296,0.3859097
0.8122265,0.3859097
0.7918296,0.2839311
0.7850307,0.2839311
0.7850307,0.2660081
0.8122265,0.2839311
0.7918296,0.2660081
0.7850307,0.2301622
0.8326233,0.4378274
0.8326233,0.3859097
0.8326233,0.2839311
0.8122265,0.2660081
0.7918296,0.2301622
0.85302,0.4736678
0.85302,0.4378274
0.85302,0.4915908
0.866618,0.4736678
0.866618,0.4915908
0.7918296,0.2122392
0.7850307,0.2122392
0.7850307,0.1801012
0.8802158,0.4915908
0.7918296,0.1801012
0.7850307,0.1479578
0.7918296,0.1479578
0.7850307,0.04597923
0.7918296,0.04597923
0.7850307,0.01199007
0.7918296,0.01199007
0.8122265,0.04597923
0.8122265,0.01199007
0.8122265,0.1479578
0.8326233,0.04597923
0.8326233,0.01199007
0.8122265,0.1801012
0.8326233,0.1479578
0.85302,0.04597923
0.85302,0.01199007
0.866618,0.01199007
0.866618,0.04597923
0.8802158,0.01199007
0.85302,0.1479578
0.8802158,0.04597923
0.9074062,0.01199007
0.8122265,0.2122392
0.8326233,0.1801012
0.866618,0.1479578
0.9074062,0.04597923
0.9481998,0.01199007
0.8122265,0.2301622
0.8326233,0.2122392
0.8326233,0.2301622
0.85302,0.1801012
0.8802158,0.1479578
0.8326233,0.2660081
0.85302,0.2301622
0.85302,0.2122392
0.866618,0.1801012
0.85302,0.2660081
0.866618,0.2301622
0.866618,0.2122392
0.8802158,0.1801012
0.85302,0.2839311
0.866618,0.2660081
0.8802158,0.2301622
0.85302,0.3859097
0.866618,0.2839311
0.866618,0.4378274
0.9074062,0.1479578
0.8802158,0.2122392
0.8802158,0.2660081
0.9074062,0.2301622
0.9074062,0.2122392
0.866618,0.3859097
0.9074062,0.1801012
0.9481998,0.1479578
0.9481998,0.1801012
0.9481998,0.2122392
0.9481998,0.2301622
0.9753955,0.1801012
0.9753955,0.2122392
0.9753955,0.2301622
0.9753955,0.1479578
0.9753955,0.2660081
0.9481998,0.04597923
0.9753955,0.04597923
0.9753955,0.01199007
0.9481998,0.2660081
0.9074062,0.2660081
0.9481998,0.2839311
0.9753955,0.2839311
0.8802158,0.2839311
0.9074062,0.2839311
0.9481998,0.3859097
0.9753955,0.3859097
0.9753955,0.4378274
0.8802158,0.3859097
0.9074062,0.3859097
0.9481998,0.4378274
0.9753955,0.4736678
0.8802158,0.4378274
0.9074062,0.4378274
0.9481998,0.4736678
0.9753955,0.4915908
0.9074062,0.4736678
0.8802158,0.4736678
0.9074062,0.4915908
0.9481998,0.4915908
0.9753955,0.5237342
0.9074062,0.5237342
0.9481998,0.5237342
0.9753955,0.5558722
0.9481998,0.5558722
0.9837235,0.1410224
0.9837235,0.01297301
0.9825986,0.1410224
0.9825986,0.01297301
0.9792073,0.01297301
0.9792073,0.1410224
0.9837235,0.2690718
0.9792073,0.2690718
0.9825986,0.2690718
0.9837235,0.3404742
0.9792073,0.3404742
0.9825986,0.3404742
0.9837235,0.4832847
0.9792073,0.4832847
0.9825986,0.4832847
0.9825986,0.5546926
0.9792073,0.5546926
1
1686
0
1
2
1
3
2
1
4
3
4
5
3
4
6
5
6
7
5
8
9
10
9
11
10
9
12
11
11
13
10
13
14
10
12
15
11
12
16
15
16
17
15
17
18
15
18
19
15
20
21
22
21
23
22
24
25
26
25
27
26
26
27
28
25
29
27
27
30
28
29
31
27
27
31
30
29
32
31
31
33
30
32
34
31
31
34
33
34
35
33
36
37
38
37
39
38
40
41
42
41
43
42
44
45
46
47
44
46
46
48
47
49
48
46
47
48
50
51
48
49
50
48
51
52
53
54
53
55
54
56
57
58
57
59
58
60
61
62
61
63
62
64
65
66
65
67
66
68
69
70
71
68
70
71
72
68
73
72
71
68
72
74
75
72
73
74
72
75
76
77
78
77
79
78
78
79
80
81
79
77
82
81
77
79
83
80
80
83
84
85
83
79
81
85
79
83
86
84
83
85
86
84
86
87
88
81
82
89
88
82
86
90
87
87
90
91
85
81
92
81
88
92
88
89
93
89
94
93
94
95
93
85
96
86
86
96
90
90
97
91
91
97
98
88
93
99
92
88
99
95
100
93
93
100
99
85
92
101
96
85
101
96
102
90
90
102
97
97
103
98
98
103
104
92
99
105
101
92
105
101
106
96
106
102
96
102
107
97
97
107
103
102
106
107
100
108
99
99
108
105
105
109
101
109
106
101
108
110
105
109
105
110
103
111
104
107
112
103
103
112
111
106
113
107
107
113
112
106
109
114
113
106
114
115
109
110
109
115
114
104
111
116
117
104
116
117
116
118
116
119
118
119
116
120
116
111
121
116
121
120
113
122
112
113
114
122
112
123
111
111
123
121
124
123
112
123
124
121
122
124
112
121
125
120
124
125
121
125
126
120
125
127
126
125
124
127
127
128
126
129
124
122
124
129
127
114
130
122
130
129
122
127
131
128
131
132
128
132
131
133
129
134
127
134
129
130
134
131
127
114
135
130
115
135
114
131
136
133
133
136
137
138
136
131
134
138
131
136
139
137
136
138
139
137
139
140
141
134
130
135
141
130
115
142
135
115
110
142
143
138
134
141
143
134
135
144
141
142
144
135
144
143
141
145
138
143
138
145
139
146
143
144
146
145
143
147
146
144
144
142
147
110
148
142
110
108
148
145
146
149
146
147
149
145
150
139
150
145
149
150
151
139
139
151
140
150
152
151
150
149
152
151
153
140
152
153
151
153
154
140
153
155
154
155
156
154
152
157
153
157
155
153
149
158
152
152
158
157
155
159
156
159
160
156
157
161
155
161
159
155
159
162
160
162
163
160
163
162
164
162
165
164
166
162
159
166
165
162
161
166
159
167
165
166
157
168
161
158
168
157
149
169
158
147
169
149
166
170
167
170
171
167
166
161
172
168
172
161
170
166
172
158
173
168
169
173
158
170
174
171
174
175
171
174
176
175
176
177
175
177
176
178
174
170
179
170
172
179
176
174
179
168
180
172
173
180
168
180
179
172
181
173
169
173
181
180
180
182
179
181
182
180
183
181
169
183
169
147
176
184
178
185
178
184
186
176
179
182
186
179
181
187
182
181
183
187
188
183
147
142
188
147
188
142
148
176
186
189
184
176
189
182
190
186
187
190
182
190
189
186
191
185
184
185
191
192
183
193
187
183
188
193
194
188
148
188
194
193
187
195
190
195
187
193
189
196
184
196
191
184
190
197
189
195
197
190
197
196
189
191
198
192
199
192
198
200
199
198
200
198
201
202
198
191
198
202
201
196
202
191
203
201
202
197
204
196
204
202
196
204
203
202
204
197
195
203
204
205
205
204
195
206
203
205
195
207
205
207
195
193
207
193
194
205
208
206
207
208
205
208
209
206
210
207
194
207
210
208
209
208
211
210
211
208
212
209
211
212
211
213
213
211
210
214
212
213
95
214
213
100
95
213
215
210
194
215
213
210
100
213
215
148
215
194
108
100
215
108
215
148
216
217
218
217
219
218
218
219
220
221
218
220
222
216
218
218
221
223
224
222
218
224
218
223
223
225
224
226
222
224
225
227
224
227
226
224
227
225
228
227
229
226
229
227
228
229
230
226
228
231
229
232
230
229
231
232
229
233
234
235
234
233
236
234
237
235
238
234
236
238
236
239
234
240
237
240
234
238
240
241
237
242
238
239
242
239
243
244
242
243
244
243
245
242
246
238
246
242
244
247
244
245
247
245
248
240
249
241
249
250
241
250
249
251
252
240
238
246
252
238
252
253
240
253
249
240
249
254
251
251
254
255
256
253
252
246
256
252
253
257
249
257
254
249
253
256
257
258
247
248
258
248
259
254
260
255
257
261
254
261
260
254
260
262
255
262
263
255
263
262
264
265
262
260
261
265
260
262
266
264
266
262
265
264
266
267
256
268
257
269
261
257
268
269
257
270
265
261
269
270
261
271
266
265
265
270
271
266
272
267
272
266
271
256
273
268
256
246
273
268
274
269
273
274
268
246
275
273
275
246
244
275
244
247
276
273
275
273
276
274
277
275
247
277
276
275
247
258
277
272
278
267
278
279
267
279
278
280
277
281
276
258
281
277
278
282
280
280
282
283
282
284
283
283
284
285
284
286
285
285
286
287
286
288
287
286
289
288
289
286
284
289
290
288
291
284
282
291
289
284
289
292
290
292
289
291
292
293
290
294
282
278
294
291
282
295
292
291
295
291
294
292
296
293
292
295
296
296
297
293
298
297
296
299
298
296
300
298
299
295
301
296
299
296
301
302
300
299
303
300
302
304
294
278
304
278
272
305
295
294
301
295
305
306
299
301
302
299
306
307
303
302
303
307
308
309
304
272
309
272
271
304
310
294
310
305
294
309
311
304
311
309
271
311
310
304
312
301
305
306
301
312
313
302
306
307
302
313
314
311
271
270
314
271
311
315
310
311
314
315
305
310
316
312
305
316
315
316
310
317
306
312
313
306
317
317
312
316
318
314
270
314
318
315
315
319
316
319
315
318
320
317
316
319
320
316
321
313
317
321
317
320
322
318
270
270
269
322
323
319
318
323
318
322
319
324
320
324
319
323
269
325
322
274
325
269
326
323
322
326
322
325
274
327
325
276
327
274
328
313
321
328
307
313
324
329
320
329
321
320
330
324
323
330
323
326
324
331
329
331
324
330
329
332
321
331
332
329
327
333
325
333
326
325
334
328
321
332
334
321
328
335
307
334
336
328
336
335
328
332
337
334
337
336
334
331
338
332
338
337
332
339
336
337
336
339
335
340
339
337
340
337
338
341
340
338
339
342
335
343
341
338
335
344
307
335
342
344
307
344
308
342
345
344
346
308
344
345
346
344
347
338
331
347
343
338
348
347
331
348
331
330
343
347
349
350
343
349
348
330
351
351
330
326
347
348
352
349
347
352
352
348
351
350
349
353
353
349
352
354
350
353
355
354
353
356
351
326
333
356
326
357
352
351
357
353
352
356
357
351
358
355
353
358
353
357
359
355
358
360
356
333
327
360
333
361
357
356
361
358
357
360
361
356
362
359
358
363
359
362
361
364
358
364
361
360
364
362
358
365
360
327
365
364
360
276
365
327
281
365
276
364
365
281
366
364
281
364
366
362
366
281
258
367
363
362
366
367
362
368
363
367
369
366
258
367
366
369
369
258
259
370
368
367
370
367
369
370
369
259
368
370
371
372
370
259
370
372
371
373
374
375
374
376
375
375
376
377
378
375
377
379
373
375
375
378
380
381
379
375
381
375
380
382
379
381
381
380
383
384
382
381
384
381
383
382
384
385
384
383
386
384
387
385
387
384
386
385
387
388
387
386
389
388
387
389
