MESH3
PFB_DiningTable
328
1.1277,0.7681976,-0.5625397
1.1277,0.7681976,0.5625397
-1.1277,0.7681976,-0.5625397
-1.1277,0.7681976,0.5625397
1.1277,0.8128872,0.5625397
1.1277,0.8128872,-0.5625397
1.115719,0.8277817,0.5529775
1.115719,0.8277817,-0.5529775
1.115719,0.8277817,0.5529775
-1.115719,0.8277817,0.5529775
1.1277,0.8128872,0.5625397
-1.1277,0.8128872,0.5625397
-1.115719,0.8277817,0.5529775
-1.115719,0.8277817,-0.5529775
-1.1277,0.8128872,0.5625397
-1.1277,0.8128872,-0.5625397
1.1277,0.8128872,-0.5625397
-1.1277,0.8128872,-0.5625397
1.115719,0.8277817,-0.5529775
-1.115719,0.8277817,-0.5529775
1.1277,0.7681976,0.5625397
1.1277,0.8128872,0.5625397
-1.1277,0.7681976,0.5625397
-1.1277,0.8128872,0.5625397
1.115719,0.8277817,0.5529775
1.115719,0.8277817,-0.5529775
-1.115719,0.8277817,0.5529775
-1.115719,0.8277817,-0.5529775
1.1277,0.8128872,-0.5625397
1.1277,0.7681976,-0.5625397
-1.1277,0.8128872,-0.5625397
-1.1277,0.7681976,-0.5625397
-1.1277,0.7681976,0.5625397
-1.1277,0.8128872,0.5625397
-1.1277,0.7681976,-0.5625397
-1.1277,0.8128872,-0.5625397
1.1277,0.7681976,-0.5625397
1.1277,0.8128872,-0.5625397
1.1277,0.7681976,0.5625397
1.1277,0.8128872,0.5625397
1.112017,0.8,-0.4387781
1.018257,0.8,-0.4387781
1.112017,0,-0.4387781
1.018257,0,-0.4387781
1.112017,0,-0.5566455
1.018257,0,-0.5566455
1.112017,0.8,-0.5566455
1.018257,0.8,-0.5566455
1.006538,0.8,-0.4505637
1.006538,0.8,-0.5448599
1.006538,0,-0.4505637
1.006538,0,-0.5448599
1.123735,0.8,-0.5448599
1.123735,0.8,-0.4505637
1.123735,0,-0.5448599
1.123735,0,-0.4505637
1.123735,0.8,-0.4505637
1.123735,0.8,-0.5448599
1.112017,0.8,-0.4387781
1.018257,0.8,-0.4387781
1.006538,0.8,-0.4505637
1.112017,0.8,-0.5566455
1.018257,0.8,-0.5566455
1.006538,0.8,-0.5448599
1.123735,0,-0.5448599
1.123735,0,-0.4505637
1.112017,0,-0.5566455
1.018257,0,-0.5566455
1.006538,0,-0.5448599
1.112017,0,-0.4387781
1.018257,0,-0.4387781
1.006538,0,-0.4505637
1.123735,0,-0.4505637
1.123735,0.8,-0.4505637
1.112017,0,-0.4387781
1.112017,0.8,-0.4387781
1.018257,0,-0.4387781
1.018257,0.8,-0.4387781
1.006538,0,-0.4505637
1.006538,0.8,-0.4505637
1.123735,0.8,-0.5448599
1.123735,0,-0.5448599
1.112017,0.8,-0.5566455
1.112017,0,-0.5566455
1.018257,0.8,-0.5566455
1.018257,0,-0.5566455
1.006538,0.8,-0.5448599
1.006538,0,-0.5448599
1.112017,0.8,0.5552936
1.018257,0.8,0.5552936
1.112017,0,0.5552936
1.018257,0,0.5552936
1.112017,0,0.4374263
1.018257,0,0.4374263
1.112017,0.8,0.4374263
1.018257,0.8,0.4374263
1.006538,0.8,0.5435081
1.006538,0.8,0.4492119
1.006538,0,0.5435081
1.006538,0,0.4492119
1.123735,0.8,0.4492119
1.123735,0.8,0.5435081
1.123735,0,0.4492119
1.123735,0,0.5435081
1.123735,0.8,0.5435081
1.123735,0.8,0.4492119
1.112017,0.8,0.5552936
1.018257,0.8,0.5552936
1.006538,0.8,0.5435081
1.112017,0.8,0.4374263
1.018257,0.8,0.4374263
1.006538,0.8,0.4492119
1.123735,0,0.4492119
1.123735,0,0.5435081
1.112017,0,0.4374263
1.018257,0,0.4374263
1.006538,0,0.4492119
1.112017,0,0.5552936
1.018257,0,0.5552936
1.006538,0,0.5435081
1.123735,0,0.5435081
1.123735,0.8,0.5435081
1.112017,0,0.5552936
1.112017,0.8,0.5552936
1.018257,0,0.5552936
1.018257,0.8,0.5552936
1.006538,0,0.5435081
1.006538,0.8,0.5435081
1.123735,0.8,0.4492119
1.123735,0,0.4492119
1.112017,0.8,0.4374263
1.112017,0,0.4374263
1.018257,0.8,0.4374263
1.018257,0,0.4374263
1.006538,0.8,0.4492119
1.006538,0,0.4492119
-1.020022,0.8,-0.4387781
-1.113783,0.8,-0.4387781
-1.020022,0,-0.4387781
-1.113783,0,-0.4387781
-1.020022,0,-0.5566455
-1.113783,0,-0.5566455
-1.020022,0.8,-0.5566455
-1.113783,0.8,-0.5566455
-1.125501,0.8,-0.4505637
-1.125501,0.8,-0.5448599
-1.125501,0,-0.4505637
-1.125501,0,-0.5448599
-1.008304,0.8,-0.5448599
-1.008304,0.8,-0.4505637
-1.008304,0,-0.5448599
-1.008304,0,-0.4505637
-1.008304,0.8,-0.4505637
-1.008304,0.8,-0.5448599
-1.020022,0.8,-0.4387781
-1.113783,0.8,-0.4387781
-1.125501,0.8,-0.4505637
-1.020022,0.8,-0.5566455
-1.113783,0.8,-0.5566455
-1.125501,0.8,-0.5448599
-1.008304,0,-0.5448599
-1.008304,0,-0.4505637
-1.020022,0,-0.5566455
-1.113783,0,-0.5566455
-1.125501,0,-0.5448599
-1.020022,0,-0.4387781
-1.113783,0,-0.4387781
-1.125501,0,-0.4505637
-1.008304,0,-0.4505637
-1.008304,0.8,-0.4505637
-1.020022,0,-0.4387781
-1.020022,0.8,-0.4387781
-1.113783,0,-0.4387781
-1.113783,0.8,-0.4387781
-1.125501,0,-0.4505637
-1.125501,0.8,-0.4505637
-1.008304,0.8,-0.5448599
-1.008304,0,-0.5448599
-1.020022,0.8,-0.5566455
-1.020022,0,-0.5566455
-1.113783,0.8,-0.5566455
-1.113783,0,-0.5566455
-1.125501,0.8,-0.5448599
-1.125501,0,-0.5448599
-1.020022,0.8,0.5552936
-1.113783,0.8,0.5552936
-1.020022,0,0.5552936
-1.113783,0,0.5552936
-1.020022,0,0.4374263
-1.113783,0,0.4374263
-1.020022,0.8,0.4374263
-1.113783,0.8,0.4374263
-1.125501,0.8,0.5435081
-1.125501,0.8,0.4492119
-1.125501,0,0.5435081
-1.125501,0,0.4492119
-1.008304,0.8,0.4492119
-1.008304,0.8,0.5435081
-1.008304,0,0.4492119
-1.008304,0,0.5435081
-1.008304,0.8,0.5435081
-1.008304,0.8,0.4492119
-1.020022,0.8,0.5552936
-1.113783,0.8,0.5552936
-1.125501,0.8,0.5435081
-1.020022,0.8,0.4374263
-1.113783,0.8,0.4374263
-1.125501,0.8,0.4492119
-1.008304,0,0.4492119
-1.008304,0,0.5435081
-1.020022,0,0.4374263
-1.113783,0,0.4374263
-1.125501,0,0.4492119
-1.020022,0,0.5552936
-1.113783,0,0.5552936
-1.125501,0,0.5435081
-1.008304,0,0.5435081
-1.008304,0.8,0.5435081
-1.020022,0,0.5552936
-1.020022,0.8,0.5552936
-1.113783,0,0.5552936
-1.113783,0.8,0.5552936
-1.125501,0,0.5435081
-1.125501,0.8,0.5435081
-1.008304,0.8,0.4492119
-1.008304,0,0.4492119
-1.020022,0.8,0.4374263
-1.020022,0,0.4374263
-1.113783,0.8,0.4374263
-1.113783,0,0.4374263
-1.125501,0.8,0.4492119
-1.125501,0,0.4492119
1.040964,0.6986445,0.5413742
1.040964,0.7970425,0.5413742
-1.040964,0.6986445,0.5413742
-1.040964,0.7970425,0.5413742
1.040964,0.7970425,0.5413742
1.040964,0.7970425,0.5313742
-1.040964,0.7970425,0.5413742
-1.040964,0.7970425,0.5313742
1.040964,0.7970425,0.5313742
1.040964,0.6986445,0.5313742
-1.040964,0.7970425,0.5313742
-1.040964,0.6986445,0.5313742
1.040964,0.6986445,0.5313742
1.040964,0.6986445,0.5413742
-1.040964,0.6986445,0.5313742
-1.040964,0.6986445,0.5413742
-1.040964,0.6986445,0.5413742
-1.040964,0.7970425,0.5413742
-1.040964,0.6986445,0.5313742
-1.040964,0.7970425,0.5313742
1.040964,0.6986445,0.5313742
1.040964,0.7970425,0.5313742
1.040964,0.6986445,0.5413742
1.040964,0.7970425,0.5413742
1.040964,0.6986396,-0.5313855
1.040964,0.7970377,-0.5313855
-1.040964,0.6986396,-0.5313855
-1.040964,0.7970377,-0.5313855
1.040964,0.7970377,-0.5313855
1.040964,0.7970377,-0.5413855
-1.040964,0.7970377,-0.5313855
-1.040964,0.7970377,-0.5413855
1.040964,0.7970377,-0.5413855
1.040964,0.6986396,-0.5413855
-1.040964,0.7970377,-0.5413855
-1.040964,0.6986396,-0.5413855
1.040964,0.6986396,-0.5413855
1.040964,0.6986396,-0.5313855
-1.040964,0.6986396,-0.5413855
-1.040964,0.6986396,-0.5313855
-1.040964,0.6986396,-0.5313855
-1.040964,0.7970377,-0.5313855
-1.040964,0.6986396,-0.5413855
-1.040964,0.7970377,-0.5413855
1.040964,0.6986396,-0.5413855
1.040964,0.7970377,-0.5413855
1.040964,0.6986396,-0.5313855
1.040964,0.7970377,-0.5313855
-1.107143,0.6986396,0.4585279
-1.107143,0.7970377,0.4585279
-1.107143,0.6986396,-0.4593843
-1.107143,0.7970377,-0.4593843
-1.107143,0.7970377,0.4585279
-1.097143,0.7970377,0.4585279
-1.107143,0.7970377,-0.4593843
-1.097143,0.7970377,-0.4593843
-1.097143,0.7970377,0.4585279
-1.097143,0.6986396,0.4585279
-1.097143,0.7970377,-0.4593843
-1.097143,0.6986396,-0.4593843
-1.097143,0.6986396,0.4585279
-1.107143,0.6986396,0.4585279
-1.097143,0.6986396,-0.4593843
-1.107143,0.6986396,-0.4593843
-1.107143,0.6986396,-0.4593843
-1.107143,0.7970377,-0.4593843
-1.097143,0.6986396,-0.4593843
-1.097143,0.7970377,-0.4593843
-1.097143,0.6986396,0.4585279
-1.097143,0.7970377,0.4585279
-1.107143,0.6986396,0.4585279
-1.107143,0.7970377,0.4585279
1.100309,0.6986396,0.4585279
1.100309,0.7970377,0.4585279
1.100309,0.6986396,-0.4593843
1.100309,0.7970377,-0.4593843
1.100309,0.7970377,0.4585279
1.110309,0.7970377,0.4585279
1.100309,0.7970377,-0.4593843
1.110309,0.7970377,-0.4593843
1.110309,0.7970377,0.4585279
1.110309,0.6986396,0.4585279
1.110309,0.7970377,-0.4593843
1.110309,0.6986396,-0.4593843
1.110309,0.6986396,0.4585279
1.100309,0.6986396,0.4585279
1.110309,0.6986396,-0.4593843
1.100309,0.6986396,-0.4593843
1.100309,0.6986396,-0.4593843
1.100309,0.7970377,-0.4593843
1.110309,0.6986396,-0.4593843
1.110309,0.7970377,-0.4593843
1.110309,0.6986396,0.4585279
1.110309,0.7970377,0.4585279
1.100309,0.6986396,0.4585279
1.100309,0.7970377,0.4585279
328
0.8714068,0.9922031
0.8714068,0.5546284
0.1712873,0.9922035
0.1712873,0.5546284
0.8714068,0.9856892
0.8714068,0.5481149
0.8676876,0.9819704
0.8676876,0.5518335
0.8676876,0.9819704
0.1750065,0.9819706
0.8714068,0.9856892
0.1712875,0.9856892
0.1750065,0.9819706
0.1750063,0.5518335
0.1712875,0.9856892
0.1712871,0.5481149
0.8714068,0.5481149
0.1712871,0.5481149
0.8676876,0.5518335
0.1750063,0.5518335
0.8714068,0.9968477
0.8714068,0.9856892
0.1712871,0.9968479
0.1712875,0.9856892
0.8676876,0.9819704
0.8676876,0.5518335
0.1750065,0.9819706
0.1750063,0.5518335
0.8714068,0.5481149
0.8714068,0.5369564
0.1712871,0.5481149
0.1712873,0.5369568
0.1601291,0.9856894
0.1712875,0.9856892
0.1601287,0.5481149
0.1712871,0.5481149
0.882565,0.5481145
0.8714068,0.5481149
0.882565,0.9856892
0.8714068,0.9856892
0.8935865,0.8594623
0.8935865,0.8081917
0.2527239,0.8594623
0.2527239,0.808192
0.252724,0.6928352
0.2527239,0.7441054
0.8935865,0.6928352
0.8935864,0.7441054
0.8967907,0.8017836
0.8935865,0.7505134
0.2495202,0.8017836
0.2527239,0.7505134
0.8935865,0.6864273
0.8935864,0.6351567
0.2527239,0.6864273
0.252724,0.6351567
0.899994,0.8658703
0.9512644,0.8658708
0.8935865,0.8594623
0.8935865,0.8081917
0.8967907,0.8017836
0.9576724,0.8594627
0.957673,0.8081927
0.9512651,0.8017843
0.1950457,0.8658703
0.2463161,0.8658703
0.1886378,0.8594623
0.1886378,0.808192
0.1950457,0.8017836
0.2527239,0.8594623
0.2527239,0.808192
0.2495202,0.8017836
0.252724,0.6351567
0.8935864,0.6351567
0.252724,0.6287492
0.8935865,0.6287488
0.2527239,0.808192
0.8935865,0.8081917
0.2495202,0.8017836
0.8967907,0.8017836
0.8935865,0.6864273
0.2527239,0.6864273
0.8935865,0.6928352
0.252724,0.6928352
0.8935864,0.7441054
0.2527239,0.7441054
0.8935865,0.7505134
0.2527239,0.7505134
0.9073378,0.8179599
0.9073386,0.7666898
0.2664754,0.8179599
0.2664754,0.76669
0.2664755,0.6513333
0.2664754,0.7026036
0.9073381,0.6513333
0.9073382,0.7026036
0.9105426,0.760282
0.9073383,0.7090116
0.2632716,0.7602818
0.2664754,0.7090114
0.9073383,0.6449253
0.9073381,0.5936549
0.2664755,0.6449253
0.2664755,0.593655
0.9137459,0.8243679
0.9650159,0.8243687
0.9073378,0.8179599
0.9073386,0.7666898
0.9105426,0.760282
0.9714241,0.8179607
0.9714249,0.7666905
0.9650167,0.7602825
0.2087972,0.8243679
0.2600675,0.8243679
0.2023892,0.8179599
0.2023892,0.76669
0.2087971,0.760282
0.2664754,0.8179599
0.2664754,0.76669
0.2632716,0.7602818
0.2664755,0.593655
0.9073381,0.5936549
0.2664755,0.5872471
0.9073383,0.5872471
0.2664754,0.76669
0.9073386,0.7666898
0.2632716,0.7602818
0.9105426,0.760282
0.9073383,0.6449253
0.2664755,0.6449253
0.9073381,0.6513333
0.2664755,0.6513333
0.9073382,0.7026036
0.2664754,0.7026036
0.9073383,0.7090116
0.2664754,0.7090114
0.9073381,0.8294585
0.9073386,0.7781878
0.2664754,0.8294582
0.2664754,0.778188
0.2664755,0.6628313
0.2664754,0.7141019
0.9073381,0.6628315
0.9073381,0.7141017
0.9105422,0.77178
0.9073383,0.7205096
0.2632716,0.77178
0.2664754,0.7205096
0.9073382,0.6564233
0.9073381,0.6051529
0.2664755,0.6564233
0.2664755,0.6051531
0.9137459,0.8358662
0.9650159,0.8358669
0.9073381,0.8294585
0.9073386,0.7781878
0.9105422,0.77178
0.971424,0.829459
0.9714249,0.7781888
0.9650167,0.7717808
0.2087971,0.8358662
0.2600675,0.8358662
0.2023892,0.8294582
0.2023892,0.778188
0.2087973,0.77178
0.2664754,0.8294582
0.2664754,0.778188
0.2632716,0.77178
0.2664755,0.6051531
0.9073381,0.6051529
0.2664755,0.5987452
0.9073381,0.5987452
0.2664754,0.778188
0.9073386,0.7781878
0.2632716,0.77178
0.9105422,0.77178
0.9073382,0.6564233
0.2664755,0.6564233
0.9073381,0.6628315
0.2664755,0.6628313
0.9073381,0.7141017
0.2664754,0.7141019
0.9073383,0.7205096
0.2664754,0.7205096
0.9118424,0.8417504
0.9118428,0.7904797
0.2709798,0.8417504
0.2709797,0.7904797
0.2709797,0.6751233
0.2709798,0.7263936
0.9118425,0.6751233
0.9118425,0.7263936
0.9150468,0.7840721
0.9118425,0.7328015
0.2677758,0.7840721
0.2709797,0.7328015
0.9118426,0.6687153
0.9118426,0.6174449
0.2709798,0.6687153
0.2709798,0.6174452
0.9182501,0.8481584
0.9695206,0.8481591
0.9118424,0.8417504
0.9118428,0.7904797
0.9150468,0.7840721
0.9759283,0.8417512
0.9759291,0.7904808
0.9695209,0.7840724
0.2133016,0.848158
0.264572,0.8481584
0.2068935,0.8417504
0.2068935,0.7904797
0.2133016,0.7840719
0.2709798,0.8417504
0.2709797,0.7904797
0.2677758,0.7840721
0.2709798,0.6174452
0.9118426,0.6174449
0.2709798,0.6110368
0.9118425,0.611037
0.2709797,0.7904797
0.9118428,0.7904797
0.2677758,0.7840721
0.9150468,0.7840721
0.9118426,0.6687153
0.2709798,0.6687153
0.9118425,0.6751233
0.2709797,0.6751233
0.9118425,0.7263936
0.2709798,0.7263936
0.9118425,0.7328015
0.2709797,0.7328015
0.9221388,0.5428389
0.9221386,0.5801371
0.9594367,0.5428389
0.9594368,0.5801371
0.9221386,0.5801371
0.9221386,0.6174355
0.9594368,0.5801371
0.959437,0.6174356
0.9221386,0.6174355
0.9221386,0.6547336
0.959437,0.6174356
0.9594367,0.6547336
0.9221386,0.6547336
0.9221386,0.692032
0.9594367,0.6547336
0.9594367,0.692032
0.9594367,0.5428389
0.9594368,0.5801371
0.9967349,0.542839
0.9967349,0.5801371
0.8848402,0.5428389
0.8848403,0.5801371
0.9221388,0.5428389
0.9221386,0.5801371
0.9244205,0.5423213
0.9244205,0.5796196
0.9617188,0.5423214
0.9617188,0.5796196
0.9244205,0.5796196
0.9244207,0.6169181
0.9617188,0.5796196
0.9617189,0.6169181
0.9244207,0.6169181
0.9244204,0.6542163
0.9617189,0.6169181
0.9617187,0.6542162
0.9244204,0.6542163
0.9244204,0.6915146
0.9617187,0.6542162
0.9617191,0.6915145
0.9617188,0.5423214
0.9617188,0.5796196
0.9990169,0.5423216
0.9990171,0.5796197
0.8871224,0.5423213
0.8871224,0.5796195
0.9244205,0.5423213
0.9244205,0.5796196
0.9232142,0.5432115
0.9232022,0.5805098
0.9605125,0.5432236
0.9605006,0.5805218
0.9232022,0.5805098
0.9231903,0.6178081
0.9605006,0.5805218
0.9604886,0.61782
0.9231903,0.6178081
0.9231781,0.6551064
0.9604886,0.61782
0.9604763,0.6551182
0.9231781,0.6551064
0.9231661,0.6924046
0.9604763,0.6551182
0.9604644,0.6924166
0.9605125,0.5432236
0.9605006,0.5805218
0.9978107,0.5432355
0.9977987,0.5805337
0.8859161,0.5431994
0.8859041,0.5804976
0.9232142,0.5432115
0.9232022,0.5805098
0.9594492,0.543208
0.9596341,0.5805058
0.9221515,0.5433931
0.9223365,0.5806909
0.9596341,0.5805058
0.9598191,0.6178038
0.9223365,0.5806909
0.9225212,0.6179888
0.9598191,0.6178038
0.9600039,0.6551015
0.9225212,0.6179888
0.9227064,0.6552864
0.9600039,0.6551015
0.9601889,0.6923994
0.9227064,0.6552864
0.9228911,0.6925843
0.9221515,0.5433931
0.9223365,0.5806909
0.8848537,0.543578
0.8850386,0.5808758
0.9967468,0.5430232
0.9969319,0.580321
0.9594492,0.543208
0.9596341,0.5805058
1
540
0
1
2
1
3
2
4
5
6
5
7
6
8
9
10
9
11
10
12
13
14
13
15
14
16
17
18
17
19
18
20
21
22
21
23
22
24
25
26
25
27
26
28
29
30
29
31
30
32
33
34
33
35
34
36
37
38
37
39
38
40
41
42
41
43
42
44
45
46
45
47
46
48
49
50
49
51
50
52
53
54
53
55
54
56
57
58
58
57
59
59
57
60
57
61
60
60
61
62
63
60
62
64
65
66
66
65
67
67
65
68
65
69
68
68
69
70
71
68
70
72
73
74
73
75
74
76
77
78
77
79
78
80
81
82
81
83
82
84
85
86
85
87
86
88
89
90
89
91
90
92
93
94
93
95
94
96
97
98
97
99
98
100
101
102
101
103
102
104
105
106
106
105
107
107
105
108
105
109
108
108
109
110
111
108
110
112
113
114
114
113
115
115
113
116
113
117
116
116
117
118
119
116
118
120
121
122
121
123
122
124
125
126
125
127
126
128
129
130
129
131
130
132
133
134
133
135
134
136
137
138
137
139
138
140
141
142
141
143
142
144
145
146
145
147
146
148
149
150
149
151
150
152
153
154
154
153
155
155
153
156
153
157
156
156
157
158
159
156
158
160
161
162
162
161
163
163
161
164
161
165
164
164
165
166
167
164
166
168
169
170
169
171
170
172
173
174
173
175
174
176
177
178
177
179
178
180
181
182
181
183
182
184
185
186
185
187
186
188
189
190
189
191
190
192
193
194
193
195
194
196
197
198
197
199
198
200
201
202
202
201
203
203
201
204
201
205
204
204
205
206
207
204
206
208
209
210
210
209
211
211
209
212
209
213
212
212
213
214
215
212
214
216
217
218
217
219
218
220
221
222
221
223
222
224
225
226
225
227
226
228
229
230
229
231
230
232
233
234
233
235
234
236
237
238
237
239
238
240
241
242
241
243
242
244
245
246
245
247
246
248
249
250
249
251
250
252
253
254
253
255
254
256
257
258
257
259
258
260
261
262
261
263
262
264
265
266
265
267
266
268
269
270
269
271
270
272
273
274
273
275
274
276
277
278
277
279
278
280
281
282
281
283
282
284
285
286
285
287
286
288
289
290
289
291
290
292
293
294
293
295
294
296
297
298
297
299
298
300
301
302
301
303
302
304
305
306
305
307
306
308
309
310
309
311
310
312
313
314
313
315
314
316
317
318
317
319
318
320
321
322
321
323
322
324
325
326
325
327
326
