MESH3
PFB_OvenExhaustFan
171
-0.0778125,0.7876884,0.2
-0.0778125,0.5962121,0.2
-0.0778125,0.1453461,0.2
-0.0778125,0.0001591492,-0.4285346
-0.0778125,0.0001591492,0.4285346
-0.0778125,0.1453461,0.2
-0.0778125,0.1453461,-0.2
-0.0778125,0.5962121,0.2
-0.0778125,0.5962121,-0.2
-0.0778125,0.5962121,0.2
-0.5681891,0.5962121,0.2
-0.0778125,0.5962121,-0.2
-0.5681891,0.5962121,-0.2
-0.0778125,0.7876884,-0.2
-0.0778125,0.5962121,-0.2
-0.5681891,0.7853532,-0.2
-0.5681891,0.5962121,-0.2
-0.0778125,0.7876884,-0.2
-0.5681891,0.7853532,-0.2
-0.0778125,0.7876884,0.2
-0.5681891,0.7853532,0.2
-0.0778125,0.7876884,0.2
-0.5681891,0.7853532,0.2
-0.0778125,0.5962121,0.2
-0.5681891,0.5962121,0.2
-0.0778125,0.7876884,0.2
0.2422183,0.7876884,0.2
-0.0778125,0.7876884,-0.2
0.2582105,0.7876884,-0.2
0.3221875,0.7876884,0.1200308
0.3221875,0.7876884,-0.136023
0.4859683,0.0001591492,0.4285346
0.5681891,0.0001591492,0.3506018
0.3221875,0.1453461,0.120008
0.2421954,0.1453461,0.2
-0.0778125,0.0001591492,0.4285346
-0.0778125,0.1453461,0.2
0.3221875,0.1453461,0.120008
0.3221875,0.7876884,0.1200308
0.2421954,0.1453461,0.2
0.2422183,0.7876884,0.2
0.2421954,0.1453461,0.2
0.2422183,0.7876884,0.2
-0.0778125,0.1453461,0.2
-0.0778125,0.7876884,0.2
0.3221875,0.7876884,-0.136023
0.3221875,0.1453461,-0.1360048
0.2582105,0.7876884,-0.2
0.2581924,0.1453461,-0.2
0.3221875,0.1453461,-0.1360048
0.5681891,0.0001591492,-0.3661868
0.5024109,0.0001591492,-0.4285346
0.2581924,0.1453461,-0.2
-0.0778125,0.0001591492,-0.4285346
-0.0778125,0.1453461,-0.2
0.2581924,0.1453461,-0.2
-0.0778125,0.1453461,-0.2
0.2582105,0.7876884,-0.2
-0.0778125,0.7876884,-0.2
0.3221875,0.1453461,-0.1360048
0.3221875,0.7876884,-0.136023
0.3221875,0.1453461,0.120008
0.3221875,0.7876884,0.1200308
0.3221875,0.1453461,-0.1360048
0.3221875,0.1453461,0.120008
0.5681891,0.0001591492,-0.3661868
0.5681891,0.0001591492,0.3506018
-0.5681891,0.5962121,0.2
-0.5681891,0.6133677,0.1833333
-0.5681891,0.5962121,-0.2
-0.5681891,0.6133677,-0.1833333
-0.5681891,0.5962121,-0.2
-0.5681891,0.6133677,-0.1833333
-0.5681891,0.7853532,-0.2
-0.5681891,0.7681976,-0.1833333
-0.5681891,0.7853532,-0.2
-0.5681891,0.7681976,-0.1833333
-0.5681891,0.7853532,0.2
-0.5681891,0.7681976,0.1833333
-0.5681891,0.7853532,0.2
-0.5681891,0.7681976,0.1833333
-0.5681891,0.5962121,0.2
-0.5681891,0.6133677,0.1833333
-0.5681891,0.6133677,0.1833333
-0.491955,0.6133677,0.1833333
-0.5681891,0.6133677,-0.1833333
-0.491955,0.6133677,-0.1833333
-0.5681891,0.6133677,-0.1833333
-0.491955,0.6133677,-0.1833333
-0.5681891,0.7681976,-0.1833333
-0.491955,0.7681976,-0.1833333
-0.5681891,0.7681976,-0.1833333
-0.491955,0.7681976,-0.1833333
-0.5681891,0.7681976,0.1833333
-0.491955,0.7681976,0.1833333
-0.5681891,0.7681976,0.1833333
-0.491955,0.7681976,0.1833333
-0.5681891,0.6133677,0.1833333
-0.491955,0.6133677,0.1833333
0.447767,0.0001591492,0.3344487
0.008119118,0.0001591492,0.3344487
0.008119118,0.0001591492,0.267559
0.5118842,0.0001591492,0.2736262
0.008119118,0.0001591396,-0.2742479
0.5118842,0.0001591492,-0.2857895
0.4605893,0.0001591492,-0.3344487
0.008119118,0.0001591492,-0.3344487
-0.491955,0.6133677,0.1833333
-0.491955,0.7681976,0.1833333
-0.491955,0.6133677,-0.1833333
-0.491955,0.7681976,-0.1833333
0.3904862,-0.0079393,0.3907662
0.3904862,0.0020607,0.3907662
0.3704861,-0.0079393,0.3907662
0.3704861,0.0020607,0.3907662
0.3904862,0.0020607,0.3907662
0.3904862,0.0020607,0.3807662
0.3704861,0.0020607,0.3907662
0.3704861,0.0020607,0.3807662
0.3904862,0.0020607,0.3807662
0.3904862,-0.0079393,0.3807662
0.3704861,0.0020607,0.3807662
0.3704861,-0.0079393,0.3807662
0.3904862,-0.0079393,0.3807662
0.3904862,-0.0079393,0.3907662
0.3704861,-0.0079393,0.3807662
0.3704861,-0.0079393,0.3907662
0.3704861,-0.0079393,0.3907662
0.3704861,0.0020607,0.3907662
0.3704861,-0.0079393,0.3807662
0.3704861,0.0020607,0.3807662
0.3904862,-0.0079393,0.3807662
0.3904862,0.0020607,0.3807662
0.3904862,-0.0079393,0.3907662
0.3904862,0.0020607,0.3907662
0.2955692,-0.0079393,0.3907662
0.2955692,0.0020607,0.3907662
0.2755691,-0.0079393,0.3907662
0.2755691,0.0020607,0.3907662
0.2955692,0.0020607,0.3907662
0.2955692,0.0020607,0.3807662
0.2755691,0.0020607,0.3907662
0.2755691,0.0020607,0.3807662
0.2955692,0.0020607,0.3807662
0.2955692,-0.0079393,0.3807662
0.2755691,0.0020607,0.3807662
0.2755691,-0.0079393,0.3807662
0.2955692,-0.0079393,0.3807662
0.2955692,-0.0079393,0.3907662
0.2755691,-0.0079393,0.3807662
0.2755691,-0.0079393,0.3907662
0.2755691,-0.0079393,0.3907662
0.2755691,0.0020607,0.3907662
0.2755691,-0.0079393,0.3807662
0.2755691,0.0020607,0.3807662
0.2955692,-0.0079393,0.3807662
0.2955692,0.0020607,0.3807662
0.2955692,-0.0079393,0.3907662
0.2955692,0.0020607,0.3907662
-0.0778125,0.0001591492,-0.4285346
0.5024109,0.0001591492,-0.4285346
0.008119118,0.0001591492,-0.3344487
-0.0778125,0.0001591492,0.4285346
0.4605893,0.0001591492,-0.3344487
0.008119118,0.0001591492,0.3344487
0.5681891,0.0001591492,-0.3661868
0.4859683,0.0001591492,0.4285346
0.5118842,0.0001591492,-0.2857895
0.447767,0.0001591492,0.3344487
0.5681891,0.0001591492,0.3506018
0.5118842,0.0001591492,0.2736262
171
0.5549983,0.3066255
0.5549981,0.2447897
0.5549981,0.09918588
0.7579787,0.05229894
0.4811947,0.05229894
0.5549981,0.09918588
0.6841751,0.099186
0.5549981,0.2447897
0.6841752,0.2447896
0.7048764,0.2928195
0.5465129,0.2928196
0.7048764,0.4219968
0.5465129,0.4219969
0.7048764,0.4838324
0.7048764,0.4219968
0.5465131,0.4830787
0.5465129,0.4219969
0.7048754,0.1018108
0.5465119,0.1025615
0.7048762,0.2309834
0.5465127,0.2317384
0.7048762,0.2309834
0.5465127,0.2317384
0.7048764,0.2928195
0.5465129,0.2928196
0.5549983,0.3066255
0.5549981,0.4099772
0.6841752,0.306626
0.684175,0.4151419
0.5808235,0.4358027
0.6635141,0.4358029
0.7970842,0.3893431
0.7698179,0.4151872
0.8513974,0.4916568
0.8779242,0.4651296
0.9840451,0.3893429
0.9840454,0.4651293
0.5479568,0.240276
0.7553965,0.2402687
0.5479568,0.2144432
0.7553965,0.2144433
0.5479568,0.2144432
0.7553965,0.2144433
0.5479532,0.1110988
0.7553929,0.1110919
0.7553965,0.3229593
0.5479568,0.3229535
0.7553965,0.3436203
0.5479568,0.3436204
0.851397,0.008112647
0.7698182,0.1051216
0.7916313,0.1051215
0.8726193,0.0293347
0.9840451,0.1051216
0.9840451,0.02933512
0.5479568,0.3436204
0.5479537,0.4521306
0.7553965,0.3436203
0.7553934,0.4521362
0.5479568,0.3229535
0.7553965,0.3229593
0.5479568,0.240276
0.7553965,0.2402687
0.5479568,0.3229535
0.5479568,0.240276
0.5010697,0.3972891
0.5010697,0.1658072
0.4779091,0.3142032
0.4696341,0.3046705
0.2556501,0.314203
0.2639255,0.3046705
0.3783398,0.3357248
0.3874562,0.3449857
0.4834357,0.3357248
0.4743193,0.3449857
0.4772921,0.3131224
0.4690164,0.3035899
0.255033,0.3131221
0.2633083,0.3035899
0.3780963,0.3364212
0.3872127,0.3456818
0.4831923,0.3364212
0.4740759,0.3456818
0.4696341,0.3046705
0.470619,0.2614917
0.2639255,0.3046705
0.2629404,0.2614917
0.3874562,0.3449857
0.3870401,0.3881646
0.4743193,0.3449857
0.4747353,0.3881646
0.4690164,0.3035899
0.4700019,0.2604108
0.2633083,0.3035899
0.2623229,0.2604108
0.3872127,0.3456818
0.3867967,0.3888606
0.4740759,0.3456818
0.4744919,0.3888608
0.8104874,0.3571312
0.9548634,0.3571312
0.9548634,0.3351655
0.7894319,0.3371577
0.9548634,0.1572413
0.7894319,0.1534511
0.8062767,0.137472
0.9548634,0.137472
0.2442925,0.3319606
0.2442928,0.3930426
0.3734696,0.33196
0.3734696,0.3930415
0.05422858,0.2969049
0.05422858,0.3369676
0.09429125,0.2969049
0.09429125,0.3369676
0.05422858,0.3369676
0.05422858,0.3770306
0.09429125,0.3369676
0.09429125,0.3770306
0.05422858,0.3770306
0.05422858,0.4170932
0.09429125,0.3770306
0.09429125,0.4170932
0.05422858,0.4170932
0.05422858,0.4571561
0.09429125,0.4170932
0.09429125,0.4571561
0.09429125,0.2969049
0.09429125,0.3369676
0.1343543,0.2969049
0.1343543,0.3369676
0.01416579,0.2969049
0.01416579,0.3369676
0.05422858,0.2969049
0.05422858,0.3369676
0.05165616,0.2991002
0.05165616,0.3391629
0.09171883,0.2991002
0.09171883,0.3391629
0.05165616,0.3391629
0.05165593,0.3792258
0.09171883,0.3391629
0.09171883,0.3792256
0.05165593,0.3792258
0.05165593,0.4192885
0.09171883,0.3792256
0.09171883,0.4192884
0.05165593,0.4192885
0.05165616,0.4593511
0.09171883,0.4192884
0.09171883,0.4593511
0.09171883,0.2991002
0.09171883,0.3391629
0.1317813,0.2991002
0.1317815,0.3391629
0.01159326,0.2991002
0.01159326,0.3391627
0.05165616,0.2991002
0.05165616,0.3391629
0.9840451,0.1051216
0.7916313,0.1051215
0.9589598,0.1317926
0.9840451,0.3893429
0.8027835,0.1317926
0.9589598,0.3626718
0.7698182,0.1051216
0.7970842,0.3893431
0.7850784,0.148588
0.8072094,0.3626718
0.7698182,0.3634988
0.7850784,0.3416781
1
291
0
1
2
3
4
5
6
3
5
5
7
6
7
8
6
9
10
11
10
12
11
13
14
15
14
16
15
17
18
19
18
20
19
21
22
23
22
24
23
25
26
27
27
26
28
26
29
28
29
30
28
31
32
33
34
31
33
35
31
34
36
35
34
37
38
39
38
40
39
41
42
43
42
44
43
45
46
47
46
48
47
49
50
51
52
49
51
52
51
53
54
52
53
55
56
57
56
58
57
59
60
61
60
62
61
63
64
65
64
66
65
67
68
69
68
70
69
71
72
73
72
74
73
75
76
77
76
78
77
79
80
81
80
82
81
83
84
85
84
86
85
87
88
89
88
90
89
91
92
93
92
94
93
95
96
97
96
98
97
99
100
101
102
99
101
102
101
103
104
102
103
104
103
105
103
106
105
107
108
109
108
110
109
111
112
113
112
114
113
115
116
117
116
118
117
119
120
121
120
122
121
123
124
125
124
126
125
127
128
129
128
130
129
131
132
133
132
134
133
135
136
137
136
138
137
139
140
141
140
142
141
143
144
145
144
146
145
147
148
149
148
150
149
151
152
153
152
154
153
155
156
157
156
158
157
159
160
161
159
161
162
160
163
161
161
164
162
160
165
163
162
164
166
165
167
163
164
168
166
165
169
167
166
168
169
169
170
167
168
170
169
