MESH3
PFB_Sofa
1229
-1.3375,0.07492504,0.3905523
-1.3375,0.08031723,0.3905523
-1.3375,0.07492504,0.3754663
-1.3375,0.08031723,0.3754663
-1.3375,0.2522171,0.3905523
-1.3375,0.0803172,-0.0783246
-1.3375,0.07492504,-0.0783246
-1.3375,0.2522171,0.3754663
-1.3375,0.2629345,0.3905523
-1.3375,0.2522171,-0.0783246
-1.3375,0.0803172,-0.2503475
-1.3375,0.07492504,-0.2503475
-1.3375,0.2629345,0.3754663
-1.3375,0.5489906,0.3905523
-1.3375,0.2629345,-0.0783246
-1.3375,0.5489906,0.3754663
-1.325384,0.5489906,0.3963688
-1.325384,0.5642254,0.3754663
-1.325384,0.5642254,-0.0783246
-1.3375,0.5489906,-0.0783246
-1.325384,0.5642254,-0.2503475
-1.3375,0.5489906,-0.2503475
-1.325384,0.5642254,-0.2568622
-1.3375,0.2629345,-0.2503475
-1.3375,0.5489906,-0.2568622
-1.325384,0.5642254,-0.3441991
-1.3375,0.5489906,-0.3441991
-1.3375,0.2629345,-0.2568622
-1.3375,0.2522171,-0.2503475
-1.3375,0.2522171,-0.2568622
-1.3375,0.2629345,-0.3441991
-1.3375,0.0803172,-0.2568622
-1.3375,0.07492504,-0.2568622
-1.3375,0.2629345,-0.3594477
-1.3375,0.5489906,-0.3594477
-1.3375,0.2522171,-0.3441991
-1.3375,0.2522171,-0.3594477
-1.3375,0.08031723,-0.3441991
-1.3375,0.07492504,-0.3441991
-1.3375,0.08031723,-0.3594477
-1.3375,0.07492504,-0.3594477
1.3375,0.07492504,-0.3594477
1.3375,0.08031723,-0.3594477
1.3375,0.07492504,-0.3441991
1.3375,0.08031723,-0.3441991
1.3375,0.2522171,-0.3594477
1.3375,0.0803172,-0.2568622
1.3375,0.07492504,-0.2568622
1.3375,0.2522171,-0.3441991
1.3375,0.2629345,-0.3594477
1.3375,0.0803172,-0.2503475
1.3375,0.07492504,-0.2503475
1.3375,0.2522171,-0.2568622
1.3375,0.2629345,-0.3441991
1.3375,0.5489906,-0.3594477
1.3375,0.2522171,-0.2503475
1.3375,0.0803172,-0.0783246
1.3375,0.07492504,-0.0783246
1.3375,0.2629345,-0.2568622
1.3375,0.5489906,-0.3441991
1.327863,0.5489906,-0.3594477
1.327863,0.5646083,-0.3441991
1.327863,0.5646084,-0.2568622
1.3375,0.5489906,-0.2568622
1.327863,0.5646083,-0.2503475
1.3375,0.5489906,-0.2503475
1.327863,0.5646083,-0.0783246
1.3375,0.2629345,-0.2503475
1.3375,0.5489906,-0.0783246
1.327863,0.5646083,0.3754663
1.3375,0.2629345,-0.0783246
1.3375,0.5489906,0.3754663
1.327863,0.5489906,0.3963689
1.3375,0.2522171,-0.0783246
1.3375,0.2629345,0.3754663
1.3375,0.5489906,0.3905523
1.327863,0.2629345,0.3963689
1.3375,0.2629345,0.3905523
1.327863,0.2522171,0.3963689
1.3375,0.2522171,0.3905523
1.327863,0.08031723,0.3963689
1.3375,0.08031723,0.3905523
1.3375,0.2522171,0.3754663
1.3375,0.08031723,0.3754663
1.3375,0.07492504,0.3905523
1.3375,0.07492504,0.3754663
-1.325384,0.5489906,-0.3594477
-1.3375,0.5489906,-0.3594477
-1.3375,0.5489906,-0.3441991
-1.325384,0.5642254,-0.3441991
-1.123008,0.5642254,-0.3441991
-1.123008,0.5489905,-0.3594477
-1.123008,0.5642254,-0.2568622
-1.325384,0.5642254,-0.2568622
-1.325384,0.5642254,-0.2503475
-1.095255,0.5489906,-0.3441991
-1.095255,0.5489906,-0.3594477
-1.093684,0.5489906,-0.3594477
-1.093684,0.5489906,-0.3441991
-1.095255,0.5489906,-0.2568622
-1.093684,0.5489906,-0.2568622
-1.123008,0.5642254,-0.2503475
-1.095255,0.5489906,-0.2503475
-1.123008,0.5642254,-0.0783246
-1.325384,0.5642254,-0.0783246
-1.325384,0.5642254,0.3754663
-1.123008,0.5642254,0.3754662
-1.325384,0.5489906,0.3963688
-1.123008,0.5489905,0.3963687
-1.093684,0.5489906,-0.2503476
-1.095255,0.2629345,-0.08368211
-1.093684,0.2629345,-0.08368211
-1.095255,0.2629345,-0.0783246
-1.093684,0.2629345,-0.0783246
-1.095255,0.2629345,0.3754663
-1.093684,0.2629345,0.3754663
-1.095255,0.2629345,0.3905524
-1.093684,0.2629345,0.3905523
-1.089887,0.2629345,0.3905523
-1.089887,0.2629345,0.3754663
1.129148,0.2629345,0.3905523
-1.089887,0.2629345,-0.0783246
1.129148,0.2629345,0.3754663
-1.089887,0.2629345,-0.08368211
1.131881,0.2629345,0.3754663
1.131881,0.2629345,0.3905523
1.129148,0.2629345,-0.0783246
1.133539,0.2629345,0.3754663
1.133539,0.2629345,0.3905523
1.131881,0.2629345,-0.0783246
1.133539,0.2629345,-0.0783246
1.131881,0.2629345,-0.08368211
1.133539,0.2629345,-0.08368211
1.133539,0.5489906,-0.2503475
1.129148,0.2629345,-0.08368211
1.131881,0.5489906,-0.2503476
1.133539,0.5489906,-0.2568622
1.131881,0.5489906,-0.2568622
1.133539,0.5489906,-0.3441991
1.131881,0.5489906,-0.3441991
1.131881,0.5489906,-0.3594477
1.133539,0.5489906,-0.3594477
1.156893,0.5489906,-0.3594477
1.156893,0.5646083,-0.3441991
1.327863,0.5489906,-0.3594477
1.327863,0.5646083,-0.3441991
1.156893,0.5646084,-0.2568622
1.327863,0.5646084,-0.2568622
1.156893,0.5646083,-0.2503475
1.327863,0.5646083,-0.2503475
1.156893,0.5646083,-0.0783246
1.327863,0.5646083,-0.0783246
1.156893,0.5646083,0.3754663
1.327863,0.5646083,0.3754663
1.156893,0.5489906,0.3963689
1.327863,0.5489906,0.3963689
-1.3375,0.08031723,0.3905523
-1.3375,0.07492504,0.3905523
-1.325384,0.07492504,0.3905523
-1.325384,0.08031723,0.3963689
-1.3375,0.2522171,0.3905523
-1.325384,0.2522171,0.3963689
-1.3375,0.2629345,0.3905523
-1.123008,0.08031723,0.3963689
-1.325384,0.2629345,0.3963689
-1.123008,0.2522171,0.3963689
-1.325384,0.5489906,0.3963688
-1.3375,0.5489906,0.3905523
-1.123008,0.2629345,0.3963689
-1.123008,0.5489905,0.3963687
-1.095255,0.5382732,0.3905522
-1.095255,0.2629345,0.3905524
-1.095255,0.08031723,0.3905523
-1.123008,0.07492504,0.3905524
-1.095255,0.07492504,0.3905524
-1.093684,0.07492504,0.3905523
-1.095255,0.2522171,0.3905523
-1.093684,0.08031723,0.3905524
-1.089887,0.07492504,0.3905523
-1.093684,0.2522171,0.3905524
-1.093684,0.2629345,0.3905523
-1.089887,0.08031723,0.3905524
1.129148,0.07492504,0.3905523
-1.089887,0.2522171,0.3905524
-1.089887,0.2629345,0.3905523
1.129148,0.08031723,0.3905523
1.131881,0.07492504,0.3905523
1.129148,0.2522171,0.3905523
1.129148,0.2629345,0.3905523
1.131881,0.08031723,0.3905523
1.133539,0.07492504,0.3905523
1.131881,0.2522171,0.3905523
1.131881,0.2629345,0.3905523
1.133539,0.08031723,0.3905523
1.156893,0.07492504,0.3905523
1.156893,0.08031723,0.3963689
1.133539,0.2522171,0.3905523
1.133539,0.2629345,0.3905523
1.156893,0.2522171,0.3963689
1.327863,0.08031723,0.3963689
1.327863,0.2522171,0.3963689
1.156893,0.2629345,0.3963689
1.133539,0.5393539,0.3905523
1.327863,0.2629345,0.3963689
1.156893,0.5489906,0.3963689
1.327863,0.5489906,0.3963689
1.327863,0.5489906,-0.3594477
1.3375,0.5489906,-0.3594477
1.3375,0.2629345,-0.3594477
1.327863,0.2629345,-0.3594477
1.3375,0.2522171,-0.3594477
1.156893,0.5489906,-0.3594477
1.327863,0.2522171,-0.3594477
1.3375,0.08031723,-0.3594477
1.156893,0.2629345,-0.3594477
1.133539,0.5489906,-0.3594477
1.327863,0.08031723,-0.3594477
1.3375,0.07492504,-0.3594477
1.156893,0.2522171,-0.3594477
1.133539,0.2629345,-0.3594477
1.131881,0.5489906,-0.3594477
1.327863,0.07492504,-0.3594477
1.3375,0.07492504,-0.3441991
1.156893,0.08031723,-0.3594477
1.133539,0.2522171,-0.3594477
1.327863,0.07492504,-0.3441991
1.3375,0.07492504,-0.2568622
1.156893,0.07492504,-0.3594477
1.133539,0.08031723,-0.3594477
1.327863,0.07492504,-0.2568622
1.3375,0.07492504,-0.2503475
1.156893,0.07492504,-0.3441991
1.133539,0.07492504,-0.3594477
1.327863,0.07492504,-0.2503475
1.3375,0.07492504,-0.0783246
1.156893,0.07492504,-0.2568622
1.133539,0.07492504,-0.3441991
1.327863,0.07492504,-0.0783246
1.3375,0.07492504,0.3754663
1.156893,0.07492504,-0.2503475
1.327863,0.07492504,0.3754663
1.3375,0.07492504,0.3905523
1.156893,0.07492504,-0.0783246
1.133539,0.07492504,-0.2503475
1.133539,0.07492504,-0.2568622
1.131881,0.07492504,-0.3441991
1.327863,0.07492504,0.3905523
1.3375,0.08031723,0.3905523
1.327863,0.08031723,0.3963689
1.156893,0.08031723,0.3963689
1.156893,0.07492504,0.3905523
1.156893,0.07492504,0.3754663
1.133539,0.07492504,0.3905523
1.133539,0.07492504,0.3754663
1.131881,0.07492504,0.3905523
1.133539,0.07492504,-0.0783246
1.131881,0.07492504,0.3754663
1.129148,0.07492504,0.3905523
1.129148,0.07492504,0.3754663
-1.089887,0.07492504,0.3905523
-1.089887,0.07492504,0.3754663
-1.093684,0.07492504,0.3905523
1.129148,0.07492504,-0.0783246
1.131881,0.07492504,-0.0783246
1.131881,0.07492504,-0.2503475
-1.093684,0.07492504,0.3754663
-1.095255,0.07492504,0.3905524
-1.089887,0.07492504,-0.0783246
1.129148,0.07492504,-0.2503475
1.131881,0.07492504,-0.2568622
1.129148,0.07492504,-0.2568622
-1.089887,0.07492504,-0.2503475
1.129148,0.07492504,-0.3441991
-1.089887,0.07492504,-0.2568622
-1.095255,0.07492504,0.3754664
-1.123008,0.07492504,0.3905524
1.131881,0.07492504,-0.3594477
-1.089887,0.07492504,-0.3441991
1.129148,0.07492504,-0.3594476
1.131881,0.08031723,-0.3594477
1.131881,0.2522171,-0.3594477
1.129148,0.08031724,-0.3594476
-1.089887,0.07492504,-0.3594477
-1.093684,0.07492504,-0.3441991
1.131881,0.2629345,-0.3594477
1.129148,0.2522171,-0.3594476
-1.089887,0.08031723,-0.3594477
-1.093684,0.07492504,-0.2568622
-1.093684,0.07492504,-0.3594477
-1.093684,0.07492504,-0.2503475
-1.093684,0.07492504,-0.0783246
-1.095255,0.07492504,-0.0783246
-1.095255,0.07492504,-0.2503475
-1.095255,0.07492504,-0.2568622
-1.095255,0.07492504,-0.3441991
-1.095255,0.07492504,-0.3594477
-1.093684,0.08031723,-0.3594477
-1.089887,0.2522171,-0.3594477
1.129148,0.2629345,-0.3594476
1.129148,0.5489905,-0.3594476
1.129148,0.5512744,-0.360161
1.131881,0.5512744,-0.360161
1.129148,0.8220094,-0.4284921
1.131881,0.8220094,-0.428492
1.129148,0.831148,-0.4264521
1.131881,0.831148,-0.4264521
-1.089887,0.831148,-0.4264521
-1.089887,0.8220094,-0.4284921
-1.093684,0.831148,-0.4264521
-1.093684,0.8220094,-0.428492
-1.089887,0.5512744,-0.360161
-1.093684,0.5512744,-0.360161
-1.089887,0.5489906,-0.3594477
-1.093684,0.5489906,-0.3594477
-1.089887,0.2629345,-0.3594477
-1.093684,0.2629345,-0.3594477
-1.095255,0.5489906,-0.3594477
-1.093684,0.2522171,-0.3594477
-1.095255,0.2629345,-0.3594477
-1.123008,0.5489905,-0.3594477
-1.095255,0.2522171,-0.3594477
-1.123008,0.2629345,-0.3594477
-1.325384,0.5489906,-0.3594477
-1.095255,0.08031723,-0.3594477
-1.325384,0.2629345,-0.3594477
-1.3375,0.5489906,-0.3594477
-1.3375,0.2629345,-0.3594477
-1.123008,0.2522171,-0.3594477
-1.325384,0.2522171,-0.3594477
-1.3375,0.2522171,-0.3594477
-1.123008,0.07492504,-0.3594477
-1.123008,0.08031724,-0.3594477
-1.325384,0.08031723,-0.3594477
-1.3375,0.08031723,-0.3594477
-1.3375,0.07492504,-0.3594477
-1.325384,0.07492504,-0.3594477
-1.123008,0.07492504,-0.3441991
-1.325384,0.07492504,-0.3441991
-1.3375,0.07492504,-0.3441991
-1.123008,0.07492504,-0.2568622
-1.325384,0.07492504,-0.2568622
-1.3375,0.07492504,-0.2568622
-1.123008,0.07492504,-0.2503475
-1.325384,0.07492504,-0.2503475
-1.3375,0.07492504,-0.2503475
-1.123008,0.07492504,-0.0783246
-1.325384,0.07492504,-0.0783246
-1.3375,0.07492504,-0.0783246
-1.123008,0.07492504,0.3754664
-1.325384,0.07492504,0.3754663
-1.3375,0.07492504,0.3754663
-1.3375,0.07492504,0.3905523
-1.325384,0.07492504,0.3905523
-1.325384,0.08031723,0.3963689
-1.123008,0.08031723,0.3963689
1.133539,0.2629345,0.3905523
1.133539,0.5393539,0.3905523
1.133539,0.2629345,0.3754663
1.133539,0.5393539,0.3754663
1.156893,0.5489906,0.3963689
1.133539,0.2629345,-0.0783246
1.156893,0.5646083,0.3754663
1.133539,0.5393539,-0.0783246
1.133539,0.2629345,-0.08368211
1.156893,0.5646083,-0.0783246
1.133539,0.5489906,-0.2503475
1.156893,0.5646083,-0.2503475
1.133539,0.5489906,-0.2568622
1.156893,0.5646084,-0.2568622
1.133539,0.5489906,-0.3441991
1.156893,0.5646083,-0.3441991
1.129148,0.831148,-0.4264521
-1.089887,0.831148,-0.4264521
1.129148,0.8370383,-0.4119677
-1.089887,0.8370383,-0.4119677
-1.089887,0.8370383,-0.3894915
1.129148,0.8370383,-0.3894915
-1.089887,0.831148,-0.3833033
-1.093684,0.833534,-0.3908662
-1.093684,0.831148,-0.3833033
-1.093684,0.8220094,-0.3792335
1.129148,0.831148,-0.3833033
-1.089887,0.8220094,-0.3792335
-1.093684,0.5512744,-0.2520581
-1.089887,0.5512744,-0.2520581
1.129148,0.8220094,-0.3792335
1.131881,0.831148,-0.3833033
1.131881,0.8220094,-0.3792335
1.129148,0.5512744,-0.2520581
1.131881,0.5512744,-0.2520581
1.129148,0.5489905,-0.2503475
-1.089887,0.5489906,-0.2503475
-1.093684,0.5512744,-0.2520581
-1.089887,0.8370383,-0.3894915
-1.089887,0.8370383,-0.4119677
-1.093684,0.833534,-0.3908662
-1.093684,0.8319919,-0.4134855
-1.089887,0.831148,-0.4264521
-1.093684,0.831148,-0.4264521
-1.093684,0.8220094,-0.4132435
-1.093684,0.8220094,-0.428492
-1.093684,0.5512744,-0.360161
-1.093684,0.8220094,-0.3857483
-1.093684,0.831148,-0.3833033
-1.093684,0.8220094,-0.3792335
-1.093684,0.5512744,-0.3449125
-1.093684,0.5489906,-0.3594477
-1.093684,0.5489906,-0.3441991
-1.093684,0.5512744,-0.2585728
-1.093684,0.5512744,-0.2520581
-1.093684,0.5489906,-0.2568622
-1.093684,0.5489906,-0.2503476
1.131881,0.5512744,-0.2520581
1.131881,0.5489906,-0.2503476
1.131881,0.5489906,-0.2568622
1.131881,0.5512744,-0.2585728
1.131881,0.5489906,-0.3441991
1.131881,0.8220094,-0.3792335
1.131881,0.5512744,-0.3449125
1.131881,0.5489906,-0.3594477
1.131881,0.5512744,-0.360161
1.131881,0.8220094,-0.3857483
1.131881,0.831148,-0.3833033
1.131881,0.8220094,-0.4132435
1.131881,0.8220094,-0.428492
1.131881,0.831148,-0.4264521
1.131881,0.833534,-0.3908662
1.129148,0.831148,-0.3833033
1.129148,0.8370383,-0.3894915
1.129148,0.8370383,-0.4119677
1.131881,0.8319919,-0.4134855
1.129148,0.831148,-0.4264521
-1.095255,0.5489906,-0.2503475
-1.123008,0.5642254,-0.2503475
-1.123008,0.5642254,-0.0783246
-1.095255,0.5382732,-0.0783246
-1.095255,0.2629345,-0.08368211
-1.095255,0.2629345,-0.0783246
-1.095255,0.2629345,0.3754663
-1.095255,0.5382732,0.3754662
-1.123008,0.5642254,0.3754662
-1.095255,0.2629345,0.3905524
-1.123008,0.5489905,0.3963687
-1.095255,0.5382732,0.3905522
1.136474,0.2674161,-0.08405649
1.136474,0.2831495,-0.08405649
1.136474,0.2674161,-0.04542629
1.136474,0.2831495,-0.04542629
1.128922,0.3928001,-0.08405649
1.136474,0.2674161,0.3654131
1.128922,0.3928001,-0.04542629
1.129623,0.4233525,-0.08048584
1.136474,0.4209392,-0.04542629
1.136474,0.2831495,0.3654131
1.128922,0.3928001,0.3654131
1.136474,0.4209392,0.3654131
1.136474,0.2831495,0.4159435
1.136474,0.2602918,0.4159435
1.108574,0.2831495,0.4284921
1.108574,0.2552287,0.4159435
1.128922,0.3928001,0.4159435
1.131231,0.4246896,0.4050418
1.108574,0.4549416,0.3654131
1.136474,0.4209392,-0.04542629
1.108574,0.4209392,0.4159435
0.4189053,0.4309968,0.3654131
1.108574,0.3928001,0.4284921
0.4179527,0.2831495,0.4284921
0.4179527,0.2552287,0.4159435
0.3864742,0.2602918,0.4159435
0.4179527,0.3992551,0.4024641
0.4179527,0.371116,0.4150127
0.3864742,0.2831495,0.4159435
0.3864742,0.2674161,0.3654131
0.3884896,0.3769403,0.3983975
0.3864742,0.2831495,0.3654131
0.3864742,0.2831495,-0.04542629
0.3864742,0.2674161,-0.04542629
0.3864742,0.2831495,-0.08405649
0.3864742,0.2674161,-0.08405649
0.3940262,0.3928001,-0.08326074
0.3940262,0.3928001,-0.04542629
0.3934946,0.4201969,-0.0788161
0.3909044,0.4242852,-0.04542629
0.3920673,0.4209392,0.3654131
0.3940262,0.3928001,0.3654131
0.3882862,0.403035,0.3965699
0.3909044,0.4242852,-0.04542629
0.4179527,0.4455497,-0.04542629
0.4179527,0.4209392,-0.08405649
1.108574,0.4209392,-0.08405649
0.3934946,0.4201969,-0.0788161
0.3940262,0.3928001,-0.08326074
0.4179527,0.3928001,-0.08405649
0.4179527,0.2831495,-0.08405649
0.3864742,0.2831495,-0.08405649
0.3864742,0.2674161,-0.08405649
1.108574,0.3928001,-0.08405649
0.4179527,0.2623531,-0.08405649
1.108574,0.2831495,-0.08405649
1.128922,0.3928001,-0.08405649
1.129623,0.4233525,-0.08048584
1.136474,0.2831495,-0.08405649
1.136474,0.2674161,-0.08405649
1.108574,0.4717451,-0.04542629
1.108574,0.2623531,-0.08405649
1.136474,0.2674161,-0.04542629
1.108574,0.2623531,-0.04542629
1.136474,0.2674161,0.3654131
0.9466578,0.4898377,0.06913115
0.4124162,0.2464933,-0.06297223
0.3864742,0.2674161,-0.04542629
0.4179527,0.2623531,0.3654131
0.3864742,0.2674161,0.3654131
0.3864742,0.2602918,0.4159435
0.4179527,0.2552287,0.4159435
1.108574,0.2623531,0.3654131
1.136474,0.2602918,0.4159435
1.108574,0.2552287,0.4159435
1.016497,0.4775151,0.3227398
0.5852474,0.4681284,0.2604499
0.5750955,0.4800128,0.06286697
0.3864742,0.8842568,-0.3881937
0.3864742,0.8774624,-0.4023844
0.3864742,0.8426199,-0.385702
0.3864742,0.8494143,-0.3715113
0.3940262,0.8983692,-0.3568759
0.3864742,0.36087,-0.1550436
0.3940262,0.8642445,-0.3405373
0.3934946,0.9083441,-0.3257501
0.3909044,0.879994,-0.3076433
0.3920673,0.4184112,-0.09208013
0.3940262,0.3974167,-0.1177009
0.3864742,0.3676645,-0.1408529
0.3864742,0.3407447,-0.1279638
0.3864742,0.3308737,-0.1485803
0.3924779,0.3710073,-0.1165645
0.4179527,0.3407447,-0.1279638
0.4179527,0.3286872,-0.1531469
1.108574,0.3286872,-0.1531469
1.108574,0.3407447,-0.1279638
1.136474,0.3308737,-0.1485803
0.3989175,0.3921195,-0.0936835
0.4219411,0.3851648,-0.09287135
0.4219411,0.3641703,-0.1184921
1.136474,0.3407447,-0.1279638
1.136474,0.36087,-0.1550436
1.108574,0.3743312,-0.0987838
1.128922,0.3743312,-0.0987838
1.136474,0.3676645,-0.1408529
1.136474,0.8494143,-0.3715113
1.136474,0.8426199,-0.385702
1.131273,0.8668101,-0.3922463
1.134979,0.8739846,-0.3825505
1.128922,0.3974167,-0.1177009
1.141455,0.8648099,-0.3404514
1.137636,0.8925384,-0.3542217
1.128322,0.8997664,-0.3206635
1.136474,0.8785489,-0.3106612
1.136474,0.4184112,-0.09208013
1.108574,0.3953256,-0.0731631
1.108574,0.4588705,-0.04349586
1.131231,0.406135,-0.07717187
1.136474,0.8785489,-0.3106612
1.10425,0.8999215,-0.2667373
1.128322,0.8997664,-0.3206635
0.4189053,0.4566802,-0.04616882
0.3909044,0.879994,-0.3076433
0.9531733,0.5791751,-0.05918645
0.4179527,0.9056471,-0.2617954
0.5738556,0.5779704,-0.06065657
0.9531735,0.8166061,-0.1888664
0.5733317,0.8166061,-0.1888664
0.4226799,0.9233211,-0.3277538
0.3934946,0.9083441,-0.3257501
1.105167,0.9271983,-0.3275391
1.108574,0.920356,-0.3572195
1.137636,0.8925384,-0.3542217
0.4179527,0.920356,-0.3572195
0.3940262,0.8983692,-0.3568759
1.106035,0.900171,-0.3836407
1.134979,0.8739846,-0.3825505
0.4179527,0.9055259,-0.3881937
0.3864742,0.8842568,-0.3881937
0.4179527,0.8752759,-0.406951
0.3864742,0.8774624,-0.4023844
1.107559,0.8741701,-0.402707
1.108574,0.8404335,-0.3902686
1.131273,0.8668101,-0.3922463
1.136474,0.8426199,-0.385702
1.136474,0.36087,-0.1550436
0.4124162,0.8494101,-0.4121504
0.3864742,0.8426199,-0.385702
0.4179527,0.3586836,-0.1596102
0.3864742,0.36087,-0.1550436
0.3864742,0.3308737,-0.1485803
0.4179527,0.3286872,-0.1531469
1.108574,0.3586836,-0.1596102
1.136474,0.3308737,-0.1485803
1.108574,0.3286872,-0.1531469
0.393447,0.2674161,-0.08405649
0.393447,0.2831495,-0.08405649
0.393447,0.2674161,-0.04542629
0.393447,0.2831495,-0.04542629
0.3858952,0.3885168,-0.08405649
0.393447,0.2674161,0.3674654
0.3858952,0.3885168,-0.04542629
0.3865961,0.4233525,-0.08048584
0.393447,0.4209392,-0.04542629
0.393447,0.2831495,0.3674654
0.3858952,0.3885168,0.3674654
0.3921346,0.4209392,0.3674654
0.393447,0.2831495,0.4159435
0.393447,0.2602918,0.4159435
0.38873,0.377906,0.4083163
0.3655469,0.2831495,0.4284921
0.3655469,0.2552287,0.4159435
0.3910385,0.4140788,0.3974145
0.3655469,0.3885168,0.4284921
-0.3250745,0.2831495,0.4284921
-0.3250745,0.2552287,0.4159435
-0.356553,0.2602918,0.4159435
0.3655469,0.4209392,0.4036884
-0.3250745,0.3885168,0.4284921
-0.356553,0.2831495,0.4159435
-0.356553,0.2674161,0.3674654
-0.3490011,0.3885168,0.4159435
-0.3250745,0.4209392,0.4097185
-0.356553,0.2831495,0.3674654
-0.3434006,0.4188947,0.4085304
-0.3490011,0.3885168,0.3674654
-0.356553,0.2831495,-0.04542629
-0.356553,0.2674161,-0.04542629
-0.3450857,0.4209392,0.3674654
-0.3490011,0.3885168,-0.04542629
-0.356553,0.2831495,-0.08405649
-0.356553,0.2674161,-0.08405649
-0.3490011,0.3885168,-0.08326074
-0.3495327,0.4201969,-0.0788161
-0.3521229,0.4242852,-0.04542629
-0.3155158,0.4474543,0.3674654
-0.3250745,0.4343726,-0.04542629
-0.3521229,0.4242852,-0.04542629
-0.3495327,0.4201969,-0.0788161
0.3646566,0.4492882,0.3674654
0.3655469,0.4365758,-0.04542629
0.393447,0.4209392,-0.04542629
0.3865961,0.4233525,-0.08048584
0.1933212,0.4755363,0.2646852
-0.146765,0.4746194,0.2646852
0.2242108,0.4651369,0.01591268
-0.1819887,0.4648202,0.01591268
0.3655469,0.4209392,-0.08405649
0.3858952,0.3885168,-0.08405649
-0.3250745,0.4209392,-0.08405649
-0.3490011,0.3885168,-0.08326074
-0.3250745,0.3885168,-0.08405649
0.3655469,0.3885168,-0.08405649
-0.3250745,0.2831495,-0.08405649
-0.356553,0.2831495,-0.08405649
-0.356553,0.2674161,-0.08405649
0.3655469,0.2831495,-0.08405649
0.393447,0.2831495,-0.08405649
0.393447,0.2674161,-0.08405649
-0.3250745,0.2623531,-0.08405649
0.3655469,0.2623531,-0.08405649
0.393447,0.2674161,-0.04542629
0.3655469,0.2623531,-0.04542629
0.393447,0.2674161,0.3674654
-0.3250745,0.2623531,-0.04542629
-0.356553,0.2674161,-0.04542629
0.3655469,0.2623531,0.3674654
0.393447,0.2602918,0.4159435
0.3655469,0.2552287,0.4159435
-0.3250745,0.2552287,0.4159435
-0.3250745,0.2623531,0.3674654
-0.356553,0.2674161,0.3674654
-0.356553,0.2602918,0.4159435
0.388748,0.8774624,-0.4023844
0.388748,0.8842568,-0.3881937
0.388748,0.8426199,-0.385702
0.388748,0.8494143,-0.3715113
0.3811962,0.8990869,-0.3572195
0.388748,0.36087,-0.1550436
0.3811962,0.8642445,-0.3405373
0.381897,0.911213,-0.3236249
0.388748,0.8785489,-0.3106612
0.388748,0.4184112,-0.09208013
0.3811962,0.3974167,-0.1177009
0.388748,0.3676645,-0.1408529
0.388748,0.3407447,-0.1279638
0.388748,0.3308737,-0.1485803
0.3811962,0.3743312,-0.0987838
0.3608479,0.3407447,-0.1279638
0.3608479,0.3286872,-0.1531469
0.3835045,0.406135,-0.07717187
0.3608479,0.4588705,-0.04349586
0.388748,0.8785489,-0.3106612
0.3608479,0.3953256,-0.0731631
-0.3257852,0.3851648,-0.09287135
-0.3288209,0.4566802,-0.04616882
0.3608479,0.3743312,-0.0987838
-0.3297735,0.3407447,-0.1279638
-0.3297735,0.3286872,-0.1531469
-0.361252,0.3308737,-0.1485803
-0.3257852,0.3641703,-0.1184921
-0.361252,0.3407447,-0.1279638
-0.361252,0.36087,-0.1550436
-0.3552483,0.3710073,-0.1165645
-0.361252,0.3676645,-0.1408529
-0.361252,0.8494143,-0.3715113
-0.361252,0.8426199,-0.385702
-0.3537002,0.3974167,-0.1177009
-0.3488089,0.3921195,-0.0936835
-0.3556589,0.4184112,-0.09208013
-0.361252,0.8842568,-0.3881937
-0.361252,0.8774624,-0.4023844
-0.3537002,0.8983692,-0.3568759
-0.3537002,0.8642445,-0.3405373
-0.3542316,0.9083441,-0.3257501
-0.3568219,0.879994,-0.3076433
-0.3568219,0.879994,-0.3076433
-0.3082881,0.9199807,-0.2639537
-0.3297735,0.9346605,-0.3273436
-0.3542316,0.9083441,-0.3257501
-0.3297735,0.920356,-0.3572195
-0.3537002,0.8983692,-0.3568759
0.3608479,0.9346605,-0.3273436
-0.3297735,0.9055259,-0.3881937
-0.361252,0.8842568,-0.3881937
0.3608479,0.920356,-0.3572195
-0.3297735,0.8752759,-0.406951
-0.361252,0.8774624,-0.4023844
0.3608479,0.9055259,-0.3881937
-0.33531,0.8494101,-0.4121504
-0.361252,0.8426199,-0.385702
-0.3297735,0.3586836,-0.1596102
-0.361252,0.36087,-0.1550436
-0.361252,0.3308737,-0.1485803
-0.3297735,0.3286872,-0.1531469
0.3608479,0.8404335,-0.3902686
0.3608479,0.3586836,-0.1596102
0.3608479,0.3286872,-0.1531469
0.388748,0.3308737,-0.1485803
0.388748,0.36087,-0.1550436
0.388748,0.8426199,-0.385702
0.3608479,0.8752759,-0.406951
0.388748,0.8774624,-0.4023844
0.388748,0.8842568,-0.3881937
0.3811962,0.8990869,-0.3572195
0.381897,0.911213,-0.3236249
0.3393625,0.9199807,-0.2639537
0.1666236,0.8009028,-0.1449647
-0.1356134,0.7765551,-0.1512078
0.17665,0.5613704,-0.04832748
-0.1451954,0.5603482,-0.03495046
-0.3451492,0.2674161,-0.08405649
-0.3451492,0.2831495,-0.08405649
-0.3451492,0.2674161,-0.04542629
-0.3451492,0.2831495,-0.04542629
-0.352701,0.384637,-0.08405649
-0.3451492,0.2674161,0.3591643
-0.352701,0.384637,-0.04542629
-0.352,0.4233525,-0.08048584
-0.3451492,0.4209392,-0.04542629
-0.3451492,0.2831495,0.3591643
-0.352701,0.384637,0.3591643
-0.3524978,0.4209392,0.3591643
-0.3451492,0.2831495,0.4159435
-0.3451492,0.2602918,0.4159435
-0.352701,0.3788832,0.4042877
-0.3730492,0.2831495,0.4284921
-0.3730492,0.2552287,0.4159435
-0.3543316,0.4199853,0.404211
-0.3730492,0.384637,0.4284921
-1.063671,0.2831495,0.4284921
-1.063671,0.2552287,0.4159435
-1.095149,0.2602918,0.4159435
-0.3730492,0.4209392,0.4111376
-1.063671,0.384637,0.4284921
-1.095149,0.2831495,0.4159435
-1.095149,0.2674161,0.3591643
-1.087597,0.384637,0.4159435
-1.058186,0.4209392,0.4031078
-1.095149,0.2831495,0.3591643
-1.087801,0.4188947,0.4141159
-1.087597,0.384637,0.3591643
-1.095149,0.2831495,-0.04542629
-1.095149,0.2674161,-0.04542629
-1.089556,0.4209392,0.3591643
-1.087597,0.384637,-0.04542629
-1.095149,0.2831495,-0.08405649
-1.095149,0.2674161,-0.08405649
-1.087597,0.384637,-0.08326074
-1.088129,0.4201969,-0.0788161
-1.090719,0.4242852,-0.04542629
-1.052414,0.4493138,0.3591643
-1.063671,0.4302412,-0.04542629
-1.090719,0.4242852,-0.04542629
-1.088129,0.4201969,-0.0788161
-0.3730492,0.4498551,0.3591643
-0.3730492,0.427019,-0.04542629
-0.3451492,0.4209392,-0.04542629
-0.352,0.4233525,-0.08048584
-0.5271566,0.4753593,0.227454
-0.900807,0.4820541,0.227454
-0.4739791,0.4577155,0.004929204
-0.9601759,0.4558963,0.004929204
-0.3730492,0.4209392,-0.08405649
-0.352701,0.384637,-0.08405649
-1.063671,0.4209392,-0.08405649
-1.087597,0.384637,-0.08326074
-1.063671,0.384637,-0.08405649
-0.3730492,0.384637,-0.08405649
-1.063671,0.2831495,-0.08405649
-1.095149,0.2831495,-0.08405649
-1.095149,0.2674161,-0.08405649
-0.3730492,0.2831495,-0.08405649
-0.3451492,0.2831495,-0.08405649
-0.3451492,0.2674161,-0.08405649
-1.063671,0.2623531,-0.08405649
-0.3730492,0.2623531,-0.08405649
-0.3451492,0.2674161,-0.04542629
-0.3730492,0.2623531,-0.04542629
-0.3451492,0.2674161,0.3591643
-1.063671,0.2623531,-0.04542629
-1.095149,0.2674161,-0.04542629
-0.3730492,0.2623531,0.3591643
-0.3451492,0.2602918,0.4159435
-0.3730492,0.2552287,0.4159435
-1.063671,0.2552287,0.4159435
-1.063671,0.2623531,0.3591643
-1.095149,0.2674161,0.3591643
-1.095149,0.2602918,0.4159435
-0.3519744,0.8774624,-0.4023844
-0.3519744,0.8842568,-0.3881937
-0.3519744,0.8426199,-0.385702
-0.3519744,0.8494143,-0.3715113
-0.3595264,0.8990869,-0.3572195
-0.3519744,0.36087,-0.1550436
-0.3595264,0.8642445,-0.3405373
-0.3588254,0.911213,-0.3236249
-0.3519744,0.8785489,-0.3106612
-0.3519744,0.4184112,-0.09208013
-0.3595264,0.3974167,-0.1177009
-0.3519744,0.3676645,-0.1408529
-0.3519744,0.3407447,-0.1279638
-0.3519744,0.3308737,-0.1485803
-0.3595264,0.3743312,-0.0987838
-0.3798745,0.3407447,-0.1279638
-0.3798745,0.3286872,-0.1531469
-0.3572178,0.406135,-0.07717187
-0.3798745,0.4588705,-0.04349586
-0.4221155,0.8844188,-0.2521838
-0.3519744,0.8785489,-0.3106612
-0.3588254,0.911213,-0.3236249
-0.3798745,0.3953256,-0.0731631
-1.066508,0.3851648,-0.09287135
-0.3798745,0.3743312,-0.0987838
-1.070496,0.3407447,-0.1279638
-1.070496,0.3286872,-0.1531469
-1.101974,0.3308737,-0.1485803
-1.066508,0.3641703,-0.1184921
-1.101974,0.3407447,-0.1279638
-1.101974,0.36087,-0.1550436
-1.095971,0.3710073,-0.1165645
-1.101974,0.3676645,-0.1408529
-1.095824,0.8430812,-0.3815173
-1.101974,0.8494143,-0.3715113
-1.087067,0.8715584,-0.3906675
-1.09406,0.8804666,-0.3843781
-1.094422,0.3974167,-0.1177009
-1.102632,0.8663884,-0.340789
-1.098816,0.8984801,-0.3562709
-1.094954,0.9083441,-0.3257501
-1.097544,0.879994,-0.3076433
-1.096381,0.4184112,-0.09208013
-1.089531,0.3921195,-0.0936835
-1.069543,0.4566802,-0.04616882
-1.028255,0.8844188,-0.2521838
-1.097544,0.879994,-0.3076433
-0.8399664,0.6096657,-0.08029362
-1.069118,0.9311543,-0.327915
-1.094954,0.9083441,-0.3257501
-0.5416915,0.6103958,-0.07940263
-0.624157,0.7522452,-0.1489653
-0.8262035,0.7935757,-0.1489653
-1.070496,0.920356,-0.3572195
-1.098816,0.8984801,-0.3562709
-0.3798745,0.9346605,-0.3273436
-0.3798745,0.920356,-0.3572195
-0.3595264,0.8990869,-0.3572195
-1.070496,0.9055259,-0.3881937
-1.09406,0.8804666,-0.3843781
-0.3798745,0.9055259,-0.3881937
-0.3519744,0.8842568,-0.3881937
-1.070496,0.8752759,-0.406951
-1.087067,0.8715584,-0.3906675
-0.3798745,0.8752759,-0.406951
-0.3519744,0.8774624,-0.4023844
-0.3519744,0.8426199,-0.385702
-0.3798745,0.8404335,-0.3902686
-0.3519744,0.36087,-0.1550436
-1.076032,0.8494101,-0.4121504
-1.095824,0.8430812,-0.3815173
-1.070496,0.3586836,-0.1596102
-1.101974,0.36087,-0.1550436
-1.101974,0.3308737,-0.1485803
-1.070496,0.3286872,-0.1531469
-0.3798745,0.3586836,-0.1596102
-0.3519744,0.3308737,-0.1485803
-0.3798745,0.3286872,-0.1531469
-1.236325,0.07499652,-0.3559476
-1.23675,0.07378902,-0.3555224
-1.23841,0.07499652,-0.3559476
-1.238818,0.07378902,-0.3555224
-1.262295,0.001267681,-0.3299779
-1.263297,0.001267681,-0.3299779
-1.262742,-3.471374E-06,-0.3295302
-1.263726,-3.471374E-06,-0.3295302
-1.262742,-3.471374E-06,-0.3276052
-1.263726,-3.471374E-06,-0.3276052
-1.262742,-3.471374E-06,-0.2837001
-1.307816,-3.471374E-06,-0.3295302
-1.263726,-3.471374E-06,-0.2837001
-1.262742,-3.471374E-06,-0.2823652
-1.263726,-3.471374E-06,-0.2823652
-1.307816,-3.471374E-06,-0.2823652
-1.307816,-3.471374E-06,-0.3276052
-1.307816,-3.471374E-06,-0.2837001
-1.309908,-3.471374E-06,-0.2823652
-1.309908,-3.471374E-06,-0.2837001
-1.309908,-3.471374E-06,-0.3276052
-1.309908,-3.471374E-06,-0.3295302
-1.308269,0.001267681,-0.3299779
-1.310355,0.001267681,-0.3299779
-1.334128,0.07378902,-0.3555224
-1.3359,0.07378902,-0.3555224
-1.334558,0.07499652,-0.3559476
-1.336325,0.07499652,-0.3559476
-1.336325,0.07499652,-0.3544622
-1.3359,0.07378902,-0.3555224
-1.334558,0.07499652,-0.3544622
-1.3359,0.07378902,-0.3540298
-1.310355,0.001267681,-0.3299779
-1.310355,0.001267681,-0.3280604
-1.309908,-3.471374E-06,-0.3295302
-1.309908,-3.471374E-06,-0.3276052
-1.3359,0.07378902,-0.2582657
-1.310355,0.001267681,-0.283262
-1.309908,-3.471374E-06,-0.2837001
-1.309908,-3.471374E-06,-0.2823652
-1.310355,0.001267681,-0.2819174
-1.3359,0.07378902,-0.256373
-1.336325,0.07499652,-0.2578495
-1.336325,0.07499652,-0.2559477
-1.334558,0.07499652,-0.2578495
-1.23841,0.07499652,-0.3544622
-1.236325,0.07499652,-0.3559476
-1.334558,0.07499652,-0.2559477
-1.3359,0.07378902,-0.256373
-1.236325,0.07499652,-0.3544622
-1.23675,0.07378902,-0.3555224
-1.23841,0.07499652,-0.2578495
-1.334128,0.07378902,-0.256373
-1.310355,0.001267681,-0.2819174
-1.23675,0.07378902,-0.3540298
-1.262295,0.001267681,-0.3299779
-1.23841,0.07499652,-0.2559477
-1.236325,0.07499652,-0.2578495
-1.308269,0.001267681,-0.2819174
-1.309908,-3.471374E-06,-0.2823652
-1.307816,-3.471374E-06,-0.2823652
-1.262295,0.001267681,-0.3280604
-1.262742,-3.471374E-06,-0.3295302
-1.262742,-3.471374E-06,-0.3276052
-1.262742,-3.471374E-06,-0.2837001
-1.238818,0.07378902,-0.256373
-1.263297,0.001267681,-0.2819174
-1.263726,-3.471374E-06,-0.2823652
-1.262742,-3.471374E-06,-0.2823652
-1.262295,0.001267681,-0.2819174
-1.23675,0.07378902,-0.256373
-1.236325,0.07499652,-0.2559477
-1.23675,0.07378902,-0.256373
-1.23675,0.07378902,-0.2582657
-1.262295,0.001267681,-0.2819174
-1.262295,0.001267681,-0.283262
-1.262742,-3.471374E-06,-0.2823652
-1.336325,0.07499652,0.2870523
-1.334558,0.07499652,0.2870523
-1.3359,0.07378902,0.2874776
-1.334128,0.07378902,0.2874776
-1.310355,0.001267681,0.313022
-1.308269,0.001267681,0.313022
-1.309908,-3.471374E-06,0.3134698
-1.238818,0.07378902,0.2874776
-1.307816,-3.471374E-06,0.3134698
-1.263297,0.001267681,0.313022
-1.307816,-3.471374E-06,0.3153947
-1.309908,-3.471374E-06,0.3153947
-1.307816,-3.471374E-06,0.3592998
-1.309908,-3.471374E-06,0.3592998
-1.309908,-3.471374E-06,0.3606348
-1.307816,-3.471374E-06,0.3606348
-1.263726,-3.471374E-06,0.3592998
-1.263726,-3.471374E-06,0.3606348
-1.262742,-3.471374E-06,0.3606348
-1.262742,-3.471374E-06,0.3592998
-1.263726,-3.471374E-06,0.3153947
-1.262742,-3.471374E-06,0.3153947
-1.263726,-3.471374E-06,0.3134698
-1.262742,-3.471374E-06,0.3134698
-1.262295,0.001267681,0.313022
-1.23675,0.07378902,0.2874776
-1.23841,0.07499652,0.2870523
-1.236325,0.07499652,0.2870523
-1.23841,0.07499652,0.2885378
-1.236325,0.07499652,0.2885378
-1.334558,0.07499652,0.2885378
-1.336325,0.07499652,0.2885378
-1.336325,0.07499652,0.2870523
-1.3359,0.07378902,0.2874776
-1.3359,0.07378902,0.2889702
-1.310355,0.001267681,0.313022
-1.310355,0.001267681,0.3149396
-1.309908,-3.471374E-06,0.3134698
-1.309908,-3.471374E-06,0.3153947
-1.3359,0.07378902,0.3847343
-1.310355,0.001267681,0.359738
-1.309908,-3.471374E-06,0.3592998
-1.309908,-3.471374E-06,0.3606348
-1.310355,0.001267681,0.3610825
-1.3359,0.07378902,0.386627
-1.336325,0.07499652,0.3851505
-1.336325,0.07499652,0.3870523
-1.334558,0.07499652,0.3851505
-1.336325,0.07499652,0.3870523
-1.334558,0.07499652,0.3870523
-1.3359,0.07378902,0.386627
-1.23841,0.07499652,0.3851505
-1.334128,0.07378902,0.386627
-1.310355,0.001267681,0.3610825
-1.23841,0.07499652,0.3870523
-1.308269,0.001267681,0.3610825
-1.309908,-3.471374E-06,0.3606348
-1.307816,-3.471374E-06,0.3606348
-1.238818,0.07378902,0.386627
-1.263297,0.001267681,0.3610825
-1.263726,-3.471374E-06,0.3606348
-1.262742,-3.471374E-06,0.3606348
-1.262295,0.001267681,0.3610825
-1.23675,0.07378902,0.386627
-1.236325,0.07499652,0.3870523
-1.236325,0.07499652,0.3851505
-1.23675,0.07378902,0.2889702
-1.23675,0.07378902,0.2874776
-1.236325,0.07499652,0.2870523
-1.262295,0.001267681,0.313022
-1.262295,0.001267681,0.3149396
-1.262742,-3.471374E-06,0.3134698
-1.262742,-3.471374E-06,0.3153947
-1.262742,-3.471374E-06,0.3592998
-1.23675,0.07378902,0.3847343
-1.262295,0.001267681,0.359738
-1.262742,-3.471374E-06,0.3606348
-1.262295,0.001267681,0.3610825
-1.23675,0.07378902,0.386627
-1.236325,0.07499652,0.3870523
1.236319,0.07499652,0.2870523
1.238086,0.07499652,0.2870523
1.236744,0.07378902,0.2874776
1.238516,0.07378902,0.2874776
1.262289,0.001267681,0.313022
1.264375,0.001267681,0.313022
1.262736,-3.471374E-06,0.3134698
1.333826,0.07378902,0.2874776
1.264828,-3.471374E-06,0.3134698
1.309347,0.001267681,0.313022
1.264828,-3.471374E-06,0.3153947
1.262736,-3.471374E-06,0.3153947
1.264828,-3.471374E-06,0.3592998
1.262736,-3.471374E-06,0.3592998
1.262736,-3.471374E-06,0.3606348
1.264828,-3.471374E-06,0.3606348
1.308918,-3.471374E-06,0.3592998
1.308918,-3.471374E-06,0.3606348
1.309901,-3.471374E-06,0.3606348
1.309901,-3.471374E-06,0.3592998
1.308918,-3.471374E-06,0.3153947
1.309901,-3.471374E-06,0.3153947
1.308918,-3.471374E-06,0.3134698
1.309901,-3.471374E-06,0.3134698
1.310349,0.001267681,0.313022
1.335894,0.07378902,0.2874776
1.334234,0.07499652,0.2870523
1.336319,0.07499652,0.2870523
1.334234,0.07499652,0.2885378
1.336319,0.07499652,0.2885378
1.238086,0.07499652,0.2885378
1.236319,0.07499652,0.2885378
1.236319,0.07499652,0.2870523
1.236744,0.07378902,0.2874776
1.236744,0.07378902,0.2889702
1.262289,0.001267681,0.313022
1.262289,0.001267681,0.3149396
1.262736,-3.471374E-06,0.3134698
1.262736,-3.471374E-06,0.3153947
1.236744,0.07378902,0.3847343
1.262289,0.001267681,0.359738
1.262736,-3.471374E-06,0.3592998
1.262736,-3.471374E-06,0.3606348
1.262289,0.001267681,0.3610825
1.236744,0.07378902,0.386627
1.236319,0.07499652,0.3851505
1.236319,0.07499652,0.3870523
1.238086,0.07499652,0.3851505
1.236319,0.07499652,0.3870523
1.238086,0.07499652,0.3870523
1.236744,0.07378902,0.386627
1.334234,0.07499652,0.3851505
1.238516,0.07378902,0.386627
1.262289,0.001267681,0.3610825
1.334234,0.07499652,0.3870523
1.264375,0.001267681,0.3610825
1.262736,-3.471374E-06,0.3606348
1.264828,-3.471374E-06,0.3606348
1.333826,0.07378902,0.386627
1.309347,0.001267681,0.3610825
1.308918,-3.471374E-06,0.3606348
1.309901,-3.471374E-06,0.3606348
1.310349,0.001267681,0.3610825
1.335894,0.07378902,0.386627
1.336319,0.07499652,0.3870523
1.336319,0.07499652,0.3851505
1.335894,0.07378902,0.2889702
1.335894,0.07378902,0.2874776
1.336319,0.07499652,0.2870523
1.310349,0.001267681,0.313022
1.310349,0.001267681,0.3149396
1.309901,-3.471374E-06,0.3134698
1.309901,-3.471374E-06,0.3153947
1.309901,-3.471374E-06,0.3592998
1.335894,0.07378902,0.3847343
1.310349,0.001267681,0.359738
1.309901,-3.471374E-06,0.3606348
1.310349,0.001267681,0.3610825
1.335894,0.07378902,0.386627
1.336319,0.07499652,0.3870523
1.236319,0.07499652,-0.3559422
1.238086,0.07499652,-0.3559422
1.236744,0.07378902,-0.3555168
1.238516,0.07378902,-0.3555168
1.262289,0.001267681,-0.3299724
1.264375,0.001267681,-0.3299724
1.262736,-3.471374E-06,-0.3295247
1.333826,0.07378902,-0.3555168
1.264828,-3.471374E-06,-0.3295247
1.309347,0.001267681,-0.3299724
1.264828,-3.471374E-06,-0.3275997
1.262736,-3.471374E-06,-0.3275997
1.264828,-3.471374E-06,-0.2836946
1.262736,-3.471374E-06,-0.2836946
1.262736,-3.471374E-06,-0.2823596
1.264828,-3.471374E-06,-0.2823596
1.308918,-3.471374E-06,-0.2836946
1.308918,-3.471374E-06,-0.2823596
1.309901,-3.471374E-06,-0.2823596
1.309901,-3.471374E-06,-0.2836946
1.308918,-3.471374E-06,-0.3275997
1.309901,-3.471374E-06,-0.3275997
1.308918,-3.471374E-06,-0.3295247
1.309901,-3.471374E-06,-0.3295247
1.310349,0.001267681,-0.3299724
1.335894,0.07378902,-0.3555168
1.334234,0.07499652,-0.3559422
1.336319,0.07499652,-0.3559422
1.334234,0.07499652,-0.3544566
1.336319,0.07499652,-0.3544566
1.238086,0.07499652,-0.3544566
1.236319,0.07499652,-0.3544566
1.236319,0.07499652,-0.3559422
1.236744,0.07378902,-0.3555168
1.236744,0.07378902,-0.3540243
1.262289,0.001267681,-0.3299724
1.262289,0.001267681,-0.3280549
1.262736,-3.471374E-06,-0.3295247
1.262736,-3.471374E-06,-0.3275997
1.236744,0.07378902,-0.2582601
1.262289,0.001267681,-0.2832564
1.262736,-3.471374E-06,-0.2836946
1.262736,-3.471374E-06,-0.2823596
1.262289,0.001267681,-0.2819119
1.236744,0.07378902,-0.2563674
1.236319,0.07499652,-0.2578439
1.236319,0.07499652,-0.2559421
1.238086,0.07499652,-0.2578439
1.236319,0.07499652,-0.2559421
1.238086,0.07499652,-0.2559421
1.236744,0.07378902,-0.2563674
1.334234,0.07499652,-0.2578439
1.238516,0.07378902,-0.2563674
1.262289,0.001267681,-0.2819119
1.334234,0.07499652,-0.2559421
1.264375,0.001267681,-0.2819119
1.262736,-3.471374E-06,-0.2823596
1.264828,-3.471374E-06,-0.2823596
1.333826,0.07378902,-0.2563674
1.309347,0.001267681,-0.2819119
1.308918,-3.471374E-06,-0.2823596
1.309901,-3.471374E-06,-0.2823596
1.310349,0.001267681,-0.2819119
1.335894,0.07378902,-0.2563674
1.336319,0.07499652,-0.2559421
1.336319,0.07499652,-0.2578439
1.335894,0.07378902,-0.3540243
1.335894,0.07378902,-0.3555168
1.336319,0.07499652,-0.3559422
1.310349,0.001267681,-0.3299724
1.310349,0.001267681,-0.3280549
1.309901,-3.471374E-06,-0.3295247
1.309901,-3.471374E-06,-0.3275997
1.309901,-3.471374E-06,-0.2836946
1.335894,0.07378902,-0.2582601
1.310349,0.001267681,-0.2832564
1.309901,-3.471374E-06,-0.2823596
1.310349,0.001267681,-0.2819119
1.335894,0.07378902,-0.2563674
1.336319,0.07499652,-0.2559421
1229
0.1886707,0.974049
0.188677,0.9729803
0.1856808,0.9740322
0.1856868,0.9729633
0.1888712,0.9389098
0.09574521,0.97245
0.09573913,0.9735188
0.1858811,0.9388926
0.1888832,0.9367855
0.09593946,0.9383798
0.06165028,0.9722559
0.06164426,0.9733248
0.1858932,0.9367681
0.1892066,0.880089
0.09595156,0.936255
0.1862167,0.8800722
0.1903596,0.8800955
0.1862338,0.8770523
0.09629214,0.8765395
0.09627491,0.8795593
0.06219727,0.8763449
0.0621804,0.8793646
0.06090623,0.8763376
0.06185681,0.9360608
0.06088871,0.8793573
0.04359597,0.8762388
0.04357857,0.8792584
0.06056553,0.9360538
0.06184465,0.9381852
0.06055349,0.9381778
0.04325527,0.9359548
0.06035912,0.9722486
0.06035286,0.9733174
0.04023319,0.9359376
0.04055631,0.8792412
0.04324323,0.938079
0.04022086,0.9380617
0.04304874,0.9721496
0.04304284,0.9732184
0.04002655,0.9721323
0.04002041,0.9732012
0.3475014,0.9751248
0.3475075,0.974056
0.3444791,0.9751074
0.3444852,0.9740386
0.3477016,0.9399853
0.327175,0.9739399
0.3271688,0.9750087
0.3446796,0.9399679
0.3477139,0.9378613
0.3258836,0.9739326
0.3258777,0.9750016
0.3273693,0.9398692
0.3446916,0.937844
0.3480371,0.8811644
0.326078,0.9398621
0.2917888,0.9737382
0.2917826,0.974807
0.3273814,0.9377451
0.3450151,0.8811474
0.3480371,0.8811644
0.3450326,0.878052
0.3277224,0.8779533
0.3277047,0.8810484
0.3264312,0.8779461
0.3264135,0.8810415
0.2923362,0.8777514
0.3260902,0.9377377
0.2923185,0.880847
0.2023947,0.8772385
0.2919952,0.9375434
0.2023771,0.8803339
0.1982342,0.8803101
0.2919829,0.9396676
0.2020535,0.9370303
0.199387,0.8803169
0.1979108,0.937007
0.1990636,0.9370134
0.1978986,0.939131
0.1990516,0.9391377
0.1977043,0.9732016
0.1988572,0.9732081
0.2020415,0.9391547
0.2018473,0.9732254
0.1988511,0.974277
0.2018411,0.9742942
0.2256037,0.9946459
0.2256103,0.997253
0.2288916,0.9972449
0.2288854,0.9946375
0.2287771,0.9510872
0.2254957,0.9510954
0.2475714,0.9510406
0.2476797,0.9945909
0.2490816,0.9945872
0.2287623,0.945115
0.2254806,0.9451233
0.22548,0.9447851
0.2287614,0.9447768
0.2475566,0.9450684
0.2475557,0.9447303
0.2489734,0.951037
0.2489586,0.945065
0.2859917,0.9509451
0.2861,0.9944956
0.3837539,0.9942529
0.3836458,0.9507026
0.3882518,0.9942417
0.3881437,0.9506912
0.2489579,0.9447267
0.2848242,0.9449758
0.2848233,0.9446376
0.2859769,0.944973
0.2859763,0.9446348
0.3836308,0.9447303
0.3836301,0.9443921
0.3868771,0.9447223
0.3868765,0.9443841
0.3868742,0.9435669
0.3836281,0.943575
0.3856878,0.4660413
0.2859742,0.9438176
0.3824415,0.4660495
0.2848212,0.9438205
0.3824402,0.4654615
0.3856865,0.4654533
0.2847879,0.4662921
0.3824391,0.4651045
0.3856857,0.4650964
0.2847863,0.4657041
0.2847855,0.4653471
0.2836334,0.4657069
0.2836327,0.4653499
0.2477671,0.4654391
0.2836349,0.4662947
0.2477679,0.465796
0.2463651,0.4654425
0.246366,0.4657995
0.2275706,0.4654891
0.2275714,0.4658462
0.2242903,0.4658545
0.2242892,0.4654975
0.2242768,0.4604718
0.2275582,0.4604636
0.2241853,0.4236799
0.2274667,0.4236718
0.2463526,0.460417
0.2462611,0.423625
0.2477545,0.4604136
0.2476632,0.4236216
0.2847731,0.4603216
0.2846814,0.4235295
0.3824267,0.4600789
0.3823355,0.4232871
0.3869247,0.4600677
0.3868334,0.4232758
0.5145373,0.9774639
0.5156365,0.9774746
0.5156605,0.975005
0.5145614,0.9749944
0.4794995,0.9771231
0.4795236,0.9746535
0.4773149,0.9771018
0.5149629,0.9337445
0.4773391,0.9746322
0.4799249,0.9334037
0.4190332,0.974065
0.4190092,0.9765344
0.4777404,0.9333826
0.4194344,0.9328155
0.4216741,0.9271799
0.4777955,0.9277257
0.5150178,0.928088
0.5160617,0.9337554
0.5161168,0.9280986
0.51612,0.9277782
0.47998,0.927747
0.5150208,0.9277675
0.5161274,0.9270044
0.4799831,0.9274266
0.4777984,0.9274052
0.5150284,0.9269939
0.5205278,0.4747058
0.4799906,0.926653
0.477806,0.9266316
0.5194288,0.4746953
0.5205333,0.4741486
0.484391,0.474354
0.4822063,0.474333
0.5194341,0.474138
0.5205365,0.4738108
0.4843962,0.473797
0.4822119,0.473776
0.5194373,0.4738002
0.520583,0.4690503
0.5194839,0.4690398
0.4843998,0.4734591
0.4822151,0.4734378
0.484446,0.468699
0.5198229,0.4341916
0.4847851,0.4338507
0.4822616,0.4686777
0.4258736,0.4728897
0.4826004,0.4338295
0.4239557,0.4681104
0.4242945,0.4332623
0.3890297,0.425954
0.3890081,0.4239417
0.3292845,0.4245871
0.3293065,0.4265995
0.3270471,0.4246112
0.3894155,0.4616494
0.3270688,0.4266236
0.2911577,0.4249991
0.3296921,0.4622947
0.3894683,0.4665252
0.2911795,0.4270113
0.2900316,0.4250114
0.3274543,0.4623192
0.3297448,0.4671705
0.389472,0.4668713
0.2900534,0.4270236
0.2868484,0.4250458
0.2915651,0.4627066
0.3275071,0.4671944
0.28687,0.4270579
0.2686138,0.4252428
0.2904392,0.4627188
0.291618,0.4675824
0.2686357,0.4272549
0.2672538,0.4252575
0.2872557,0.4627534
0.2904919,0.4675948
0.2672754,0.4272698
0.2313386,0.4256456
0.2690215,0.4629503
0.2873084,0.4676291
0.2313603,0.4276578
0.1365957,0.4266697
0.2676613,0.462965
0.1366175,0.4286816
0.1334494,0.4267038
0.2317461,0.4633531
0.267714,0.467841
0.2690741,0.4678262
0.2873121,0.4679751
0.1334647,0.4287158
0.1323268,0.4267088
0.1323357,0.428721
0.1326391,0.4644241
0.1338536,0.4644113
0.1370032,0.4643772
0.1339062,0.4692869
0.1370559,0.4692532
0.1339101,0.469633
0.2317989,0.4682292
0.1370599,0.4695992
0.1339164,0.4702037
0.1370658,0.4701696
0.1389232,0.9334959
0.1420728,0.9334618
0.1389317,0.9342886
0.2318089,0.4691456
0.2318024,0.4685752
0.2677177,0.4681869
0.1420813,0.9342545
0.1389352,0.9346167
0.2368155,0.9324379
0.2677237,0.4687578
0.269078,0.4681724
0.2690843,0.468743
0.2727309,0.9320498
0.2873184,0.4685458
0.274091,0.9320351
0.1420848,0.9345826
0.1389979,0.9404109
0.2904957,0.467941
0.2923253,0.931838
0.2905019,0.4685112
0.2916216,0.4679288
0.3275107,0.4675409
0.291628,0.468499
0.2955087,0.9318038
0.2923338,0.9326307
0.3297485,0.4675169
0.3275172,0.4681111
0.2966347,0.9317915
0.2740995,0.9328277
0.2955174,0.9325962
0.2727393,0.9328424
0.2368242,0.9332306
0.2368279,0.9335588
0.2727428,0.9331705
0.2741029,0.9331559
0.2923373,0.9329588
0.2955209,0.9329244
0.2966434,0.9325842
0.3325239,0.9314038
0.3297547,0.468087
0.3894781,0.4674416
0.3899547,0.4674366
0.3899488,0.466866
0.4464791,0.4668255
0.4464728,0.4662552
0.448387,0.4668047
0.448381,0.4662346
0.4533941,0.9300975
0.4514859,0.930118
0.4534027,0.9308901
0.4514946,0.9309107
0.3949617,0.9307288
0.3949702,0.9315214
0.3944849,0.9307342
0.3944936,0.9315267
0.3347614,0.9313796
0.3347702,0.9321721
0.3944972,0.9318547
0.3325325,0.9321964
0.3347736,0.9325001
0.3945599,0.9376488
0.3325363,0.9325242
0.3348363,0.9382942
0.3950163,0.9799013
0.2966467,0.9329121
0.3352928,0.9805467
0.3950439,0.9824308
0.3353202,0.9830763
0.3325986,0.9383184
0.3330555,0.9805708
0.3330827,0.9831005
0.2955834,0.9387185
0.2967096,0.9387063
0.2971662,0.9809587
0.2971934,0.9834884
0.2960673,0.9835006
0.29604,0.9809709
0.2924,0.9387531
0.2928565,0.9810052
0.2928838,0.9835349
0.2741656,0.9389502
0.2746223,0.9812024
0.2746494,0.9837319
0.2728055,0.9389648
0.2732623,0.9812171
0.2732895,0.9837465
0.2368903,0.9393529
0.2373471,0.9816051
0.2373742,0.9841347
0.1421474,0.9403768
0.142604,0.9826291
0.1426314,0.9851586
0.1394817,0.9851927
0.1394545,0.982663
0.1382399,0.9826761
0.1377834,0.940424
0.3222506,0.506179
0.3222941,0.4513916
0.3192608,0.5061765
0.319304,0.4513893
0.3234486,0.4494826
0.2293177,0.5061058
0.3193079,0.4463837
0.2293612,0.4513184
0.228256,0.5061049
0.2293649,0.4463128
0.1952672,0.4493814
0.1952696,0.446286
0.1939758,0.4493803
0.1939781,0.4462849
0.1766653,0.4493669
0.1766678,0.4462714
0.1778885,0.4665576
0.1790748,0.9440833
0.1810054,0.4665499
0.1821917,0.9440755
0.1870286,0.9440635
0.1858423,0.4665378
0.1883602,0.9440602
0.1867348,0.9448814
0.1883623,0.9448771
0.190329,0.9448723
0.1871739,0.4665345
0.190327,0.9440554
0.2485896,0.9447277
0.2485876,0.9439105
0.1891406,0.4665298
0.1871726,0.4659466
0.1891393,0.4659417
0.2474013,0.4663848
0.2473999,0.465797
0.2477693,0.4663839
0.2489558,0.9439098
0.2485896,0.9447276
0.1740592,0.5062441
0.1740847,0.5017892
0.1733663,0.5059678
0.1730861,0.5014827
0.1729334,0.4989119
0.1729334,0.4989119
0.1711072,0.5015196
0.1711247,0.4984972
0.1173875,0.5117345
0.1710763,0.5069689
0.1728846,0.5074641
0.1710689,0.5082604
0.1173702,0.5147567
0.1169343,0.5118732
0.116917,0.5148953
0.1172727,0.5318691
0.1172654,0.5331606
0.1168182,0.5322058
0.1168108,0.533497
0.1856624,0.5021543
0.1852116,0.5018125
0.1852042,0.503104
0.1856552,0.5034453
0.1851056,0.5204141
0.2391785,0.5276665
0.1855576,0.5205582
0.1850884,0.5234364
0.1855403,0.5235805
0.2391711,0.528958
0.240985,0.5284837
0.2391399,0.5344073
0.2391226,0.5374299
0.2409362,0.5370358
0.2414495,0.5299854
0.240985,0.5284837
0.2421455,0.5297167
0.2421203,0.5341715
0.2411181,0.5344667
0.2409362,0.5370358
0.1579085,0.4465103
0.1579236,0.4434906
0.1238282,0.4433222
0.1238028,0.448466
0.1245952,0.5030436
0.1235333,0.5030386
0.03359146,0.5025944
0.033861,0.4480218
0.03388633,0.4428782
0.03060145,0.5025793
0.02972854,0.445877
0.03087111,0.448007
0.04717764,0.7465104
0.05091607,0.749016
0.05336985,0.7372983
0.05710184,0.7398193
0.07681018,0.7667035
0.1214419,0.6395665
0.08300084,0.75753
0.0845376,0.7708229
0.08990154,0.7622394
0.1251476,0.6421587
0.150615,0.6626971
0.1581075,0.6680228
0.133096,0.6275066
0.1284645,0.6228168
0.1396898,0.6196629
0.1347865,0.6124849
0.1542462,0.6490704
0.1589001,0.6556106
0.1705523,0.6646792
0.2204968,0.7742556
0.1623482,0.6509049
0.3362371,0.557413
0.1578315,0.6439762
0.3123434,0.516556
0.3081878,0.5089
0.3200927,0.507199
0.3286744,0.5460434
0.3241833,0.5386214
0.3221471,0.5133302
0.3374654,0.5070418
0.3332424,0.5379211
0.3379843,0.5115387
0.4557841,0.5001625
0.4553752,0.4956764
0.4668123,0.4991754
0.4664142,0.4946899
0.4695129,0.5305197
0.4587228,0.5314736
0.4689548,0.5384511
0.4595653,0.5405177
0.3427141,0.5519401
0.3423901,0.5434066
0.3356566,0.5444894
0.4093877,0.6545235
0.4009687,0.6595262
0.4080906,0.6704408
0.2420619,0.779775
0.4135462,0.6654381
0.418193,0.6732459
0.4124696,0.67718
0.4292901,0.7036717
0.4372345,0.6991459
0.4399763,0.7032937
0.2463808,0.7864986
0.4324207,0.7087001
0.2636802,0.8126746
0.2412211,0.7894791
0.2344763,0.780935
0.2570943,0.8172641
0.2598992,0.8212567
0.2332464,0.7644371
0.266979,0.8176122
0.2661121,0.8311832
0.2730088,0.8268654
0.330301,0.9301206
0.2549088,0.7119257
0.4377807,0.7141347
0.4483102,0.7130207
0.5035126,0.8174728
0.5111536,0.8124554
0.5190479,0.8245929
0.5115052,0.829711
0.3371613,0.9257621
0.3382812,0.9422836
0.3451625,0.9379953
0.2002174,0.661947
0.3128869,0.6098933
0.3453586,0.6567932
0.02635682,0.8076199
0.02374694,0.8113009
0.03279722,0.8177227
0.03540279,0.8140393
0.03236043,0.7995248
0.1595189,0.9056681
0.04121186,0.8058046
0.03874594,0.7926785
0.04724707,0.7972325
0.1665783,0.8811175
0.1636766,0.8907031
0.1621185,0.901928
0.1681463,0.9087164
0.1661805,0.9144133
0.1687,0.8990606
0.1769814,0.9112028
0.1765979,0.9191769
0.3804385,0.9242058
0.3803511,0.9162238
0.3905358,0.9199054
0.170991,0.8901349
0.1791376,0.8949491
0.1784429,0.9041204
0.3888023,0.9139328
0.398724,0.9116727
0.3801941,0.9037292
0.3870039,0.9017187
0.3965656,0.9076897
0.5309986,0.8321242
0.5332418,0.8360388
0.5389962,0.8314597
0.5376329,0.8281062
0.3960435,0.8963201
0.5261259,0.8233486
0.5339566,0.8190643
0.5272833,0.8113005
0.5212868,0.8151667
0.3938675,0.8862561
0.3797627,0.8946382
0.3773615,0.8763647
0.3879721,0.8913924
0.3978556,0.7304733
0.3812814,0.7326704
0.3925852,0.7196818
0.1822924,0.8721148
0.1676846,0.7262461
0.3338569,0.8411145
0.1840917,0.7281564
0.2272455,0.8386562
0.3367718,0.7639234
0.228272,0.7616242
0.1851954,0.7094359
0.1744745,0.7124972
0.3822609,0.7144357
0.3833515,0.7059451
0.3943039,0.7047318
0.1842008,0.7010894
0.1749938,0.6996085
0.3828635,0.6965572
0.3929598,0.6917542
0.1846088,0.6913862
0.174261,0.687695
0.1850087,0.6813359
0.175267,0.6822786
0.3835962,0.6874934
0.3844004,0.6773065
0.3911643,0.6868776
0.3925733,0.6780915
0.3983946,0.5240672
0.183767,0.673849
0.1744651,0.6688132
0.1908677,0.5164088
0.1817133,0.5161956
0.1819854,0.5075511
0.1911108,0.5076076
0.3902579,0.5236179
0.3986306,0.515328
0.3905092,0.5148154
0.06367457,0.765754
0.06740648,0.7684219
0.07024926,0.7565737
0.07397899,0.7592474
0.09231105,0.7864331
0.1421262,0.6584252
0.09889832,0.7772761
0.1010673,0.791599
0.106782,0.7829734
0.1458338,0.6611601
0.1704344,0.6814778
0.1788784,0.6877065
0.1537804,0.6473166
0.1491526,0.6424542
0.1720043,0.6685762
0.1605672,0.6396889
0.155637,0.6323182
0.1786317,0.6773683
0.1781192,0.6639963
0.3365178,0.5355114
0.3324512,0.5276651
0.3458009,0.5270122
0.1839225,0.6736597
0.3492129,0.5621262
0.3476276,0.5333943
0.3636154,0.5285865
0.3558517,0.5612788
0.3545261,0.5710201
0.3639954,0.5331926
0.3584284,0.5693152
0.3682241,0.5649845
0.4853148,0.5246828
0.4850369,0.5201018
0.3686551,0.5753712
0.4873065,0.5553854
0.4965823,0.5240219
0.4963182,0.5194424
0.4983255,0.5547507
0.497612,0.56405
0.4880082,0.5658622
0.3598785,0.5836882
0.4256179,0.6868612
0.4329571,0.6826019
0.4373328,0.6926479
0.1902269,0.6844529
0.2511674,0.79067
0.2430667,0.7954641
0.2514156,0.8032231
0.2486486,0.6854587
0.333432,0.6351233
0.2771319,0.7526215
0.3791999,0.691793
0.2574368,0.801061
0.2572316,0.8122301
0.4315866,0.6971164
0.4423643,0.7014799
0.4363939,0.7052128
0.2623449,0.8091514
0.4518847,0.7316744
0.4600064,0.7272699
0.4624293,0.7315538
0.2784318,0.8354126
0.2716333,0.8399286
0.274317,0.8440789
0.4549157,0.7368974
0.2816091,0.840569
0.2802389,0.8544093
0.287394,0.8502278
0.3423335,0.957796
0.4606852,0.7465352
0.4685974,0.7416426
0.3494578,0.9535753
0.3497071,0.969943
0.3568446,0.9658216
0.5299666,0.8620306
0.522605,0.8497728
0.5305532,0.8449271
0.5378323,0.8571181
0.1522871,0.9606792
0.1561535,0.9581888
0.1461841,0.9511859
0.1500429,0.9486835
0.1647739,0.9526373
0.06164396,0.8184804
0.1586733,0.9431047
0.1729734,0.94624
0.1669991,0.9377054
0.08724976,0.8121845
0.07712722,0.8149548
0.06557739,0.8160626
0.05881321,0.8084372
0.05282301,0.8105063
0.071154,0.8059864
0.05604011,0.799913
0.04791826,0.8004018
0.08171374,0.8064398
0.09646231,0.7949032
0.2477229,0.8082991
0.0779829,0.7982361
0.0676834,0.5931044
0.09105778,0.5951787
0.06875104,0.7991289
0.05103439,0.5917056
0.0428977,0.5917113
0.04727268,0.5808243
0.05831599,0.592848
0.05316782,0.5825478
0.05588841,0.573568
0.06303149,0.5826409
0.05981565,0.5760446
0.1435809,0.4429736
0.1397135,0.4404854
0.07132393,0.5771071
0.07223088,0.5845494
0.08122838,0.5796025
0.1497168,0.4334753
0.1458524,0.4309812
0.1582284,0.4392271
0.1522269,0.44852
0.165485,0.4454241
0.1612261,0.4542812
0.2409407,0.5740279
0.2428933,0.5955306
0.2605023,0.5885444
0.2559305,0.5783107
0.2698293,0.5881134
0.2702628,0.578503
0.2668931,0.7918304
0.2796749,0.5879551
0.2825455,0.5770963
0.2763703,0.7916892
0.2898847,0.5877262
0.2881832,0.5778063
0.2863534,0.7912663
0.2973889,0.585936
0.3018644,0.5761146
0.4579371,0.5818823
0.4575133,0.5725583
0.4663357,0.572244
0.466904,0.5815199
0.3080127,0.7905276
0.4647432,0.7850624
0.4737124,0.7846885
0.4738326,0.7929321
0.4649516,0.7933592
0.3081181,0.7988552
0.2967078,0.7909401
0.2954277,0.7994482
0.2899601,0.8007546
0.2778319,0.8001716
0.262361,0.8010784
0.2486918,0.7857259
0.1989399,0.7357523
0.1923998,0.6481702
0.1243821,0.7405105
0.1218464,0.6479701
0.03220087,0.5233576
0.0343416,0.5275408
0.04249018,0.5180988
0.04463195,0.5222819
0.04804319,0.5545965
0.1516829,0.4635114
0.05834025,0.5493576
0.05410109,0.5644504
0.06335224,0.559256
0.1537852,0.467737
0.166211,0.4967424
0.1715122,0.5074754
0.16987,0.4569512
0.168021,0.4504
0.1749061,0.4855594
0.1798279,0.4534682
0.1792982,0.4444115
0.1786524,0.4949268
0.1827589,0.4827552
0.3891189,0.4539555
0.3896347,0.4449165
0.4017584,0.4512344
0.182995,0.4940345
0.3866467,0.482995
0.3999737,0.4577746
0.4187282,0.4633249
0.3932964,0.485546
0.384975,0.4955987
0.4166988,0.4676009
0.3914712,0.4939753
0.404297,0.4967459
0.5261588,0.5209532
0.5282407,0.5167392
0.3987287,0.5072275
0.5127944,0.5482395
0.536516,0.5260693
0.538599,0.5218568
0.52293,0.5532512
0.5170748,0.5622107
0.5075863,0.5589573
0.3844275,0.5102884
0.3888837,0.6336141
0.397245,0.6336421
0.3960392,0.6446366
0.1821331,0.5104348
0.1806585,0.6335932
0.172033,0.6334476
0.1744069,0.6442508
0.2281047,0.5501577
0.3391329,0.5505085
0.21151,0.6164623
0.3573324,0.617017
0.1807745,0.6452585
0.1747661,0.6561524
0.3886829,0.6454448
0.3958283,0.6561706
0.3886211,0.6562598
0.1808652,0.6561
0.3882743,0.686539
0.3977253,0.6869752
0.3975917,0.6920146
0.1811855,0.6864389
0.1728401,0.6868336
0.173012,0.6918782
0.3881803,0.6927294
0.181263,0.6926342
0.1727735,0.7040464
0.1812597,0.7041518
0.1728157,0.8249959
0.3881607,0.704245
0.3976865,0.704132
0.181295,0.8250496
0.1728676,0.842011
0.1813177,0.8421522
0.3880227,0.842216
0.3880281,0.8251157
0.3975603,0.8250653
0.3975244,0.842069
0.1770667,0.9879431
0.1810213,0.9853922
0.1708168,0.9782349
0.1747631,0.9756712
0.1898376,0.9797048
0.08414042,0.842602
0.1835892,0.9699544
0.198223,0.9731528
0.1921039,0.9644224
0.1103395,0.8360903
0.09998143,0.8389587
0.0881623,0.8401217
0.08119833,0.8323929
0.075073,0.8345371
0.09382093,0.8298342
0.07832003,0.8237271
0.07001126,0.8242739
0.1046372,0.8302404
0.1196676,0.818299
0.263713,0.803481
0.2736026,0.8295106
0.2865828,0.8238441
0.1007725,0.8218705
0.08831942,0.6131842
0.09132588,0.8228475
0.07128966,0.6117899
0.06296647,0.6118271
0.06746888,0.6006219
0.07874548,0.6129274
0.07349646,0.602384
0.07630622,0.593157
0.08359373,0.6024668
0.08032215,0.5956952
0.162477,0.4576839
0.1660169,0.4595131
0.167986,0.4499773
0.1717547,0.4510004
0.09209263,0.5968019
0.1751662,0.464628
0.1808661,0.4555607
0.188352,0.4617814
0.1839404,0.4709417
0.1022331,0.5993368
0.09301007,0.6044177
0.1121787,0.6153023
0.2551289,0.621411
0.2636677,0.5956706
0.1607993,0.6814007
0.2799381,0.6082199
0.2762442,0.598276
0.1639665,0.7688965
0.2108928,0.744507
0.2183292,0.6841686
0.2889014,0.6074085
0.2896477,0.596672
0.2906191,0.8150266
0.3004024,0.8146877
0.3021529,0.8231987
0.2988688,0.6072099
0.3027602,0.5973789
0.310697,0.8140649
0.314624,0.8236477
0.3091301,0.6068147
0.3080534,0.5990223
0.3213762,0.8135108
0.3202456,0.8222259
0.3334166,0.8213317
0.3330327,0.8128185
0.4946223,0.8101706
0.3166052,0.6048961
0.320798,0.5951759
0.4793893,0.5935461
0.478433,0.5840428
0.4874092,0.5832177
0.4885353,0.5927499
0.4941086,0.801695
0.5037178,0.8093583
0.5032619,0.8009154
0.6701127,0.2414646
0.6706475,0.2429817
0.6727329,0.2414646
0.6732446,0.2429817
0.7027401,0.3340946
0.7039989,0.3340946
0.7033025,0.3356909
0.7045382,0.3356909
0.7033025,0.3381093
0.704538,0.3381093
0.7033023,0.3932697
0.7599305,0.3356911
0.704538,0.3932697
0.7033023,0.3949467
0.704538,0.3949467
0.7599303,0.3949468
0.7599305,0.3381096
0.7599303,0.3932699
0.7625583,0.3949468
0.7625583,0.3932699
0.7625583,0.3381096
0.7625583,0.3356911
0.7605003,0.3340946
0.7631212,0.3340946
0.792987,0.2429817
0.7952141,0.2429817
0.7935282,0.2414646
0.7957481,0.2414646
0.7957481,0.2395986
0.7972649,0.2409307
0.7935284,0.2395986
0.7972649,0.2390554
0.8883771,0.2088377
0.8883771,0.2064287
0.8899742,0.2082752
0.8899742,0.2058567
0.7972649,0.118742
0.8883775,0.150146
0.8899742,0.1506968
0.8899742,0.1490196
0.8883775,0.1484569
0.7972649,0.1163641
0.7957481,0.118219
0.7957481,0.1158296
0.7935284,0.118219
0.6727327,0.2395986
0.670113,0.2414646
0.7935284,0.1158296
0.7952133,0.1143127
0.670113,0.2395986
0.6685959,0.2409301
0.6727327,0.118219
0.7929872,0.1143127
0.7631208,0.02320063
0.6685959,0.2390552
0.5774838,0.2088377
0.6727327,0.1158296
0.670113,0.118219
0.7604998,0.02320063
0.7625583,0.02160335
0.7599305,0.02160335
0.5774838,0.2064287
0.5758866,0.2082752
0.5758866,0.2058567
0.5758866,0.1506962
0.6732446,0.1143127
0.7039989,0.02320063
0.704538,0.02160335
0.7033023,0.02160335
0.7027401,0.02320063
0.6706473,0.1143127
0.670113,0.1158296
0.6685959,0.1163641
0.6685959,0.118742
0.5774838,0.1484569
0.5774838,0.150146
0.5758866,0.1490196
0.8968589,0.2408355
0.894639,0.2408355
0.8963251,0.2423523
0.8940978,0.2423523
0.8642325,0.3334652
0.8616114,0.3334652
0.8636694,0.3350624
0.7743554,0.2423523
0.8610413,0.3350619
0.8051099,0.3334652
0.8610415,0.3374804
0.8636694,0.3374806
0.8610406,0.3926409
0.8636684,0.3926409
0.8636684,0.394318
0.8610406,0.394318
0.805648,0.3926397
0.805648,0.394317
0.8044124,0.394317
0.8044124,0.3926397
0.805649,0.3374794
0.8044133,0.3374794
0.805649,0.3350614
0.8044136,0.3350612
0.8038511,0.3334652
0.7717586,0.2423523
0.773844,0.2408355
0.7712238,0.2408355
0.7738438,0.2389689
0.771224,0.2389689
0.8946393,0.2389689
0.8968587,0.2389689
0.8968587,0.2408355
0.8983757,0.2403009
0.8983757,0.2384258
0.9894879,0.2082082
0.9894879,0.2057991
0.9910851,0.2076457
0.9910851,0.2052274
0.898376,0.1181125
0.9894879,0.1495166
0.9910851,0.1500672
0.9910851,0.14839
0.9894879,0.1478275
0.898376,0.1157345
0.8968587,0.1175897
0.8968589,0.1152004
0.8946393,0.1175897
0.8968587,0.1152004
0.8946393,0.1152004
0.8963244,0.1136833
0.7738438,0.1175897
0.894098,0.1136833
0.8642318,0.02257124
0.7738438,0.1152004
0.8616107,0.02257124
0.8636692,0.02097408
0.8610413,0.02097408
0.7743556,0.1136835
0.8051099,0.02257124
0.805649,0.02097408
0.8044133,0.02097408
0.8038509,0.02257124
0.7717583,0.1136835
0.771224,0.1152004
0.771224,0.1175896
0.7697067,0.2384258
0.7697067,0.2403009
0.7712238,0.2408352
0.6785947,0.2082081
0.6785947,0.2057989
0.6769977,0.2076454
0.6769977,0.2052272
0.6769977,0.1500669
0.769707,0.1181122
0.6785947,0.1495164
0.6769977,0.1483897
0.6785947,0.1478274
0.769707,0.1157347
0.771224,0.1152002
0.8414462,0.2371902
0.8392263,0.23719
0.8409123,0.2387072
0.8386859,0.2387072
0.8088195,0.32982
0.8061984,0.32982
0.8082562,0.3314164
0.7189434,0.2387068
0.8056285,0.3314163
0.7496975,0.3298199
0.8056285,0.3338348
0.8082562,0.3338348
0.805628,0.3889951
0.8082559,0.3889951
0.8082559,0.3906722
0.805628,0.3906722
0.7502359,0.3889947
0.7502359,0.3906719
0.749,0.3906719
0.749,0.3889947
0.7502361,0.3338344
0.7490004,0.3338344
0.7502362,0.3314161
0.7490004,0.3314161
0.7484382,0.3298199
0.7163457,0.2387068
0.7184311,0.2371899
0.7158118,0.2371898
0.7184311,0.2353235
0.7158112,0.2353235
0.8392263,0.2353235
0.8414461,0.2353235
0.8414461,0.23719
0.8429632,0.2366557
0.8429632,0.2347804
0.9340753,0.204563
0.9340753,0.2021537
0.9356725,0.2040002
0.9356725,0.2015821
0.8429632,0.1144671
0.9340753,0.1458714
0.9356725,0.1464218
0.9356725,0.1447446
0.9340753,0.1441821
0.8429632,0.112089
0.8414461,0.1139443
0.8414461,0.111555
0.8392263,0.1139443
0.8414461,0.111555
0.8392264,0.111555
0.8409119,0.110038
0.7184311,0.1139443
0.8386856,0.110038
0.8088191,0.0189258
0.7184309,0.111555
0.8061985,0.0189258
0.8082566,0.0173287
0.8056288,0.0173287
0.7189432,0.1100379
0.7496976,0.0189258
0.7502365,0.0173287
0.7490007,0.0173287
0.7484383,0.01892575
0.7163455,0.1100379
0.7158112,0.111555
0.7158111,0.1139443
0.7142941,0.2347804
0.7142941,0.2366555
0.7158112,0.2371898
0.623182,0.2045629
0.623182,0.2021538
0.621585,0.2040002
0.621585,0.201582
0.6215848,0.1464217
0.7142941,0.1144669
0.6231819,0.1458713
0.6215848,0.1447446
0.6231819,0.144182
0.714294,0.1120892
0.7158111,0.1115548
0.8762152,0.2372788
0.8739953,0.2372788
0.8756812,0.2387959
0.8734548,0.2387959
0.8435884,0.3299087
0.8409674,0.3299087
0.8430254,0.3315045
0.7537124,0.2387959
0.8403976,0.3315048
0.7844665,0.3299089
0.8403976,0.3339229
0.8430254,0.3339229
0.8403988,0.389083
0.8430264,0.389083
0.8430264,0.3907604
0.8403988,0.3907604
0.7850063,0.389084
0.7850063,0.3907614
0.7837706,0.3907614
0.7837706,0.3890843
0.7850053,0.3339241
0.7837696,0.3339241
0.7850053,0.3315055
0.7837696,0.3315057
0.7832072,0.3299089
0.7511146,0.2387959
0.7531998,0.2372788
0.7505805,0.2372788
0.7531998,0.2354123
0.7505798,0.2354123
0.8739953,0.2354123
0.8762147,0.2354123
0.8762147,0.2372788
0.8777318,0.2367444
0.8777318,0.2348697
0.9688439,0.2046517
0.9688439,0.2022429
0.9704411,0.2040894
0.9704411,0.2016709
0.877732,0.1145559
0.9688439,0.1459601
0.9704411,0.1465105
0.9704411,0.1448334
0.9688439,0.144271
0.877732,0.1121782
0.8762147,0.114033
0.876215,0.1116439
0.8739953,0.114033
0.876215,0.1116441
0.8739953,0.1116439
0.8756807,0.1101268
0.7531998,0.114033
0.8734543,0.1101268
0.8435879,0.01901472
0.7531998,0.1116437
0.8409674,0.01901472
0.8430254,0.01741758
0.8403978,0.01741758
0.7537119,0.1101268
0.7844665,0.01901472
0.7850053,0.01741737
0.7837696,0.01741737
0.7832072,0.01901472
0.7511144,0.1101268
0.7505798,0.1116439
0.7505801,0.114033
0.749063,0.2348692
0.749063,0.2367445
0.7505798,0.2372791
0.6579509,0.2046516
0.6579509,0.2022423
0.6563535,0.204089
0.6563535,0.2016707
0.6563537,0.1465105
0.749063,0.1145559
0.6579509,0.14596
0.6563537,0.1448334
0.6579509,0.1442708
0.749063,0.1121782
0.7505801,0.1116437
1
5244
0
1
2
1
3
2
1
4
3
3
5
2
5
6
2
4
7
3
4
8
7
9
5
3
7
9
3
5
10
6
10
11
6
8
12
7
8
13
12
12
14
7
14
9
7
13
15
12
12
15
14
13
16
15
16
17
15
17
18
15
18
19
15
15
19
14
18
20
19
20
21
19
19
21
14
20
22
21
14
23
9
21
23
14
22
24
21
22
25
24
25
26
24
21
24
27
23
21
27
24
26
27
23
28
9
23
27
28
9
28
5
28
10
5
27
29
28
28
29
10
26
30
27
27
30
29
29
31
10
10
31
11
31
32
11
30
26
33
26
34
33
30
35
29
30
33
35
29
35
31
33
36
35
31
37
32
35
37
31
35
36
37
37
38
32
36
39
37
37
39
38
39
40
38
41
42
43
42
44
43
42
45
44
43
44
46
47
43
46
45
48
44
45
49
48
46
50
47
50
51
47
46
44
52
44
48
52
49
53
48
49
54
53
55
50
46
52
55
46
50
56
51
56
57
51
52
48
58
48
53
58
54
59
53
59
54
60
61
59
60
59
61
62
53
59
63
63
59
62
58
53
63
63
62
64
65
63
64
63
65
58
65
64
66
58
67
52
65
67
58
67
55
52
68
65
66
68
66
69
67
65
70
67
70
55
65
68
70
71
68
69
71
69
72
70
73
55
55
73
50
73
56
50
70
68
74
70
74
73
68
71
74
75
71
72
75
72
76
71
75
77
77
75
76
74
71
77
77
76
78
79
77
78
74
77
79
79
78
80
81
79
80
74
82
73
73
82
56
82
74
79
79
81
83
82
79
83
82
83
56
83
81
84
56
83
57
85
83
84
83
85
57
86
87
88
89
86
88
86
89
90
91
86
90
90
89
92
89
93
92
93
94
92
91
90
95
95
90
92
96
91
95
97
96
95
98
97
95
98
95
99
99
95
92
100
98
99
94
101
92
92
101
99
100
99
102
101
102
99
101
94
103
94
104
103
104
105
103
105
106
103
106
105
107
108
106
107
109
100
102
109
102
110
111
109
110
111
110
112
113
111
112
113
112
114
115
113
114
115
114
116
117
115
116
115
117
118
119
115
118
113
115
119
119
118
120
111
113
121
121
113
119
122
119
120
121
119
122
123
111
121
109
111
123
124
122
120
125
124
120
126
121
122
123
121
126
127
124
125
128
127
125
124
129
122
129
124
127
129
126
122
130
129
127
131
129
130
129
131
126
132
131
130
132
133
131
134
123
126
131
134
126
133
135
131
131
135
134
135
133
136
137
135
136
136
138
137
138
139
137
140
139
138
141
140
138
142
141
138
143
142
138
144
142
143
145
144
143
145
143
146
147
145
146
147
146
148
149
147
148
149
148
150
151
149
150
151
150
152
153
151
152
153
152
154
155
153
154
156
157
158
159
156
158
160
156
159
161
160
159
162
160
161
161
159
163
164
162
161
165
161
163
164
161
165
164
166
162
166
167
162
166
164
168
168
164
165
169
166
168
170
169
168
171
170
168
165
163
172
172
163
173
174
172
173
172
174
175
168
165
176
171
168
176
176
165
172
177
172
175
176
172
177
177
175
178
171
176
179
179
176
177
180
171
179
181
177
178
179
177
181
181
178
182
180
179
183
183
179
181
184
180
183
185
181
182
183
181
185
185
182
186
184
183
187
187
183
185
188
184
187
189
185
186
187
185
189
189
186
190
188
187
191
191
187
189
192
188
191
193
189
190
191
189
193
193
190
194
195
193
194
192
191
196
196
191
193
196
193
195
197
192
196
198
196
195
197
196
198
198
195
199
200
198
199
201
197
198
201
198
200
202
197
201
203
201
200
204
202
201
203
205
201
205
204
201
206
207
208
209
206
208
208
210
209
211
206
209
210
212
209
210
213
212
214
211
209
215
211
214
213
216
212
213
217
216
209
212
218
214
209
218
219
215
214
220
215
219
217
221
216
217
222
221
212
216
223
218
212
223
214
218
224
219
214
224
222
225
221
225
222
226
221
227
216
227
223
216
218
223
228
224
218
228
229
225
226
226
230
229
221
225
231
227
221
231
231
225
229
227
232
223
232
228
223
230
233
229
230
234
233
235
231
229
229
233
235
227
231
236
232
227
236
236
231
235
234
237
233
234
238
237
233
239
235
233
237
239
238
240
237
238
241
240
237
242
239
237
240
242
239
243
235
243
239
242
244
236
235
243
244
235
232
236
245
245
236
244
241
246
240
241
247
246
247
248
246
248
249
246
249
250
246
246
250
240
250
251
240
240
251
242
250
252
251
252
253
251
251
253
242
252
254
253
253
255
242
255
243
242
254
256
253
253
256
255
254
257
256
257
258
256
257
259
258
259
260
258
259
261
260
256
258
262
258
260
262
256
263
255
263
256
262
264
243
255
263
264
255
261
265
260
261
266
265
260
267
262
260
265
267
263
262
268
264
263
268
243
264
269
244
243
269
269
245
244
269
264
270
264
268
270
271
268
262
267
271
262
272
245
269
270
272
269
270
268
273
268
271
273
266
274
265
266
275
274
276
245
272
276
232
245
232
276
228
277
272
270
273
277
270
278
276
272
278
272
277
276
279
228
276
278
279
224
228
279
280
224
279
219
224
280
278
281
279
280
279
281
282
278
277
278
282
281
283
277
273
282
277
283
284
219
280
284
220
219
285
280
281
284
280
285
282
286
281
285
281
286
287
283
273
273
271
287
282
288
286
288
282
283
271
289
287
289
271
267
290
289
267
265
290
267
291
290
265
274
291
265
292
289
290
291
292
290
293
287
289
292
293
289
294
283
287
293
294
287
295
288
283
294
295
283
288
296
286
288
295
296
297
286
296
297
285
286
298
285
297
298
284
285
298
299
284
299
220
284
299
300
220
300
301
220
300
302
301
302
303
301
302
304
303
304
305
303
306
304
302
307
306
302
307
302
300
308
306
307
309
308
307
310
307
300
309
307
310
310
300
299
311
309
310
312
310
299
311
310
312
312
299
298
313
311
312
314
312
298
313
312
314
314
298
297
315
313
314
316
313
315
314
297
317
315
314
317
317
297
296
318
316
315
318
315
317
319
316
318
320
317
296
320
318
317
321
319
318
321
318
320
322
319
321
323
320
296
295
323
296
324
322
321
325
322
324
326
325
324
327
321
320
324
321
327
327
320
323
326
324
328
328
324
327
329
326
328
295
330
323
330
295
294
331
327
323
328
327
331
330
331
323
329
328
332
332
328
331
333
329
332
334
333
332
335
332
331
330
335
331
335
334
332
336
330
294
335
330
336
336
294
293
334
335
337
337
335
336
338
334
337
339
336
293
337
336
339
339
293
292
338
337
340
340
337
339
341
338
340
342
339
292
340
339
342
342
292
291
341
340
343
343
340
342
344
341
343
345
342
291
343
342
345
345
291
274
344
343
346
346
343
345
347
344
346
348
345
274
346
345
348
275
348
274
347
346
349
349
346
348
350
347
349
351
350
349
352
351
349
352
349
348
275
352
348
353
352
275
354
353
275
355
356
357
356
358
357
356
359
358
357
358
360
359
361
358
358
362
360
362
358
361
360
362
363
364
362
361
362
365
363
365
362
364
366
365
364
367
365
366
368
367
366
369
367
368
370
369
368
371
372
373
372
374
373
373
374
375
376
373
375
375
377
376
375
378
377
378
379
377
377
379
380
377
381
376
382
377
380
381
377
382
382
380
383
384
382
383
385
381
382
385
382
384
386
381
385
387
386
385
387
385
388
388
385
384
389
387
388
389
388
390
135
389
390
135
390
134
390
388
391
390
391
134
388
384
391
391
123
134
391
109
123
391
384
109
384
392
109
393
394
395
394
396
395
394
397
396
397
398
396
399
396
398
395
396
399
400
399
398
399
400
401
402
395
399
403
395
402
404
403
402
405
399
401
402
399
405
405
401
406
407
405
406
404
402
408
408
402
405
408
405
407
409
404
408
410
408
407
409
408
410
411
409
410
412
413
414
415
412
414
414
416
415
417
412
415
416
418
415
416
419
418
419
420
418
421
417
415
415
418
421
422
417
421
418
420
423
418
423
421
420
424
423
424
425
423
426
422
421
421
423
426
422
426
427
426
428
427
428
426
429
425
430
423
423
430
426
426
430
429
430
425
431
429
430
431
432
433
434
435
432
434
436
432
435
437
436
435
437
435
438
435
434
439
435
439
438
434
440
439
438
439
441
439
440
442
439
443
441
443
439
442
444
445
446
445
447
446
445
448
447
446
447
449
448
450
447
448
451
450
451
452
450
447
453
449
447
450
453
450
452
454
450
454
453
452
455
454
449
453
456
453
454
456
457
449
456
457
456
458
459
457
458
454
460
456
456
460
458
454
455
461
460
454
461
461
455
462
455
463
462
460
461
464
464
461
462
464
462
465
466
460
464
460
466
458
458
467
459
467
468
459
468
467
469
464
470
466
470
464
465
466
471
458
471
467
458
470
471
466
467
472
469
467
471
472
469
472
473
471
474
472
471
470
474
472
475
473
472
474
475
475
476
473
476
477
473
476
478
477
478
479
477
480
478
476
481
480
476
481
476
475
482
480
481
483
482
481
484
483
481
485
481
475
474
485
475
485
484
481
474
486
485
470
486
474
486
484
485
486
470
484
470
465
484
487
484
465
488
487
465
488
489
487
490
489
488
489
491
487
492
491
489
493
492
489
493
489
490
493
494
492
494
495
492
496
495
494
497
493
490
494
493
497
498
496
494
499
494
497
498
494
499
500
497
490
497
500
499
501
500
490
500
502
499
463
501
490
502
503
499
504
463
490
504
490
488
463
504
462
503
505
499
505
498
499
503
506
505
506
507
505
498
505
507
506
508
507
504
488
509
504
509
462
510
498
507
496
498
510
511
496
510
511
510
512
512
510
507
513
511
512
514
513
512
515
514
512
508
516
507
516
512
507
515
512
516
508
517
516
518
515
516
517
518
516
509
519
462
462
519
520
519
509
520
465
462
520
509
521
520
465
520
521
488
521
509
488
465
521
522
523
524
525
522
524
526
522
525
525
524
527
528
526
525
529
526
528
530
529
528
531
530
528
532
528
525
532
531
528
533
525
527
533
532
525
534
533
527
535
534
527
536
532
533
534
536
533
537
534
535
536
534
537
538
537
535
537
538
539
540
537
539
539
541
540
542
531
532
536
542
532
542
543
531
543
542
536
544
536
537
544
537
540
544
543
536
541
545
540
541
546
545
547
544
540
543
544
547
545
548
540
548
547
540
546
549
545
545
549
548
550
549
546
551
550
546
551
552
550
552
553
550
549
550
554
549
554
548
550
553
555
550
555
554
553
556
555
556
557
555
557
558
555
555
558
559
554
555
559
547
548
560
560
543
547
560
561
543
548
554
562
548
562
560
554
559
562
560
562
561
562
559
561
559
563
561
563
564
561
563
565
564
561
566
543
543
566
531
567
531
566
561
564
568
561
568
566
569
567
566
568
570
566
566
570
569
568
571
570
564
571
568
571
572
570
570
572
569
572
571
564
569
572
564
569
573
567
569
564
573
573
574
567
565
575
564
564
575
573
575
565
576
575
576
573
565
577
576
573
578
574
576
578
573
578
579
574
576
577
580
576
580
578
577
581
580
578
582
579
580
582
578
582
583
579
582
584
583
584
582
580
584
585
583
580
581
586
586
584
580
584
586
587
581
588
586
586
588
587
588
589
587
589
590
587
585
584
591
591
584
587
592
585
591
592
591
593
593
591
587
594
592
593
595
594
593
596
595
593
590
597
587
597
593
587
596
593
597
590
598
597
599
596
597
598
599
597
600
601
602
601
603
602
601
604
603
602
603
605
604
606
603
604
607
606
607
608
606
603
609
605
603
606
609
606
608
610
606
610
609
608
611
610
605
609
612
613
605
612
609
610
614
612
609
614
613
612
615
612
614
615
616
613
615
614
610
617
610
611
617
614
617
618
614
618
615
615
619
616
619
620
616
620
619
621
617
611
622
617
622
618
618
623
615
623
619
615
619
624
621
621
624
625
626
624
619
623
626
619
627
623
618
622
627
618
624
628
625
624
626
628
629
626
623
627
629
623
626
629
630
626
630
628
628
631
625
631
632
625
629
627
633
629
633
630
630
634
628
634
631
628
630
633
634
631
635
632
635
636
632
637
635
631
634
637
631
638
637
634
639
638
634
633
639
634
627
640
633
640
641
633
641
642
633
627
622
640
643
642
641
622
644
640
611
644
622
644
611
645
611
646
645
646
647
645
644
648
640
644
645
648
648
649
640
640
649
641
648
650
649
645
650
648
650
651
649
649
651
641
651
650
645
641
651
645
647
652
645
645
652
641
647
653
652
654
643
641
652
654
641
655
643
654
656
654
652
656
655
654
653
657
652
657
656
652
656
658
655
658
656
657
658
659
655
660
659
658
657
653
661
661
658
657
653
662
661
662
663
661
664
660
658
664
658
661
663
665
661
665
664
661
663
666
665
666
667
665
664
665
667
666
668
667
660
664
669
669
664
667
670
660
669
668
671
667
669
667
671
668
672
671
672
673
671
673
674
671
670
669
675
675
669
671
674
675
671
676
670
675
674
677
675
677
676
675
678
679
680
679
681
680
679
682
681
680
681
683
682
684
681
682
685
684
685
686
684
684
686
687
681
684
688
688
684
687
681
689
683
689
681
688
683
689
690
691
683
690
689
688
692
690
689
692
691
690
693
690
692
693
694
691
693
688
687
695
692
688
695
695
687
696
687
697
696
692
695
698
698
695
696
698
696
699
696
700
699
701
692
698
692
701
693
698
699
701
693
702
694
702
703
694
703
702
704
701
705
693
699
705
701
705
702
693
702
706
704
704
706
707
705
708
702
708
706
702
705
699
708
706
709
707
706
708
709
709
710
707
710
711
707
708
712
709
709
712
710
699
713
708
708
713
712
713
699
714
713
714
712
699
700
714
710
715
711
715
716
711
717
715
710
712
718
710
718
717
710
712
714
718
719
717
718
720
719
718
714
720
718
721
714
700
722
721
700
722
723
721
723
724
721
723
725
724
725
726
724
727
723
722
725
723
727
725
728
726
728
729
726
730
725
727
728
725
730
728
731
729
731
732
729
733
728
730
731
728
733
732
731
734
735
732
734
735
734
736
737
735
736
738
737
736
739
738
736
734
731
740
736
734
740
739
736
741
741
736
740
742
739
741
743
742
741
744
743
741
744
741
740
745
744
740
731
746
740
745
740
746
746
731
733
747
745
746
748
747
746
733
748
746
749
748
733
730
749
733
750
749
730
727
750
730
697
750
727
751
697
727
751
727
722
697
751
696
751
722
752
751
752
696
722
753
752
722
700
753
752
754
696
696
754
700
754
752
753
754
755
700
755
754
753
700
755
753
756
757
758
757
759
758
757
760
759
758
759
761
760
762
759
760
763
762
763
764
762
759
765
761
759
762
765
762
764
766
762
766
765
764
767
766
761
765
768
769
761
768
765
766
770
768
765
770
769
768
771
768
770
771
772
769
771
770
766
773
766
767
773
770
773
774
770
774
771
771
775
772
775
776
772
776
775
777
773
767
778
773
778
774
774
779
771
779
775
771
775
780
777
777
780
781
782
780
775
779
782
775
783
779
774
778
783
774
780
784
781
780
782
784
785
782
779
783
785
779
782
785
786
782
786
784
784
787
781
787
788
781
785
783
789
785
789
786
786
790
784
790
787
784
786
789
790
787
791
788
791
792
788
793
791
787
790
793
787
794
793
790
795
794
790
789
795
790
783
796
789
796
797
789
797
798
789
783
778
796
799
798
797
778
800
796
767
800
778
800
767
801
767
802
801
802
803
801
800
804
796
800
801
804
804
805
796
796
805
797
804
806
805
801
806
804
806
807
805
805
807
797
807
806
801
797
807
801
803
808
801
801
808
797
803
809
808
810
799
797
808
810
797
811
799
810
812
810
808
812
811
810
809
813
808
813
812
808
812
814
811
814
812
813
814
815
811
816
815
814
813
809
817
817
814
813
809
818
817
818
819
817
820
816
814
820
814
817
819
821
817
821
820
817
819
822
821
822
823
821
820
821
823
822
824
823
816
820
825
825
820
823
826
816
825
824
827
823
825
823
827
824
828
827
828
829
827
829
830
827
826
825
831
831
825
827
830
831
827
832
826
831
830
833
831
833
832
831
834
835
836
835
837
836
835
838
837
836
837
839
838
840
837
838
841
840
841
842
840
840
842
843
837
840
844
844
840
843
837
845
839
845
837
844
839
845
846
847
839
846
845
844
848
846
845
848
847
846
849
846
848
849
850
847
849
844
843
851
848
844
851
851
843
852
852
843
853
843
854
853
854
855
853
848
851
856
856
851
852
856
852
857
858
848
856
848
858
849
856
857
858
849
859
850
859
860
850
860
859
861
858
862
849
857
862
858
862
859
849
859
863
861
861
863
864
862
865
859
865
863
859
862
857
865
863
866
864
863
865
866
864
866
867
866
868
867
867
868
869
868
870
869
865
871
866
866
871
868
868
872
870
871
872
868
872
873
870
874
873
872
875
874
872
876
875
872
871
876
872
865
877
871
857
877
865
877
876
871
877
857
876
857
878
876
852
878
857
878
879
876
879
880
876
878
852
881
878
881
879
879
882
880
882
883
880
852
884
881
852
853
884
879
853
882
884
885
881
853
885
884
881
886
879
885
886
881
879
886
853
886
885
853
882
887
883
887
888
883
853
889
882
889
853
855
889
890
882
889
855
890
890
887
882
855
891
890
887
892
888
892
887
890
892
893
888
890
891
894
894
892
890
891
895
894
892
896
893
896
892
894
896
897
893
894
895
898
898
896
894
895
899
898
899
900
898
900
901
898
896
898
901
900
902
901
897
896
903
903
896
901
904
897
903
904
903
905
905
903
901
906
904
905
907
906
905
908
907
905
902
909
901
909
905
901
908
905
909
902
910
909
911
908
909
910
911
909
912
913
914
913
915
914
913
916
915
916
917
915
916
918
917
918
919
917
918
920
919
920
921
919
920
922
921
917
919
923
919
921
923
922
924
921
922
925
924
925
926
924
926
927
924
921
924
928
921
928
923
927
929
924
924
929
928
927
930
929
930
931
929
929
931
932
928
929
932
928
932
933
923
928
933
934
917
923
934
923
933
935
934
933
915
917
934
936
934
935
936
915
934
937
936
935
915
936
938
938
936
937
939
938
937
914
915
938
938
939
940
940
939
941
914
938
942
942
938
940
943
940
941
941
944
943
944
945
943
944
946
945
946
947
945
940
943
948
948
943
945
945
947
949
949
948
945
947
950
949
950
951
949
951
952
949
949
952
948
952
953
948
954
940
948
948
953
954
942
940
954
953
955
954
956
942
954
956
954
955
957
942
956
957
914
942
958
914
957
959
956
955
959
955
960
961
958
957
962
958
961
963
957
956
963
956
959
961
957
963
964
959
960
964
960
965
966
962
961
967
962
966
968
963
959
968
959
964
969
961
963
961
969
966
969
963
968
970
964
965
970
965
971
972
970
971
973
967
966
974
967
973
975
974
973
976
975
973
977
964
970
977
968
964
978
970
972
978
977
970
979
978
972
979
980
978
980
981
978
978
981
977
981
982
977
977
982
968
982
983
968
983
969
968
969
983
984
985
969
984
969
985
966
966
985
973
984
986
985
985
987
973
986
987
985
987
976
973
986
988
987
988
976
987
989
990
991
990
992
991
991
992
993
992
994
993
993
994
995
996
992
990
992
996
994
994
997
995
996
998
994
994
998
997
997
999
995
999
1000
995
999
1001
1000
1001
1002
1000
1003
1002
1001
1004
1003
1001
1004
1001
1005
1005
1001
999
1006
1004
1005
1007
1006
1005
1008
1007
1005
1009
1005
999
1008
1005
1009
1009
999
997
1010
1008
1009
1011
1009
997
1010
1009
1011
998
1011
997
1012
1010
1011
1012
1011
998
1013
1012
998
1013
998
996
1014
1013
996
1014
996
1015
1016
1014
1015
1015
996
990
1016
1015
1017
1018
1016
1017
1015
990
1019
1017
1015
1019
1019
990
1020
990
1021
1020
1020
1021
1022
1023
1020
1022
1022
1024
1023
1024
1025
1023
1024
1026
1025
1026
1027
1025
1020
1023
1028
1028
1023
1025
1025
1027
1029
1029
1028
1025
1027
1030
1029
1030
1031
1029
1031
1032
1029
1029
1032
1028
1032
1033
1028
1034
1020
1028
1028
1033
1034
1033
1035
1034
1019
1020
1034
1036
1019
1034
1036
1034
1037
1017
1019
1036
1038
1036
1037
1038
1037
1039
1040
1017
1036
1040
1036
1038
1018
1017
1040
1041
1038
1039
1041
1039
1042
1043
1040
1038
1043
1038
1041
1044
1041
1042
1044
1042
1045
1046
1044
1045
1047
1041
1044
1047
1043
1041
1048
1044
1046
1048
1047
1044
1049
1048
1046
1049
1050
1048
1050
1051
1048
1048
1051
1047
1051
1052
1047
1047
1052
1043
1052
1053
1043
1053
1054
1043
1054
1040
1043
1054
1018
1040
1018
1054
1055
1055
1056
1018
1056
1057
1018
1058
1056
1055
1059
1058
1055
1060
1058
1059
1061
1060
1059
1062
1061
1059
1054
1063
1055
1055
1063
1059
1064
1062
1059
1063
1064
1059
1065
1062
1064
1066
1065
1064
1066
1064
1063
1067
1066
1063
1063
1054
1067
1054
1068
1067
1069
1070
1071
1070
1072
1071
1071
1072
1073
1072
1074
1073
1073
1074
1075
1076
1072
1070
1072
1076
1074
1074
1077
1075
1076
1078
1074
1074
1078
1077
1077
1079
1075
1079
1080
1075
1079
1081
1080
1081
1082
1080
1083
1082
1081
1084
1083
1081
1084
1081
1085
1085
1081
1079
1086
1084
1085
1087
1086
1085
1088
1087
1085
1089
1085
1079
1088
1085
1089
1089
1079
1077
1090
1088
1089
1091
1089
1077
1090
1089
1091
1078
1091
1077
1092
1090
1091
1092
1091
1078
1093
1092
1078
1093
1078
1076
1094
1093
1076
1094
1076
1095
1096
1094
1095
1095
1076
1070
1096
1095
1097
1098
1096
1097
1095
1070
1099
1097
1095
1099
1099
1070
1100
1070
1101
1100
1100
1101
1102
1103
1100
1102
1102
1104
1103
1104
1105
1103
1104
1106
1105
1106
1107
1105
1100
1103
1108
1108
1103
1105
1105
1107
1109
1109
1108
1105
1107
1110
1109
1110
1111
1109
1111
1112
1109
1109
1112
1108
1112
1113
1108
1114
1100
1108
1108
1113
1114
1113
1115
1114
1099
1100
1114
1116
1099
1114
1116
1114
1117
1097
1099
1116
1118
1116
1117
1118
1117
1119
1120
1097
1116
1120
1116
1118
1098
1097
1120
1121
1118
1119
1121
1119
1122
1123
1120
1118
1123
1118
1121
1124
1121
1122
1124
1122
1125
1126
1124
1125
1127
1121
1124
1127
1123
1121
1128
1124
1126
1128
1127
1124
1129
1128
1126
1129
1130
1128
1130
1131
1128
1128
1131
1127
1131
1132
1127
1127
1132
1123
1132
1133
1123
1133
1134
1123
1134
1120
1123
1134
1098
1120
1098
1134
1135
1135
1136
1098
1136
1137
1098
1138
1136
1135
1139
1138
1135
1140
1138
1139
1141
1140
1139
1142
1141
1139
1134
1143
1135
1135
1143
1139
1144
1142
1139
1143
1144
1139
1145
1142
1144
1146
1145
1144
1146
1144
1143
1147
1146
1143
1143
1134
1147
1134
1148
1147
1149
1150
1151
1150
1152
1151
1151
1152
1153
1152
1154
1153
1153
1154
1155
1156
1152
1150
1152
1156
1154
1154
1157
1155
1156
1158
1154
1154
1158
1157
1157
1159
1155
1159
1160
1155
1159
1161
1160
1161
1162
1160
1163
1162
1161
1164
1163
1161
1164
1161
1165
1165
1161
1159
1166
1164
1165
1167
1166
1165
1168
1167
1165
1169
1165
1159
1168
1165
1169
1169
1159
1157
1170
1168
1169
1171
1169
1157
1170
1169
1171
1158
1171
1157
1172
1170
1171
1172
1171
1158
1173
1172
1158
1173
1158
1156
1174
1173
1156
1174
1156
1175
1176
1174
1175
1175
1156
1150
1176
1175
1177
1178
1176
1177
1175
1150
1179
1177
1175
1179
1179
1150
1180
1150
1181
1180
1180
1181
1182
1183
1180
1182
1182
1184
1183
1184
1185
1183
1184
1186
1185
1186
1187
1185
1180
1183
1188
1188
1183
1185
1185
1187
1189
1189
1188
1185
1187
1190
1189
1190
1191
1189
1191
1192
1189
1189
1192
1188
1192
1193
1188
1194
1180
1188
1188
1193
1194
1193
1195
1194
1179
1180
1194
1196
1179
1194
1196
1194
1197
1177
1179
1196
1198
1196
1197
1198
1197
1199
1200
1177
1196
1200
1196
1198
1178
1177
1200
1201
1198
1199
1201
1199
1202
1203
1200
1198
1203
1198
1201
1204
1201
1202
1204
1202
1205
1206
1204
1205
1207
1201
1204
1207
1203
1201
1208
1204
1206
1208
1207
1204
1209
1208
1206
1209
1210
1208
1210
1211
1208
1208
1211
1207
1211
1212
1207
1207
1212
1203
1212
1213
1203
1213
1214
1203
1214
1200
1203
1214
1178
1200
1178
1214
1215
1215
1216
1178
1216
1217
1178
1218
1216
1215
1219
1218
1215
1220
1218
1219
1221
1220
1219
1222
1221
1219
1214
1223
1215
1215
1223
1219
1224
1222
1219
1223
1224
1219
1225
1222
1224
1226
1225
1224
1226
1224
1223
1227
1226
1223
1223
1214
1227
1214
1228
1227
