MESH3
PFB_Basket
96
0.2378613,0.6221092,0.2771362
-0.2378613,0.6221092,0.2771362
0.157121,4.401095E-05,0.1963956
-0.157121,4.401095E-05,0.1963956
0.157121,4.401095E-05,-0.1963956
-0.157121,4.401095E-05,-0.1963956
0.2378613,0.6221092,-0.2771362
-0.2378613,0.6221092,-0.2771362
-0.2771362,0.6221092,0.237861
-0.2771362,0.6221092,-0.237861
-0.1963959,4.401095E-05,0.1571204
-0.1963959,4.401095E-05,-0.1571204
0.2771362,0.6221092,-0.237861
0.2771362,0.6221092,0.237861
0.1963959,4.401095E-05,-0.1571204
0.1963959,4.401095E-05,0.1571204
0.1963959,4.401095E-05,0.1571204
0.2771362,0.6221092,0.237861
0.157121,4.401095E-05,0.1963956
0.2378613,0.6221092,0.2771362
-0.157121,4.401095E-05,0.1963956
-0.2378613,0.6221092,0.2771362
-0.1963959,4.401095E-05,0.1571204
-0.2771362,0.6221092,0.237861
0.2771362,0.6221092,-0.237861
0.1963959,4.401095E-05,-0.1571204
0.2378613,0.6221092,-0.2771362
0.157121,4.401095E-05,-0.1963956
-0.2378613,0.6221092,-0.2771362
-0.157121,4.401095E-05,-0.1963956
-0.2771362,0.6221092,-0.237861
-0.1963959,4.401095E-05,-0.1571204
-0.157121,4.401095E-05,0.1963956
-0.1963959,4.401095E-05,0.1571204
0.157121,4.401095E-05,0.1963956
0.1963959,4.401095E-05,0.1571204
-0.1963959,4.401095E-05,-0.1571204
0.1963959,4.401095E-05,-0.1571204
-0.157121,4.401095E-05,-0.1963956
0.157121,4.401095E-05,-0.1963956
-0.1542864,0.02739547,0.1797616
0.154287,0.02739547,0.1797616
0.1797622,0.02739547,0.1542863
-0.1797616,0.02739547,0.1542863
-0.1797616,0.02739547,-0.1542865
0.1797622,0.02739547,-0.1542865
0.154287,0.02739547,-0.1797619
-0.1542864,0.02739547,-0.1797619
0.2586609,0.6221092,-0.2220038
0.1797622,0.02739547,-0.1542865
0.2586609,0.6221092,0.2220035
0.1797622,0.02739547,0.1542863
0.2586609,0.6221092,0.2220035
0.1797622,0.02739547,0.1542863
0.2220044,0.6221092,0.2586603
0.154287,0.02739547,0.1797616
0.2220044,0.6221092,0.2586603
0.154287,0.02739547,0.1797616
-0.2220038,0.6221092,0.2586603
-0.1542864,0.02739547,0.1797616
-0.2220038,0.6221092,0.2586603
-0.1542864,0.02739547,0.1797616
-0.2586603,0.6221092,0.2220035
-0.1797616,0.02739547,0.1542863
-0.2586603,0.6221092,0.2220035
-0.1797616,0.02739547,0.1542863
-0.2586603,0.6221092,-0.2220038
-0.1797616,0.02739547,-0.1542865
-0.2586603,0.6221092,-0.2220038
-0.1797616,0.02739547,-0.1542865
-0.2220038,0.6221092,-0.2586606
-0.1542864,0.02739547,-0.1797619
-0.2220038,0.6221092,-0.2586606
-0.1542864,0.02739547,-0.1797619
0.2220044,0.6221092,-0.2586606
0.154287,0.02739547,-0.1797619
0.2220044,0.6221092,-0.2586606
0.154287,0.02739547,-0.1797619
0.2586609,0.6221092,-0.2220038
0.1797622,0.02739547,-0.1542865
-0.2378613,0.6221092,-0.2771362
-0.2220038,0.6221092,-0.2586606
0.2378613,0.6221092,-0.2771362
-0.2586603,0.6221092,-0.2220038
0.2220044,0.6221092,-0.2586606
-0.2771362,0.6221092,-0.237861
0.2771362,0.6221092,-0.237861
-0.2586603,0.6221092,0.2220035
0.2586609,0.6221092,-0.2220038
-0.2771362,0.6221092,0.237861
0.2771362,0.6221092,0.237861
-0.2220038,0.6221092,0.2586603
0.2586609,0.6221092,0.2220035
-0.2378613,0.6221092,0.2771362
0.2378613,0.6221092,0.2771362
0.2220044,0.6221092,0.2586603
96
0.2114086,0.0214619
0.008287041,0.0214619
0.1769346,0.2870682
0.04276112,0.2870682
0.04357232,0.2746523
0.1777458,0.2746523
0.009098328,0.009046011
0.2122198,0.009046022
0.2161602,0.01213362
0.01303869,0.01213367
0.181686,0.2777399
0.04751301,0.27774
0.2174375,0.01285645
0.01431612,0.01285648
0.1829633,0.2784628
0.04879032,0.2784628
0.1279408,0.2826248
0.1254525,0.009771705
0.0966986,0.2858671
0.09421027,0.01301406
0.1275592,0.2860807
0.1262695,0.01301961
0.09634765,0.2936822
0.09505732,0.0206212
0.09979183,0.01460417
0.1010814,0.2876653
0.131004,0.007002622
0.1322933,0.2800638
0.09713545,0.009444818
0.09962391,0.2822977
0.1283776,0.0062024
0.1308663,0.2790552
0.4410622,0.0663297
0.4242929,0.04956017
0.4410622,0.200503
0.4242929,0.2172724
0.2901197,0.04956017
0.2901197,0.2172724
0.2733504,0.0663297
0.2733504,0.200503
0.2792756,0.06831054
0.2792756,0.2000636
0.2901529,0.2109409
0.2901529,0.05743311
0.4219058,0.05743311
0.4219058,0.2109409
0.4327832,0.2000636
0.4327832,0.06831054
0.01982049,0.02628296
0.04873422,0.2802109
0.2094006,0.02628298
0.180487,0.2802109
0.188747,0.01594178
0.1616724,0.2700723
0.2043982,0.01582849
0.1725492,0.2699936
0.0131371,0.01758291
0.04205066,0.2715109
0.2027175,0.01758294
0.1738039,0.2715109
0.1864303,0.02069019
0.1566235,0.275103
0.2016009,0.02454007
0.1671666,0.2777784
0.02169562,0.02279343
0.05060916,0.2767216
0.2112757,0.02279341
0.182362,0.2767216
0.1866049,0.0199223
0.1595304,0.2740529
0.2022563,0.01980916
0.1704074,0.2739742
0.02178924,0.0252947
0.05070284,0.2792228
0.2113695,0.02529473
0.182456,0.2792228
0.1891773,0.01491778
0.1593705,0.2693304
0.2043479,0.01876746
0.1699138,0.2720059
0.4539407,0.2496625
0.4471699,0.2417738
0.2508191,0.2496625
0.4628214,0.2261223
0.2575895,0.2417738
0.4707102,0.232893
0.2340497,0.232893
0.4628214,0.03654233
0.2419381,0.2261223
0.4707102,0.02977152
0.2340497,0.02977152
0.4471699,0.02089078
0.2419381,0.03654233
0.4539407,0.01300205
0.2508191,0.01300205
0.2575895,0.02089078
1
180
0
1
2
1
3
2
4
5
6
5
7
6
8
9
10
9
11
10
12
13
14
13
15
14
16
17
18
17
19
18
20
21
22
21
23
22
24
25
26
25
27
26
28
29
30
29
31
30
32
33
34
33
35
34
33
36
35
36
37
35
36
38
37
38
39
37
40
41
42
43
40
42
44
43
42
45
44
42
45
46
44
46
47
44
48
49
50
49
51
50
52
53
54
53
55
54
56
57
58
57
59
58
60
61
62
61
63
62
64
65
66
65
67
66
68
69
70
69
71
70
72
73
74
73
75
74
76
77
78
77
79
78
80
81
82
83
81
80
81
84
82
85
83
80
82
84
86
87
83
85
84
88
86
89
87
85
86
88
90
91
87
89
88
92
90
93
91
89
90
92
94
95
91
93
92
95
94
94
95
93
