MESH3
PFB_Lamp
220
0.1088228,0.1490206,0.05764833
0.1088228,0.1490206,-0.05764837
-0.1088228,0.1490206,0.05764833
-0.1088228,0.1490206,-0.05764837
0.1088228,-2.351694E-05,-0.05764837
0.1088228,-2.351694E-05,0.05764833
-0.1088228,-2.351694E-05,-0.05764837
-0.1088228,-2.351694E-05,0.05764833
-0.1088228,-2.351694E-05,0.05764833
-0.1088228,0.1490206,0.05764833
-0.1088228,-2.351694E-05,-0.05764837
-0.1088228,0.1490206,-0.05764837
0.1088228,-2.351694E-05,-0.05764837
0.1088228,0.1490206,-0.05764837
0.1088228,-2.351694E-05,0.05764833
0.1088228,0.1490206,0.05764833
0.06672449,0.04011895,0.05764833
0.06672449,0.04011895,-0.05764837
-0.06672448,0.04011895,0.05764833
-0.06672448,0.04011895,-0.05764837
-0.06672448,0.04011895,0.05764833
-0.06672448,0.04011895,-0.05764837
-0.06672448,0.1088782,0.05764833
-0.06672448,0.1088782,-0.05764837
0.06672449,0.1088782,0.05764833
0.06672449,0.1088782,-0.05764837
0.06672449,0.04011895,0.05764833
0.06672449,0.04011895,-0.05764837
-0.06672448,0.1088782,0.05764833
-0.06672448,0.1088782,-0.05764837
0.06672449,0.1088782,0.05764833
0.06672449,0.1088782,-0.05764837
0.007500004,0.1484796,0.007499981
-0.007499995,0.1484796,0.007499981
-0.007499995,0.1484796,-0.007500019
0.007500004,0.1484796,-0.007500019
-0.007499995,0.2051234,-0.007500019
0.007500004,0.2051234,-0.007500019
0.007500004,0.1484796,0.007499981
0.007500004,0.2051234,0.007499981
-0.007499995,0.1484796,0.007499981
-0.007499995,0.2051234,0.007499981
-0.007499995,0.1484796,-0.007500019
-0.007499995,0.2051234,-0.007500019
0.01930528,0.2051234,0.01790667
0.01930528,0.2631267,0.01790667
-0.01930527,0.2051234,0.01790667
-0.01930527,0.2631267,0.01790667
0.007500004,0.2631267,0.007499981
0.007500004,0.2631267,-0.007500019
-0.007499995,0.2631267,0.007499981
0.01930528,0.2631267,-0.0179067
0.01930528,0.2051234,0.01790667
0.01930528,0.2051234,-0.0179067
-0.007499995,0.2631267,-0.007500019
-0.01930527,0.2631267,-0.0179067
0.01930528,0.2051234,-0.0179067
-0.01930527,0.2051234,-0.0179067
-0.01930527,0.2051234,-0.0179067
-0.01930527,0.2051234,0.01790667
0.1543785,0.1903084,-0.09936284
0.1543785,0.3373034,-0.09936284
-0.1543784,0.1903084,-0.09936284
-0.1543784,0.3373034,-0.09936284
0.1543784,0.1903084,0.09936283
0.1543784,0.3373034,0.09936283
0.1543785,0.1903084,-0.09936284
0.1543785,0.3373034,-0.09936284
-0.1543785,0.1903084,0.0993628
-0.1543785,0.3373034,0.0993628
0.1543784,0.1903084,0.09936283
0.1543784,0.3373034,0.09936283
-0.1543784,0.1903084,-0.09936284
-0.1543784,0.3373034,-0.09936284
-0.1543785,0.1903084,0.0993628
-0.1543785,0.3373034,0.0993628
0.1578712,0.3373034,-0.1016109
-0.1578712,0.3373034,-0.1016109
-0.1543784,0.3373034,-0.09936284
0.1543785,0.3373034,-0.09936284
0.1578711,0.3373034,0.1016109
0.1543784,0.3373034,0.09936283
-0.1578712,0.3373034,0.1016108
-0.1543785,0.3373034,0.0993628
-0.1578712,0.3373034,-0.1016109
-0.1543784,0.3373034,-0.09936284
0.1578712,0.3373034,-0.1016109
0.1578712,0.1903084,-0.1016109
-0.1578712,0.3373034,-0.1016109
-0.1578712,0.1903084,-0.1016109
0.1578711,0.3373034,0.1016109
0.1578711,0.1903084,0.1016109
0.1578712,0.3373034,-0.1016109
0.1578712,0.1903084,-0.1016109
-0.1578712,0.3373034,0.1016108
-0.1578712,0.1903084,0.1016108
0.1578711,0.3373034,0.1016109
0.1578711,0.1903084,0.1016109
-0.1578712,0.3373034,-0.1016109
-0.1578712,0.1903084,-0.1016109
-0.1578712,0.3373034,0.1016108
-0.1578712,0.1903084,0.1016108
0.1543785,0.1903084,-0.09936284
-0.1543784,0.1903084,-0.09936284
-0.1578712,0.1903084,-0.1016109
0.1578712,0.1903084,-0.1016109
0.1543784,0.1903084,0.09936283
0.1578711,0.1903084,0.1016109
-0.1543785,0.1903084,0.0993628
-0.1578712,0.1903084,0.1016108
-0.1543784,0.1903084,-0.09936284
-0.1578712,0.1903084,-0.1016109
-0.1565849,0.1932805,0.09893276
-0.1565849,0.1909369,0.09893276
-0.154729,0.1932805,0.1007887
-0.154729,0.1909369,0.1007887
-0.004883687,0.193434,0.007000093
-0.007000094,0.193434,0.004883661
-0.154729,0.1932805,0.1007887
-0.1565849,0.1932805,0.09893276
-0.004883687,0.193434,0.007000093
-0.154729,0.1932805,0.1007887
-0.004883687,0.1907834,0.007000093
-0.154729,0.1909369,0.1007887
-0.004883687,0.1907834,0.007000093
-0.154729,0.1909369,0.1007887
-0.007000094,0.1907834,0.004883661
-0.1565849,0.1909369,0.09893276
-0.007000094,0.1907834,0.004883661
-0.1565849,0.1909369,0.09893276
-0.007000094,0.193434,0.004883661
-0.1565849,0.1932805,0.09893276
-0.007000094,0.193434,0.004883661
-0.004883687,0.193434,0.007000093
-0.007000094,0.1907834,0.004883661
-0.004883687,0.1907834,0.007000093
-0.1544022,0.1933225,-0.1009643
-0.1544022,0.1908949,-0.1009643
-0.1564262,0.1933225,-0.09894025
-0.1564262,0.1908949,-0.09894025
-0.006886445,0.1907834,-0.004997435
-0.006886445,0.193434,-0.004997435
-0.004997344,0.193434,-0.00688653
-0.1544022,0.1933225,-0.1009643
-0.006886445,0.193434,-0.004997435
-0.1564262,0.1933225,-0.09894025
-0.004997344,0.1907834,-0.00688653
-0.006886445,0.1907834,-0.004997435
-0.1544022,0.1908949,-0.1009643
-0.1564262,0.1908949,-0.09894025
-0.1544022,0.1908949,-0.1009643
-0.1544022,0.1933225,-0.1009643
-0.004997344,0.193434,-0.00688653
-0.004997344,0.1907834,-0.00688653
-0.006886445,0.193434,-0.004997435
-0.006886445,0.1907834,-0.004997435
0.1552315,0.1909369,-0.1010852
0.1552315,0.1932805,-0.1010852
0.1570874,0.1909369,-0.09922925
0.1570874,0.1932805,-0.09922925
0.00700017,0.193434,-0.004883756
0.00700017,0.1907834,-0.004883756
0.004883763,0.1907834,-0.007000189
0.1552315,0.1909369,-0.1010852
0.00700017,0.1907834,-0.004883756
0.1570874,0.1909369,-0.09922925
0.004883763,0.193434,-0.007000189
0.00700017,0.193434,-0.004883756
0.1552315,0.1932805,-0.1010852
0.1570874,0.1932805,-0.09922925
0.1552315,0.1932805,-0.1010852
0.1552315,0.1909369,-0.1010852
0.004883763,0.1907834,-0.007000189
0.004883763,0.193434,-0.007000189
0.00700017,0.193434,-0.004883756
0.00700017,0.1907834,-0.004883756
0.1547482,0.1933225,0.1004874
0.1547482,0.1908949,0.1004874
0.1567723,0.1933225,0.09846341
0.1567723,0.1908949,0.09846341
0.006886511,0.1907834,0.00499732
0.006886511,0.193434,0.00499732
0.004997411,0.193434,0.006886415
0.1547482,0.1933225,0.1004874
0.006886511,0.193434,0.00499732
0.1567723,0.1933225,0.09846341
0.004997411,0.1907834,0.006886415
0.006886511,0.1907834,0.00499732
0.1547482,0.1908949,0.1004874
0.1567723,0.1908949,0.09846341
0.1547482,0.1908949,0.1004874
0.1547482,0.1933225,0.1004874
0.004997411,0.193434,0.006886415
0.004997411,0.1907834,0.006886415
0.006886511,0.193434,0.00499732
0.006886511,0.1907834,0.00499732
-0.007499995,0.2051234,-0.007500019
-0.01930527,0.2051234,-0.0179067
0.007500004,0.2051234,-0.007500019
-0.01930527,0.2051234,0.01790667
0.01930528,0.2051234,-0.0179067
-0.007499995,0.2051234,0.007499981
0.007500004,0.2051234,0.007499981
0.01930528,0.2051234,0.01790667
-0.1088228,-2.351694E-05,-0.05764837
-0.06672448,0.04011895,-0.05764837
0.1088228,-2.351694E-05,-0.05764837
-0.06672448,0.1088782,-0.05764837
0.06672449,0.04011895,-0.05764837
-0.1088228,0.1490206,-0.05764837
0.1088228,0.1490206,-0.05764837
0.06672449,0.1088782,-0.05764837
-0.1088228,0.1490206,0.05764833
-0.06672448,0.1088782,0.05764833
0.1088228,0.1490206,0.05764833
-0.06672448,0.04011895,0.05764833
0.06672449,0.1088782,0.05764833
-0.1088228,-2.351694E-05,0.05764833
0.1088228,-2.351694E-05,0.05764833
0.06672449,0.04011895,0.05764833
220
0.9268073,0.4006116
0.9268073,0.3445123
0.8209084,0.4006116
0.8209084,0.3445123
0.9268073,0.529231
0.9268074,0.4731315
0.8209084,0.529231
0.8209084,0.4731315
0.8209084,0.4731315
0.8209084,0.4006116
0.764809,0.4731315
0.764809,0.4006118
0.9829068,0.4731315
0.9829068,0.4006116
0.9268074,0.4731315
0.9268073,0.4006116
0.09830048,0.7506721
0.1543995,0.7504758
0.09807315,0.6857409
0.1541721,0.6855444
0.09807315,0.6857409
0.1541721,0.6855444
0.09795585,0.6522853
0.154055,0.6520888
0.09772839,0.5873539
0.1538276,0.5871575
0.09761121,0.5538982
0.1537104,0.5537018
0.09795585,0.6522853
0.154055,0.6520888
0.09772839,0.5873539
0.1538276,0.5871575
0.958833,0.9025941
0.9588332,0.9130731
0.9693121,0.9130731
0.9693121,0.9025939
0.9973111,0.9130729
0.9973111,0.902594
0.9693121,0.8921149
0.9973111,0.8921149
0.9693121,0.8816359
0.997311,0.8816359
0.9693121,0.8711569
0.9973111,0.8711569
0.889769,0.9524432
0.9302901,0.9524432
0.889769,0.9254699
0.9302901,0.9254699
0.9375602,0.9441961
0.9480393,0.9441961
0.9375602,0.9337171
0.9553094,0.9524432
0.9302901,0.9929645
0.9553094,0.9929645
0.9480393,0.9337171
0.9553094,0.9254699
0.9958307,0.9524432
0.9958307,0.9254699
0.9553095,0.8849487
0.9302902,0.8849486
0.09138546,0.8985559
0.04626582,0.8982618
0.09119401,0.9943441
0.04601059,0.994344
0.09138546,0.8357069
0.04613815,0.8354128
0.09138546,0.8985559
0.04626582,0.8982618
0.09138546,0.7390364
0.04626582,0.7387423
0.09138546,0.8357069
0.04613815,0.8354128
0.09157643,0.6770697
0.04639325,0.6770697
0.09138546,0.7390364
0.04626582,0.7387423
0.04531977,0.8983646
0.04531965,0.9954177
0.04601059,0.994344
0.04626582,0.8982618
0.04531965,0.8358982
0.04613815,0.8354128
0.04531965,0.7388451
0.04626582,0.7387423
0.04531965,0.6763787
0.04639325,0.6770697
0.04531977,0.8983646
0.0001362329,0.8983645
0.04531965,0.9954177
0.0001362329,0.9954177
0.04531965,0.8358982
0.0001362329,0.8358982
0.04531977,0.8983646
0.0001362329,0.8983645
0.04531965,0.7388451
0.0001362329,0.7388452
0.04531965,0.8358982
0.0001362329,0.8358982
0.04531965,0.6763787
0.0001362329,0.6763787
0.04531965,0.7388451
0.0001362329,0.7388452
-0.0007459158,0.8985558
-0.0005547041,0.994344
0.0001362329,0.9954177
0.0001362329,0.8983645
-0.000746035,0.8357069
0.0001362329,0.8358982
-0.000746035,0.7390364
0.0001362329,0.7388452
-0.0009373659,0.6770697
0.0001362329,0.6763787
0.7904859,0.4910554
0.7904859,0.4881964
0.7927499,0.4910554
0.7927499,0.4881964
0.1300671,0.9569368
0.1332473,0.9562242
0.131818,0.7790751
0.1346068,0.7784502
0.6877279,0.4912426
0.7927499,0.4910554
0.6877279,0.4880091
0.7927499,0.4881964
0.1290636,0.9574988
0.1287785,0.7796288
0.1258893,0.95676
0.1259951,0.7789809
0.6877928,0.495923
0.7931325,0.4957356
0.6877928,0.4926895
0.7931325,0.4928768
0.9206364,0.9708873
0.9232181,0.9708873
0.9206364,0.9676539
0.9232181,0.9676539
0.6878825,0.5021862
0.6878825,0.5051476
0.6903516,0.5021862
0.6903515,0.5051476
0.7959243,0.5052837
0.7959244,0.5020503
0.1195634,0.9581717
0.1196054,0.7796183
0.1167301,0.9575122
0.1165697,0.7789117
0.1204261,0.9580956
0.1232648,0.9574596
0.1218557,0.7795479
0.1248971,0.7788664
0.7959442,0.5004673
0.7959442,0.4975059
0.6902068,0.4973698
0.6902068,0.5006034
0.6879024,0.4973698
0.6879024,0.5006034
0.7965289,0.5238178
0.7965289,0.5209588
0.7942649,0.5238178
0.7942649,0.5209588
0.6880239,0.5207716
0.6880239,0.5240051
0.1356821,0.7789007
0.1348877,0.9565589
0.1388561,0.7796395
0.1376712,0.9572069
0.1467018,0.7791674
0.1435215,0.77988
0.1460319,0.9568262
0.1432433,0.9574511
0.6880185,0.5162786
0.6880185,0.5191373
0.7939417,0.5193247
0.7939416,0.5160913
0.7965235,0.5160913
0.7965235,0.5193247
0.6876789,0.511547
0.6876789,0.5145084
0.6901479,0.511547
0.6901479,0.5145084
0.7959997,0.5146444
0.7959996,0.511411
0.1399991,0.7788707
0.1390655,0.9564626
0.1428324,0.7795302
0.142101,0.9571691
0.1509924,0.7787117
0.1481536,0.7793478
0.1504624,0.9563052
0.147421,0.9569868
0.7962872,0.509828
0.7962872,0.5068666
0.6902708,0.5067306
0.6902708,0.509964
0.6879665,0.5067306
0.6879665,0.509964
0.9853817,0.9807579
0.9926518,0.9890051
0.9853817,0.9702789
0.9676327,0.9890051
0.9926518,0.9620317
0.9749027,0.980758
0.9749026,0.9702789
0.9676327,0.9620317
0.764809,0.4731315
0.7443254,0.4535996
0.6589102,0.4731316
0.7443254,0.4201437
0.6793937,0.4535995
0.764809,0.4006118
0.65891,0.4006119
0.6793936,0.4201437
0.8209084,0.4006116
0.841392,0.4201436
0.9268073,0.4006116
0.841392,0.4535996
0.9063237,0.4201436
0.8209084,0.4731315
0.9268074,0.4731315
0.9063237,0.4535996
1
444
0
1
2
1
3
2
4
5
6
5
7
6
8
9
10
9
11
10
12
13
14
13
15
14
16
17
18
17
19
18
20
21
22
21
23
22
24
25
26
25
27
26
28
29
30
29
31
30
32
33
34
35
32
34
35
34
36
37
35
36
35
37
38
37
39
38
38
39
40
39
41
40
40
41
42
41
43
42
44
45
46
45
47
46
47
45
48
48
45
49
50
47
48
48
49
50
45
51
49
51
45
52
53
51
52
49
54
50
49
51
54
54
55
50
51
55
54
55
47
50
51
56
55
56
57
55
47
55
58
59
47
58
60
61
62
61
63
62
64
65
66
65
67
66
68
69
70
69
71
70
72
73
74
73
75
74
76
77
78
79
76
78
80
76
79
81
80
79
82
80
81
83
82
81
84
82
83
85
84
83
86
87
88
87
89
88
90
91
92
91
93
92
94
95
96
95
97
96
98
99
100
99
101
100
102
103
104
105
102
104
106
102
105
107
106
105
108
106
107
109
108
107
110
108
109
111
110
109
112
113
114
113
115
114
116
117
118
117
119
118
120
121
122
121
123
122
124
125
126
125
127
126
128
129
130
129
131
130
132
133
134
133
135
134
136
137
138
137
139
138
138
139
140
141
138
140
142
143
144
143
145
144
146
147
148
147
149
148
150
151
152
153
150
152
152
154
153
154
155
153
156
157
158
157
159
158
158
159
160
161
158
160
162
163
164
163
165
164
166
167
168
167
169
168
170
171
172
173
170
172
174
173
172
175
174
172
176
177
178
177
179
178
178
179
180
181
178
180
182
183
184
183
185
184
186
187
188
187
189
188
190
191
192
193
190
192
192
194
193
194
195
193
196
197
198
199
197
196
197
200
198
201
199
196
198
200
202
203
199
201
200
203
202
202
203
201
204
205
206
207
205
204
205
208
206
209
207
204
206
208
210
211
207
209
208
211
210
210
211
209
212
213
214
215
213
212
213
216
214
217
215
212
214
216
218
219
215
217
216
219
218
218
219
217
