MESH3
PFB_SofaSmall
1092
0.964137,0.07492504,0.3905523
0.964137,0.08031723,0.3905523
0.9544997,0.08031723,0.3963689
0.9544997,0.07492504,0.3905523
0.964137,0.08031723,-0.3594477
0.964137,0.07492504,-0.3594477
0.9544997,0.07492504,-0.3594477
0.9544997,0.08031723,-0.3594477
0.964137,0.2522171,-0.3594477
0.7835297,0.08031723,-0.3594477
0.7835297,0.07492504,-0.3594477
0.9544997,0.2522171,-0.3594477
0.964137,0.2629345,-0.3594477
0.7601758,0.08031723,-0.3594477
0.7601758,0.07492504,-0.3594477
0.7835297,0.2522171,-0.3594477
0.9544997,0.2629345,-0.3594477
0.964137,0.5489906,-0.3594477
0.9544997,0.5489906,-0.3594477
0.7835297,0.2629345,-0.3594477
0.7835297,0.5489906,-0.3594477
0.7601758,0.2629345,-0.3594477
0.7601758,0.5489906,-0.3594477
0.7601758,0.2522171,-0.3594477
0.7585176,0.2629345,-0.3594477
0.7585176,0.5489906,-0.3594477
0.7585176,0.2522171,-0.3594477
0.7557851,0.2629345,-0.3594476
0.7585176,0.08031723,-0.3594477
0.7585176,0.07492504,-0.3594477
0.7557851,0.2522171,-0.3594476
0.7557851,0.08031724,-0.3594476
0.7557851,0.07492504,-0.3594476
0.7557851,0.5489905,-0.3594476
0.7585176,0.5512744,-0.360161
-0.7165239,0.2629345,-0.3594477
-0.7165239,0.08031723,-0.3594477
-0.7165239,0.07492504,-0.3594477
-0.7165239,0.2522171,-0.3594477
0.7557851,0.5512744,-0.360161
0.7585176,0.8220094,-0.428492
-0.7203207,0.08031723,-0.3594477
-0.7203207,0.07492504,-0.3594477
-0.7165239,0.5489906,-0.3594477
-0.7203207,0.2629345,-0.3594477
-0.7203207,0.2522171,-0.3594477
-0.7218922,0.08031723,-0.3594477
-0.7218922,0.07492504,-0.3594477
0.7557851,0.8220094,-0.4284921
0.7585176,0.831148,-0.4264521
0.7557851,0.831148,-0.4264521
-0.7165239,0.5512744,-0.360161
-0.716524,0.8220094,-0.4284921
-0.7165239,0.831148,-0.4264521
-0.7203207,0.8220094,-0.428492
-0.7203207,0.831148,-0.4264521
-0.7203207,0.5512744,-0.360161
-0.7203207,0.5489906,-0.3594477
-0.749645,0.08031724,-0.3594477
-0.749645,0.07492504,-0.3594477
-0.7218922,0.2629345,-0.3594477
-0.7218922,0.5489906,-0.3594477
-0.7218922,0.2522171,-0.3594477
-0.9520205,0.08031723,-0.3594477
-0.9520205,0.07492504,-0.3594477
-0.749645,0.2522171,-0.3594477
-0.749645,0.2629345,-0.3594477
-0.749645,0.5489905,-0.3594477
-0.964137,0.08031723,-0.3594477
-0.964137,0.07492504,-0.3594477
-0.9520205,0.2522171,-0.3594477
-0.964137,0.2522171,-0.3594477
-0.9520205,0.2629345,-0.3594477
-0.9520205,0.5489906,-0.3594477
-0.964137,0.2629345,-0.3594477
-0.964137,0.5489906,-0.3594477
0.964137,0.07492504,0.3754663
0.964137,0.07492504,0.3905523
0.9544997,0.07492504,0.3905523
0.9544997,0.07492504,0.3754663
0.964137,0.07492504,-0.0783246
0.9544997,0.07492504,-0.0783246
0.964137,0.07492504,-0.2503475
0.7835297,0.07492504,0.3754663
0.9544997,0.07492504,-0.2503475
0.964137,0.07492504,-0.2568622
0.7835297,0.07492504,0.3905523
0.9544997,0.08031723,0.3963689
0.7835297,0.08031723,0.3963689
0.7835297,0.07492504,-0.0783246
0.9544997,0.07492504,-0.2568622
0.964137,0.07492504,-0.3441991
0.7601758,0.07492504,0.3754663
0.7601758,0.07492504,0.3905523
0.7601758,0.07492504,-0.0783246
0.7835297,0.07492504,-0.2503475
0.9544997,0.07492504,-0.3441991
0.964137,0.07492504,-0.3594477
0.9544997,0.07492504,-0.3594477
0.7835297,0.07492504,-0.3594477
0.7585176,0.07492504,0.3754663
0.7585176,0.07492504,0.3905523
0.7585176,0.07492504,-0.0783246
0.7557851,0.07492504,0.3754663
0.7557851,0.07492504,0.3905523
0.7835297,0.07492504,-0.2568622
0.7835297,0.07492504,-0.3441991
0.7601758,0.07492504,-0.3594477
0.7601758,0.07492504,-0.2503475
0.7601758,0.07492504,-0.2568622
0.7601758,0.07492504,-0.3441991
0.7585176,0.07492504,-0.3594477
0.7585176,0.07492504,-0.2503475
0.7585176,0.07492504,-0.3441991
0.7557851,0.07492504,-0.3594476
0.7585176,0.07492504,-0.2568622
0.7557851,0.07492504,-0.0783246
0.7557851,0.07492504,-0.3441991
-0.7165239,0.07492504,-0.3594477
0.7557851,0.07492504,-0.2568622
0.7557851,0.07492504,-0.2503475
-0.7165239,0.07492504,-0.0783246
-0.7165239,0.07492504,-0.3441991
-0.7203207,0.07492504,-0.3594477
-0.7165239,0.07492504,-0.2568622
-0.7165239,0.07492504,-0.2503475
-0.7165239,0.07492504,0.3754663
-0.7165239,0.07492504,0.3905523
-0.7203207,0.07492504,-0.0783246
-0.7203207,0.07492504,0.3754663
-0.7203207,0.07492504,0.3905523
-0.7218922,0.07492504,0.3754664
-0.7218922,0.07492504,0.3905524
-0.7203207,0.07492504,-0.2503475
-0.749645,0.07492504,0.3754664
-0.749645,0.07492504,0.3905524
-0.7218922,0.07492504,-0.0783246
-0.7203207,0.07492504,-0.2568622
-0.7218922,0.07492504,-0.2503475
-0.749645,0.07492504,-0.0783246
-0.9520205,0.07492504,0.3754663
-0.7203207,0.07492504,-0.3441991
-0.7218922,0.07492504,-0.2568622
-0.7218922,0.07492504,-0.3441991
-0.7218922,0.07492504,-0.3594477
-0.749645,0.07492504,-0.2503475
-0.749645,0.07492504,-0.3441991
-0.749645,0.07492504,-0.3594477
-0.749645,0.07492504,-0.2568622
-0.9520205,0.07492504,-0.0783246
-0.9520205,0.07492504,-0.3441991
-0.9520205,0.07492504,-0.3594477
-0.9520205,0.07492504,-0.2568622
-0.9520205,0.07492504,-0.2503475
-0.964137,0.07492504,-0.3441991
-0.964137,0.07492504,-0.3594477
-0.964137,0.07492504,-0.2568622
-0.964137,0.07492504,-0.2503475
-0.964137,0.07492504,-0.0783246
-0.964137,0.07492504,0.3754663
-0.9520205,0.07492504,0.3905523
-0.964137,0.07492504,0.3905523
-0.749645,0.08031723,0.3963689
-0.9520205,0.08031723,0.3963689
0.964137,0.07492504,0.3754663
0.964137,0.08031723,0.3905523
0.964137,0.07492504,0.3905523
0.964137,0.08031723,0.3754663
0.964137,0.0803172,-0.0783246
0.964137,0.07492504,-0.0783246
0.964137,0.0803172,-0.2503475
0.964137,0.07492504,-0.2503475
0.964137,0.0803172,-0.2568622
0.964137,0.07492504,-0.2568622
0.964137,0.08031723,-0.3441991
0.964137,0.07492504,-0.3441991
0.964137,0.07492504,-0.3594477
0.964137,0.08031723,-0.3594477
0.964137,0.2522171,-0.3441991
0.964137,0.2522171,-0.3594477
0.964137,0.2522171,-0.2568622
0.964137,0.2629345,-0.3441991
0.964137,0.2629345,-0.3594477
0.964137,0.2522171,-0.2503475
0.964137,0.5489906,-0.3441991
0.964137,0.5489906,-0.3594477
0.9544997,0.5489906,-0.3594477
0.9544997,0.5646083,-0.3441991
0.964137,0.2629345,-0.2568622
0.964137,0.5489906,-0.2568622
0.9544997,0.5646084,-0.2568622
0.964137,0.2522171,-0.0783246
0.964137,0.2629345,-0.2503475
0.964137,0.5489906,-0.2503475
0.9544997,0.5646083,-0.2503475
0.964137,0.5489906,-0.0783246
0.9544997,0.5646083,-0.0783246
0.964137,0.2522171,0.3754663
0.964137,0.2629345,-0.0783246
0.964137,0.5489906,0.3754663
0.9544997,0.5646083,0.3754663
0.964137,0.2629345,0.3754663
0.964137,0.5489906,0.3905523
0.9544997,0.5489906,0.3963689
0.964137,0.2629345,0.3905523
0.9544997,0.2629345,0.3963689
0.964137,0.2522171,0.3905523
0.9544997,0.2522171,0.3963689
0.9544997,0.08031723,0.3963689
-0.7203207,0.2629345,0.3905523
-0.7218922,0.2629345,0.3754663
-0.7218922,0.2629345,0.3905524
-0.7203207,0.2629345,0.3754663
-0.7218922,0.2629345,-0.0783246
-0.7165239,0.2629345,0.3754663
-0.7165239,0.2629345,0.3905523
-0.7203207,0.2629345,-0.0783246
-0.7218922,0.2629345,-0.08368211
0.7557851,0.2629345,0.3754663
0.7557851,0.2629345,0.3905523
0.7585176,0.2629345,0.3905523
-0.7165239,0.2629345,-0.0783246
-0.7203207,0.2629345,-0.08368211
-0.7218922,0.5489906,-0.2503475
0.7585176,0.2629345,0.3754663
0.7601758,0.2629345,0.3905523
0.7601758,0.2629345,0.3754663
0.7601758,0.2629345,-0.0783246
0.7557851,0.2629345,-0.0783246
0.7585176,0.2629345,-0.0783246
0.7601758,0.2629345,-0.08368211
-0.7165239,0.2629345,-0.08368211
0.7557851,0.2629345,-0.08368211
0.7585176,0.2629345,-0.08368211
0.7557851,0.5489905,-0.2503475
0.7585176,0.5489906,-0.2503476
0.7601758,0.5489906,-0.2503475
0.7585176,0.5489906,-0.2568622
0.7601758,0.5489906,-0.2568622
0.7585176,0.5489906,-0.3441991
0.7601758,0.5489906,-0.3441991
0.7601758,0.5489906,-0.3594477
0.7585176,0.5489906,-0.3594477
0.7835297,0.5489906,-0.3594477
0.7835297,0.5646083,-0.3441991
0.9544997,0.5646083,-0.3441991
0.9544997,0.5489906,-0.3594477
0.9544997,0.5646084,-0.2568622
0.7835297,0.5646084,-0.2568622
0.9544997,0.5646083,-0.2503475
0.7835297,0.5646083,-0.2503475
0.9544997,0.5646083,-0.0783246
0.7835297,0.5646083,-0.0783246
0.9544997,0.5646083,0.3754663
0.7835297,0.5646083,0.3754663
0.9544997,0.5489906,0.3963689
0.7835297,0.5489906,0.3963689
-0.7203207,0.5489906,-0.3441991
-0.7203207,0.5489906,-0.3594477
-0.7218922,0.5489906,-0.3594477
-0.7218922,0.5489906,-0.3441991
-0.7203207,0.5489906,-0.2568622
-0.749645,0.5642254,-0.3441991
-0.749645,0.5489905,-0.3594477
-0.7218922,0.5489906,-0.2568622
-0.7203207,0.5489906,-0.2503476
-0.9520205,0.5642254,-0.3441991
-0.9520205,0.5489906,-0.3594477
-0.964137,0.5489906,-0.3441991
-0.964137,0.5489906,-0.3594477
-0.9520205,0.5642254,-0.2568622
-0.749645,0.5642254,-0.2568622
-0.749645,0.5642254,-0.2503475
-0.9520205,0.5642254,-0.2503475
-0.9520205,0.5642254,-0.0783246
-0.749645,0.5642254,-0.0783246
-0.749645,0.5642254,0.3754662
-0.9520205,0.5642254,0.3754663
-0.749645,0.5489905,0.3963687
-0.9520205,0.5489906,0.3963688
-0.7165239,0.5489906,-0.2503475
-0.7203207,0.5512744,-0.2520581
-0.716524,0.5512744,-0.2520581
0.7557851,0.5512744,-0.2520581
0.7585176,0.5512744,-0.2520581
0.7557851,0.8220094,-0.3792335
0.7585176,0.8220094,-0.3792335
-0.7165239,0.8220094,-0.3792335
0.7557851,0.831148,-0.3833033
0.7585176,0.831148,-0.3833033
-0.7203207,0.8220094,-0.3792335
-0.7203207,0.5512744,-0.2520581
-0.7203207,0.831148,-0.3833033
-0.7165239,0.831148,-0.3833033
-0.7203207,0.833534,-0.3908662
-0.7165239,0.8370383,-0.3894915
0.7557851,0.8370383,-0.3894915
-0.7165239,0.8370383,-0.4119677
0.7557851,0.8370383,-0.4119677
0.7557851,0.831148,-0.4264521
-0.7165239,0.831148,-0.4264521
-0.9520205,0.08031723,0.3963689
-0.964137,0.07492504,0.3905523
-0.9520205,0.07492504,0.3905523
-0.964137,0.08031723,0.3905523
-0.9520205,0.2522171,0.3963689
-0.964137,0.2522171,0.3905523
-0.749645,0.2522171,0.3963689
-0.749645,0.08031723,0.3963689
-0.9520205,0.2629345,0.3963689
-0.964137,0.2629345,0.3905523
-0.964137,0.5489906,0.3905523
-0.9520205,0.5489906,0.3963688
-0.749645,0.5489905,0.3963687
-0.749645,0.2629345,0.3963689
-0.7218922,0.2629345,0.3905524
-0.7218922,0.5382732,0.3905522
-0.7218922,0.2522171,0.3905523
-0.7203207,0.2629345,0.3905523
-0.7218922,0.08031723,0.3905523
-0.749645,0.07492504,0.3905524
-0.7218922,0.07492504,0.3905524
-0.7203207,0.2522171,0.3905524
-0.7165239,0.2629345,0.3905523
-0.7203207,0.08031723,0.3905524
-0.7203207,0.07492504,0.3905523
-0.7165239,0.2522171,0.3905524
0.7557851,0.2629345,0.3905523
-0.7165239,0.08031723,0.3905524
-0.7165239,0.07492504,0.3905523
0.7557851,0.2522171,0.3905523
0.7585176,0.2629345,0.3905523
0.7557851,0.08031723,0.3905523
0.7557851,0.07492504,0.3905523
0.7585176,0.2522171,0.3905523
0.7601758,0.2629345,0.3905523
0.7585176,0.08031723,0.3905523
0.7585176,0.07492504,0.3905523
0.7601758,0.2522171,0.3905523
0.7601758,0.08031723,0.3905523
0.7601758,0.07492504,0.3905523
0.7835297,0.08031723,0.3963689
0.7835297,0.07492504,0.3905523
0.7835297,0.2522171,0.3963689
0.7835297,0.2629345,0.3963689
0.9544997,0.2522171,0.3963689
0.9544997,0.08031723,0.3963689
0.9544997,0.2629345,0.3963689
0.7835297,0.5489906,0.3963689
0.7601758,0.5393539,0.3905523
0.9544997,0.5489906,0.3963689
-0.9520205,0.5642254,-0.2568622
-0.9520205,0.5642254,-0.3441991
-0.964137,0.5489906,-0.3441991
-0.964137,0.5489906,-0.2568622
-0.9520205,0.5642254,-0.2503475
-0.964137,0.2629345,-0.3441991
-0.964137,0.5489906,-0.3594477
-0.964137,0.2629345,-0.3594477
-0.964137,0.2522171,-0.3594477
-0.964137,0.2522171,-0.3441991
-0.964137,0.08031723,-0.3594477
-0.964137,0.5489906,-0.2503475
-0.9520205,0.5642254,-0.0783246
-0.964137,0.2629345,-0.2568622
-0.964137,0.08031723,-0.3441991
-0.964137,0.07492504,-0.3594477
-0.964137,0.07492504,-0.3441991
-0.964137,0.5489906,-0.0783246
-0.9520205,0.5642254,0.3754663
-0.964137,0.2629345,-0.2503475
-0.964137,0.2522171,-0.2568622
-0.964137,0.0803172,-0.2568622
-0.964137,0.07492504,-0.2568622
-0.964137,0.2522171,-0.2503475
-0.964137,0.0803172,-0.2503475
-0.964137,0.07492504,-0.2503475
-0.964137,0.2629345,-0.0783246
-0.964137,0.0803172,-0.0783246
-0.964137,0.07492504,-0.0783246
-0.964137,0.2522171,-0.0783246
-0.964137,0.2629345,0.3754663
-0.964137,0.08031723,0.3754663
-0.964137,0.07492504,0.3754663
-0.964137,0.07492504,0.3905523
-0.964137,0.08031723,0.3905523
-0.964137,0.2522171,0.3754663
-0.964137,0.2522171,0.3905523
-0.964137,0.2629345,0.3905523
-0.964137,0.5489906,0.3754663
-0.964137,0.5489906,0.3905523
-0.9520205,0.5489906,0.3963688
-0.7218922,0.5382732,0.3905522
-0.749645,0.5642254,0.3754662
-0.749645,0.5489905,0.3963687
-0.7218922,0.5382732,0.3754662
-0.7218922,0.2629345,0.3754663
-0.7218922,0.2629345,0.3905524
-0.7218922,0.2629345,-0.0783246
-0.7218922,0.5382732,-0.0783246
-0.7218922,0.2629345,-0.08368211
-0.749645,0.5642254,-0.0783246
-0.7218922,0.5489906,-0.2503475
-0.749645,0.5642254,-0.2503475
-0.7203207,0.8220094,-0.3792335
-0.7203207,0.831148,-0.3833033
-0.7203207,0.833534,-0.3908662
-0.7203209,0.8220094,-0.3857483
-0.7203207,0.5512744,-0.2520581
-0.7203207,0.5512744,-0.2585728
-0.7203207,0.5489906,-0.2503476
-0.7203207,0.5489906,-0.2568622
-0.7203207,0.5489906,-0.3441991
-0.7203207,0.5512744,-0.3449125
-0.7203207,0.8220094,-0.4132435
-0.7203207,0.5512744,-0.360161
-0.7203207,0.5489906,-0.3594477
-0.7203207,0.8220094,-0.428492
-0.7203207,0.831148,-0.4264521
-0.7203207,0.8319919,-0.4134855
-0.7165239,0.8370383,-0.3894915
-0.7165239,0.831148,-0.4264521
-0.7165239,0.8370383,-0.4119677
0.7585176,0.831148,-0.3833033
0.7557851,0.8370383,-0.3894915
0.7557851,0.831148,-0.3833033
0.7585176,0.833534,-0.3908662
0.7557851,0.8370383,-0.4119677
0.7585176,0.8220094,-0.3792335
0.7585176,0.8319919,-0.4134855
0.7557851,0.831148,-0.4264521
0.7585176,0.831148,-0.4264521
0.7585176,0.8220094,-0.428492
0.7585176,0.8220094,-0.3857483
0.7585176,0.8220094,-0.4132435
0.7585176,0.5512744,-0.360161
0.7585176,0.5512744,-0.3449125
0.7585176,0.5489906,-0.3594477
0.7585176,0.5489906,-0.3441991
0.7585176,0.5489906,-0.2568622
0.7585176,0.5512744,-0.2585728
0.7585176,0.5512744,-0.2520581
0.7585176,0.5489906,-0.2503476
0.7835297,0.5646083,-0.3441991
0.7601758,0.5489906,-0.3441991
0.7601758,0.5489906,-0.2568622
0.7835297,0.5646084,-0.2568622
0.7601758,0.5489906,-0.2503475
0.7835297,0.5646083,-0.2503475
0.7601758,0.5393539,-0.0783246
0.7601758,0.2629345,-0.08368211
0.7601758,0.2629345,-0.0783246
0.7835297,0.5646083,-0.0783246
0.7601758,0.2629345,0.3754663
0.7601758,0.5393539,0.3754663
0.7835297,0.5646083,0.3754663
0.7601758,0.2629345,0.3905523
0.7835297,0.5489906,0.3963689
0.7601758,0.5393539,0.3905523
0.7668101,0.2674161,0.3674654
0.7668101,0.2602918,0.4159435
0.73891,0.2552287,0.4159435
0.73891,0.2623531,0.3674654
0.7668101,0.2674161,-0.04542629
0.04828857,0.2623531,0.3674654
0.04828857,0.2552287,0.4159435
0.73891,0.2623531,-0.04542629
0.7668101,0.2674161,-0.08405649
0.01681007,0.2674161,0.3674654
0.01681007,0.2602918,0.4159435
0.04828857,0.2623531,-0.04542629
0.01681007,0.2674161,-0.04542629
0.73891,0.2623531,-0.08405649
0.7668101,0.2831495,-0.08405649
0.04828857,0.2623531,-0.08405649
0.01681007,0.2674161,-0.08405649
0.01681007,0.2831495,-0.08405649
0.04828857,0.2831495,-0.08405649
0.02436188,0.3885168,-0.08326074
0.73891,0.2831495,-0.08405649
0.7592583,0.3885168,-0.08405649
0.04828857,0.3885168,-0.08405649
0.02383037,0.4201969,-0.0788161
0.73891,0.3885168,-0.08405649
0.7599591,0.4233525,-0.08048584
0.04828857,0.4209392,-0.08405649
0.02124016,0.4242852,-0.04542629
0.73891,0.4209392,-0.08405649
0.73891,0.4508925,-0.04542629
0.7668101,0.4209392,-0.04542629
0.7654976,0.4209392,0.3674654
0.04828857,0.4425217,-0.04542629
0.02827732,0.4209392,0.3674654
0.7380197,0.4492882,0.3674654
0.6128566,0.4738102,0.03092741
0.6122927,0.4764552,0.2924255
0.175463,0.4753211,0.03092741
0.05784723,0.4474543,0.3674654
0.1815168,0.4752937,0.2924255
0.73891,0.4209392,0.4036884
0.7644016,0.4140788,0.3974145
0.04828857,0.4209392,0.4097185
0.7592583,0.3885168,0.3674654
0.762093,0.377906,0.4083163
0.7592583,0.3885168,-0.04542629
0.7668101,0.4209392,-0.04542629
0.7592583,0.3885168,-0.08405649
0.7599591,0.4233525,-0.08048584
0.7668101,0.2831495,-0.08405649
0.7668101,0.2831495,-0.04542629
0.7668101,0.2674161,-0.08405649
0.7668101,0.2674161,-0.04542629
0.7668101,0.2831495,0.3674654
0.7668101,0.2674161,0.3674654
0.7668101,0.2831495,0.4159435
0.7668101,0.2602918,0.4159435
0.73891,0.3885168,0.4284921
0.73891,0.2831495,0.4284921
0.73891,0.2552287,0.4159435
0.04828857,0.2552287,0.4159435
0.04828857,0.2831495,0.4284921
0.01681007,0.2602918,0.4159435
0.04828857,0.3885168,0.4284921
0.01681007,0.2831495,0.4159435
0.02436188,0.3885168,0.4159435
0.01681007,0.2831495,0.3674654
0.01681007,0.2674161,0.3674654
0.01681007,0.2674161,-0.04542629
0.02996246,0.4188947,0.4085304
0.02436188,0.3885168,0.3674654
0.01681007,0.2831495,-0.04542629
0.01681007,0.2674161,-0.08405649
0.01681007,0.2831495,-0.08405649
0.02436188,0.3885168,-0.04542629
0.02124016,0.4242852,-0.04542629
0.02436188,0.3885168,-0.08326074
0.02383037,0.4201969,-0.0788161
0.762111,0.36087,-0.1550436
0.762111,0.3308737,-0.1485803
0.734211,0.3286872,-0.1531469
0.734211,0.3586836,-0.1596102
0.762111,0.8426199,-0.385702
0.04358955,0.3586836,-0.1596102
0.04358955,0.3286872,-0.1531469
0.734211,0.8404335,-0.3902686
0.7582648,0.8684788,-0.3882748
0.01211105,0.36087,-0.1550436
0.01211105,0.3308737,-0.1485803
0.03805302,0.8494101,-0.4121504
0.01211105,0.8426199,-0.385702
0.7328549,0.8741823,-0.3994689
0.7577587,0.8824101,-0.384984
0.04358955,0.8752759,-0.406951
0.01211105,0.8774624,-0.4023844
0.01211105,0.8842568,-0.3881937
0.04358955,0.9055259,-0.3881937
0.01966286,0.8983692,-0.3568759
0.7324898,0.904819,-0.3841109
0.7586249,0.9010487,-0.3578569
0.04358955,0.920356,-0.3572195
0.01913139,0.9083441,-0.3257501
0.734211,0.920356,-0.3572195
0.7537704,0.9101676,-0.3238356
0.04358955,0.9346605,-0.3273436
0.01654118,0.879994,-0.3076433
0.731044,0.9277868,-0.3274049
0.7214383,0.8690112,-0.2517864
0.762111,0.8785489,-0.3106612
0.762111,0.4184112,-0.09208013
0.0766662,0.8669775,-0.2340771
0.01770412,0.4184112,-0.09208013
0.734211,0.4588705,-0.04349586
0.6133798,0.8027372,-0.1791053
0.6133798,0.5953247,-0.03177851
0.164476,0.8027372,-0.1791053
0.04454208,0.4566802,-0.04616882
0.1650951,0.593901,-0.03351593
0.734211,0.3953256,-0.0731631
0.7568675,0.406135,-0.07717187
0.04757778,0.3851648,-0.09287135
0.7545592,0.3974167,-0.1177009
0.7545592,0.3743312,-0.0987838
0.7654796,0.8643246,-0.3402908
0.762111,0.8785489,-0.3106612
0.7586249,0.9010487,-0.3578569
0.7537704,0.9101676,-0.3238356
0.7577587,0.8824101,-0.384984
0.7641035,0.8494643,-0.3714603
0.7582648,0.8684788,-0.3882748
0.762111,0.8426199,-0.385702
0.762111,0.3676645,-0.1408529
0.762111,0.36087,-0.1550436
0.762111,0.3407447,-0.1279638
0.762111,0.3308737,-0.1485803
0.734211,0.3743312,-0.0987838
0.734211,0.3407447,-0.1279638
0.734211,0.3286872,-0.1531469
0.04358955,0.3286872,-0.1531469
0.04358955,0.3407447,-0.1279638
0.01211105,0.3308737,-0.1485803
0.04757778,0.3641703,-0.1184921
0.01211105,0.3407447,-0.1279638
0.0181147,0.3710073,-0.1165645
0.01211105,0.3676645,-0.1408529
0.01211105,0.36087,-0.1550436
0.01211105,0.8426199,-0.385702
0.02455418,0.3921195,-0.0936835
0.01966286,0.3974167,-0.1177009
0.01211105,0.8494143,-0.3715113
0.01211105,0.8774624,-0.4023844
0.01211105,0.8842568,-0.3881937
0.01966286,0.8642445,-0.3405373
0.01654118,0.879994,-0.3076433
0.01966286,0.8983692,-0.3568759
0.01913139,0.9083441,-0.3257501
0.02821388,0.2674161,0.3591643
0.02821388,0.2602918,0.4159435
0.000313797,0.2552287,0.4159435
0.000313797,0.2623531,0.3591643
0.02821388,0.2674161,-0.04542629
-0.6903076,0.2623531,0.3591643
-0.6903076,0.2552287,0.4159435
0.000313797,0.2623531,-0.04542629
0.02821388,0.2674161,-0.08405649
-0.7217861,0.2674161,0.3591643
-0.7217861,0.2602918,0.4159435
-0.6903076,0.2623531,-0.04542629
-0.7217861,0.2674161,-0.04542629
0.000313797,0.2623531,-0.08405649
0.02821388,0.2831495,-0.08405649
-0.6903076,0.2623531,-0.08405649
-0.7217861,0.2674161,-0.08405649
-0.7217861,0.2831495,-0.08405649
-0.6903076,0.2831495,-0.08405649
-0.7142342,0.384637,-0.08326074
0.000313797,0.2831495,-0.08405649
0.02066204,0.384637,-0.08405649
-0.6903076,0.384637,-0.08405649
-0.7147657,0.4201969,-0.0788161
0.000313797,0.384637,-0.08405649
0.02136299,0.4233525,-0.08048584
-0.6903076,0.4209392,-0.08405649
-0.717356,0.4242852,-0.04542629
0.000313797,0.4209392,-0.08405649
0.000313797,0.4497491,-0.04542629
0.02821388,0.4209392,-0.04542629
0.02086517,0.4209392,0.3591643
-0.6903076,0.4564669,-0.04542629
-0.716193,0.4209392,0.3591643
0.000313797,0.4498551,0.3591643
-0.08597992,0.4696083,0.01487667
-0.1193548,0.4764508,0.2888432
-0.5682586,0.4855826,0.02585941
-0.6790507,0.4467493,0.3591643
-0.5609418,0.4762106,0.2888432
0.000313797,0.4209392,0.4111376
0.01903137,0.4199853,0.404211
-0.6848226,0.4209392,0.4031078
0.02066204,0.384637,0.3591643
0.02066204,0.3788832,0.4042877
0.02066204,0.384637,-0.04542629
0.02821388,0.4209392,-0.04542629
0.02066204,0.384637,-0.08405649
0.02136299,0.4233525,-0.08048584
0.02821388,0.2831495,-0.08405649
0.02821388,0.2831495,-0.04542629
0.02821388,0.2674161,-0.08405649
0.02821388,0.2674161,-0.04542629
0.02821388,0.2831495,0.3591643
0.02821388,0.2674161,0.3591643
0.02821388,0.2831495,0.4159435
0.02821388,0.2602918,0.4159435
0.000313797,0.384637,0.4284921
0.000313797,0.2831495,0.4284921
0.000313797,0.2552287,0.4159435
-0.6903076,0.2552287,0.4159435
-0.6903076,0.2831495,0.4284921
-0.7217861,0.2602918,0.4159435
-0.6903076,0.384637,0.4284921
-0.7217861,0.2831495,0.4159435
-0.7142342,0.384637,0.4159435
-0.7217861,0.2831495,0.3591643
-0.7217861,0.2674161,0.3591643
-0.7217861,0.2674161,-0.04542629
-0.7144376,0.4188947,0.4141159
-0.7142342,0.384637,0.3591643
-0.7217861,0.2831495,-0.04542629
-0.7217861,0.2674161,-0.08405649
-0.7217861,0.2831495,-0.08405649
-0.7142342,0.384637,-0.04542629
-0.717356,0.4242852,-0.04542629
-0.7142342,0.384637,-0.08326074
-0.7147657,0.4201969,-0.0788161
0.02138863,0.36087,-0.1550436
0.02138863,0.3308737,-0.1485803
-0.006511459,0.3286872,-0.1531469
-0.006511459,0.3586836,-0.1596102
0.02138863,0.8426199,-0.385702
-0.6971329,0.3586836,-0.1596102
-0.6971329,0.3286872,-0.1531469
-0.006511459,0.8404335,-0.3902686
0.02138863,0.8774624,-0.4023844
-0.7286114,0.36087,-0.1550436
-0.7286114,0.3308737,-0.1485803
-0.7026694,0.8494101,-0.4121504
-0.7286114,0.8426199,-0.385702
-0.006511459,0.8752759,-0.406951
0.02138863,0.8842568,-0.3881937
-0.6969126,0.8798766,-0.4059459
-0.7220781,0.8753489,-0.396057
-0.7278699,0.8905096,-0.3843742
-0.6971329,0.9055259,-0.3881937
-0.7249374,0.8997732,-0.3572894
-0.006511459,0.9055259,-0.3881937
0.01383667,0.8990869,-0.3572195
-0.6971329,0.920356,-0.3572195
-0.7187158,0.9062383,-0.3265142
-0.006511459,0.920356,-0.3572195
0.01453766,0.911213,-0.3236249
-0.6944369,0.9285206,-0.3276934
-0.7241812,0.879994,-0.3076433
-0.006511459,0.9346605,-0.3273436
-0.05941803,0.9065791,-0.2650582
0.02138863,0.8785489,-0.3106612
0.02138863,0.4184112,-0.09208013
-0.6407706,0.9003798,-0.2662318
-0.7230183,0.4184112,-0.09208013
-0.006511459,0.4588705,-0.04349586
-0.1828184,0.7672492,-0.1496392
-0.2136504,0.6002676,-0.05507134
-0.5207311,0.7672493,-0.1451208
-0.6961803,0.4566802,-0.04616882
-0.4895179,0.5993915,-0.06002539
-0.006511459,0.3953256,-0.0731631
0.01614517,0.406135,-0.07717187
-0.6931447,0.3851648,-0.09287135
0.01383667,0.3974167,-0.1177009
0.01383667,0.3743312,-0.0987838
0.01383667,0.8642445,-0.3405373
0.02138863,0.8785489,-0.3106612
0.01383667,0.8990869,-0.3572195
0.01453766,0.911213,-0.3236249
0.02138863,0.8842568,-0.3881937
0.02138863,0.8494143,-0.3715113
0.02138863,0.8774624,-0.4023844
0.02138863,0.8426199,-0.385702
0.02138863,0.3676645,-0.1408529
0.02138863,0.36087,-0.1550436
0.02138863,0.3407447,-0.1279638
0.02138863,0.3308737,-0.1485803
-0.006511459,0.3743312,-0.0987838
-0.006511459,0.3407447,-0.1279638
-0.006511459,0.3286872,-0.1531469
-0.6971329,0.3286872,-0.1531469
-0.6971329,0.3407447,-0.1279638
-0.7286114,0.3308737,-0.1485803
-0.6931447,0.3641703,-0.1184921
-0.7286114,0.3407447,-0.1279638
-0.7226078,0.3710073,-0.1165645
-0.7286114,0.3676645,-0.1408529
-0.7286114,0.36087,-0.1550436
-0.7286114,0.8426199,-0.385702
-0.7161682,0.3921195,-0.0936835
-0.7210595,0.3974167,-0.1177009
-0.7317608,0.8494575,-0.3716233
-0.7220781,0.8753489,-0.396057
-0.7278699,0.8905096,-0.3843742
-0.7316821,0.8642368,-0.3397454
-0.7241812,0.879994,-0.3076433
-0.7249374,0.8997732,-0.3572894
-0.7187158,0.9062383,-0.3265142
0.8830549,-3.471374E-06,-0.2823596
0.8809632,-3.471374E-06,-0.2823596
0.8809632,-3.471374E-06,-0.2836945
0.8830549,-3.471374E-06,-0.2836945
0.9271447,-3.471374E-06,-0.2823596
0.8830549,-3.471374E-06,-0.3275997
0.8809632,-3.471374E-06,-0.3275997
0.8830549,-3.471374E-06,-0.3295246
0.8809632,-3.471374E-06,-0.3295246
0.8826015,0.001267681,-0.3299724
0.8805155,0.001267681,-0.3299724
0.8567431,0.07378902,-0.3555168
0.8549711,0.07378902,-0.3555168
0.8563125,0.07499652,-0.3559422
0.8545457,0.07499652,-0.3559422
0.9271447,-3.471374E-06,-0.2836945
0.9271447,-3.471374E-06,-0.3275997
0.9281282,-3.471374E-06,-0.2836945
0.9281282,-3.471374E-06,-0.2823596
0.9281282,-3.471374E-06,-0.3275997
0.9281282,-3.471374E-06,-0.3295246
0.9271447,-3.471374E-06,-0.3295246
0.9285759,0.001267681,-0.3299724
0.9275737,0.001267681,-0.3299724
0.9541204,0.07378902,-0.3555168
0.9520528,0.07378902,-0.3555168
0.9545457,0.07499652,-0.3559422
0.9524604,0.07499652,-0.3559422
0.9545457,0.07499652,-0.3544566
0.9541204,0.07378902,-0.3555168
0.9524604,0.07499652,-0.3544566
0.9541204,0.07378902,-0.3540243
0.9285759,0.001267681,-0.3299724
0.9285759,0.001267681,-0.3280549
0.9281282,-3.471374E-06,-0.3295246
0.9281282,-3.471374E-06,-0.3275997
0.9541204,0.07378902,-0.2582601
0.9285759,0.001267681,-0.2832564
0.9281282,-3.471374E-06,-0.2836945
0.9285759,0.001267681,-0.2819118
0.9281282,-3.471374E-06,-0.2823596
0.9541204,0.07378902,-0.2563674
0.9545457,0.07499652,-0.2578439
0.9545457,0.07499652,-0.2559421
0.9524604,0.07499652,-0.2578439
0.8563125,0.07499652,-0.3544566
0.9524604,0.07499652,-0.2559421
0.9541204,0.07378902,-0.2563674
0.8545457,0.07499652,-0.3544566
0.8549711,0.07378902,-0.3555168
0.8563125,0.07499652,-0.2578439
0.9520528,0.07378902,-0.2563674
0.9285759,0.001267681,-0.2819118
0.8563125,0.07499652,-0.2559421
0.8545457,0.07499652,-0.2578439
0.8549711,0.07378902,-0.3540243
0.9275737,0.001267681,-0.2819118
0.9281282,-3.471374E-06,-0.2823596
0.9271447,-3.471374E-06,-0.2823596
0.8567431,0.07378902,-0.2563674
0.8826015,0.001267681,-0.2819118
0.8830549,-3.471374E-06,-0.2823596
0.8805155,0.001267681,-0.2819118
0.8809632,-3.471374E-06,-0.2823596
0.8549711,0.07378902,-0.2563674
0.8545457,0.07499652,-0.2559421
0.8549711,0.07378902,-0.2563674
0.8549711,0.07378902,-0.2582601
0.8805155,0.001267681,-0.2819118
0.8805155,0.001267681,-0.2832564
0.8809632,-3.471374E-06,-0.2823596
0.8809632,-3.471374E-06,-0.2836945
0.8805155,0.001267681,-0.3280549
0.8809632,-3.471374E-06,-0.3275997
0.8805155,0.001267681,-0.3299724
0.8809632,-3.471374E-06,-0.3295246
0.8830549,-3.471374E-06,0.3134698
0.8809632,-3.471374E-06,0.3153947
0.8809632,-3.471374E-06,0.3134698
0.8830549,-3.471374E-06,0.3153947
0.9271447,-3.471374E-06,0.3134698
0.8809632,-3.471374E-06,0.3592998
0.9271447,-3.471374E-06,0.3153947
0.9281282,-3.471374E-06,0.3134698
0.9281282,-3.471374E-06,0.3153947
0.8830549,-3.471374E-06,0.3592998
0.8830549,-3.471374E-06,0.3606348
0.8809632,-3.471374E-06,0.3606348
0.9271447,-3.471374E-06,0.3606348
0.9271447,-3.471374E-06,0.3592998
0.9281282,-3.471374E-06,0.3592998
0.9281282,-3.471374E-06,0.3606348
0.9285759,0.001267681,0.359738
0.9285759,0.001267681,0.3610825
0.9281282,-3.471374E-06,0.3606348
0.9541204,0.07378902,0.386627
0.9285759,0.001267681,0.3149396
0.9281282,-3.471374E-06,0.3134698
0.9285759,0.001267681,0.313022
0.9541204,0.07378902,0.3847343
0.9541204,0.07378902,0.2889702
0.9541204,0.07378902,0.2874776
0.9545457,0.07499652,0.2885378
0.9545457,0.07499652,0.2870523
0.9545457,0.07499652,0.3851505
0.9545457,0.07499652,0.3870523
0.9524604,0.07499652,0.2885378
0.9524604,0.07499652,0.3851505
0.9545457,0.07499652,0.3870523
0.9524604,0.07499652,0.2870523
0.9545457,0.07499652,0.2870523
0.9524604,0.07499652,0.3870523
0.9541204,0.07378902,0.386627
0.9520528,0.07378902,0.2874776
0.9541204,0.07378902,0.2874776
0.9520528,0.07378902,0.386627
0.9285759,0.001267681,0.3610825
0.9275737,0.001267681,0.313022
0.9285759,0.001267681,0.313022
0.9271447,-3.471374E-06,0.3134698
0.9281282,-3.471374E-06,0.3134698
0.8830549,-3.471374E-06,0.3134698
0.8826015,0.001267681,0.313022
0.8809632,-3.471374E-06,0.3134698
0.8805155,0.001267681,0.313022
0.8567431,0.07378902,0.2874776
0.8549711,0.07378902,0.2874776
0.8563125,0.07499652,0.2870523
0.8545457,0.07499652,0.2870523
0.8563125,0.07499652,0.2885378
0.8545457,0.07499652,0.2885378
0.8563125,0.07499652,0.3851505
0.8563125,0.07499652,0.3870523
0.8545457,0.07499652,0.3851505
0.8567431,0.07378902,0.386627
0.8545457,0.07499652,0.3870523
0.8549711,0.07378902,0.386627
0.9275737,0.001267681,0.3610825
0.9281282,-3.471374E-06,0.3606348
0.9271447,-3.471374E-06,0.3606348
0.8826015,0.001267681,0.3610825
0.8805155,0.001267681,0.3610825
0.8830549,-3.471374E-06,0.3606348
0.8809632,-3.471374E-06,0.3606348
0.8549711,0.07378902,0.2889702
0.8549711,0.07378902,0.2874776
0.8545457,0.07499652,0.2870523
0.8805155,0.001267681,0.3149396
0.8805155,0.001267681,0.313022
0.8549711,0.07378902,0.3847343
0.8809632,-3.471374E-06,0.3153947
0.8809632,-3.471374E-06,0.3134698
0.8809632,-3.471374E-06,0.3592998
0.8805155,0.001267681,0.359738
0.8809632,-3.471374E-06,0.3606348
0.8805155,0.001267681,0.3610825
0.8549711,0.07378902,0.386627
0.8545457,0.07499652,0.3870523
-0.9611952,0.07499652,0.2870523
-0.9625366,0.07378902,0.2874776
-0.9629619,0.07499652,0.2870523
-0.9607646,0.07378902,0.2874776
-0.9369922,0.001267681,0.313022
-0.934906,0.001267681,0.313022
-0.9365445,-3.471374E-06,0.3134698
-0.9344528,-3.471374E-06,0.3134698
-0.9365445,-3.471374E-06,0.3153947
-0.9344528,-3.471374E-06,0.3153947
-0.9365445,-3.471374E-06,0.3592998
-0.8654549,0.07378902,0.2874776
-0.8899338,0.001267681,0.313022
-0.8650472,0.07499652,0.2870523
-0.8629619,0.07499652,0.2870523
-0.8633873,0.07378902,0.2874776
-0.8889317,0.001267681,0.313022
-0.890363,-3.471374E-06,0.3134698
-0.8893794,-3.471374E-06,0.3134698
-0.890363,-3.471374E-06,0.3153947
-0.8893794,-3.471374E-06,0.3134698
-0.8893794,-3.471374E-06,0.3153947
-0.9344528,-3.471374E-06,0.3592998
-0.890363,-3.471374E-06,0.3592998
-0.8893794,-3.471374E-06,0.3592998
-0.890363,-3.471374E-06,0.3606348
-0.8893794,-3.471374E-06,0.3606348
-0.9344528,-3.471374E-06,0.3606348
-0.9365445,-3.471374E-06,0.3606348
-0.8633873,0.07378902,0.386627
-0.8629619,0.07499652,0.3870523
-0.8650472,0.07499652,0.3870523
-0.8654549,0.07378902,0.386627
-0.8889317,0.001267681,0.3610825
-0.8899338,0.001267681,0.3610825
-0.8893794,-3.471374E-06,0.3606348
-0.890363,-3.471374E-06,0.3606348
-0.934906,0.001267681,0.3610825
-0.9344528,-3.471374E-06,0.3606348
-0.9607646,0.07378902,0.386627
-0.9369922,0.001267681,0.3610825
-0.9365445,-3.471374E-06,0.3606348
-0.9625366,0.07378902,0.386627
-0.9629619,0.07499652,0.3870523
-0.9611952,0.07499652,0.3870523
-0.9611952,0.07499652,0.3851505
-0.8650472,0.07499652,0.3851505
-0.8629619,0.07499652,0.3870523
-0.9629619,0.07499652,0.3851505
-0.9629619,0.07499652,0.3870523
-0.9625366,0.07378902,0.386627
-0.8629619,0.07499652,0.3851505
-0.8633873,0.07378902,0.386627
-0.9625366,0.07378902,0.3847343
-0.9369922,0.001267681,0.3610825
-0.9369922,0.001267681,0.359738
-0.9365445,-3.471374E-06,0.3606348
-0.9365445,-3.471374E-06,0.3592998
-0.9369922,0.001267681,0.3149396
-0.9365445,-3.471374E-06,0.3153947
-0.9625366,0.07378902,0.2889702
-0.9369922,0.001267681,0.313022
-0.9365445,-3.471374E-06,0.3134698
-0.9625366,0.07378902,0.2874776
-0.9629619,0.07499652,0.2885378
-0.9629619,0.07499652,0.2870523
-0.9611952,0.07499652,0.2885378
-0.8650472,0.07499652,0.2885378
-0.8629619,0.07499652,0.2885378
-0.8629619,0.07499652,0.2870523
-0.8633873,0.07378902,0.2874776
-0.8633873,0.07378902,0.3847343
-0.8633873,0.07378902,0.2889702
-0.8889317,0.001267681,0.313022
-0.8889317,0.001267681,0.3149396
-0.8893794,-3.471374E-06,0.3134698
-0.8893794,-3.471374E-06,0.3153947
-0.8889317,0.001267681,0.359738
-0.8889317,0.001267681,0.3610825
-0.8893794,-3.471374E-06,0.3592998
-0.8893794,-3.471374E-06,0.3606348
-0.9611952,0.07499652,-0.3559476
-0.9625366,0.07378902,-0.3555224
-0.9629619,0.07499652,-0.3559476
-0.9607646,0.07378902,-0.3555224
-0.9369922,0.001267681,-0.3299779
-0.934906,0.001267681,-0.3299779
-0.9365445,-3.471374E-06,-0.3295302
-0.9344528,-3.471374E-06,-0.3295302
-0.8654549,0.07378902,-0.3555224
-0.8650472,0.07499652,-0.3559476
-0.8899338,0.001267681,-0.3299779
-0.8629619,0.07499652,-0.3559476
-0.8633873,0.07378902,-0.3555224
-0.8889317,0.001267681,-0.3299779
-0.890363,-3.471374E-06,-0.3295302
-0.8893794,-3.471374E-06,-0.3295302
-0.8650472,0.07499652,-0.3544622
-0.9611952,0.07499652,-0.3544622
-0.9629619,0.07499652,-0.3559476
-0.8629619,0.07499652,-0.3544622
-0.8629619,0.07499652,-0.3559476
-0.8633873,0.07378902,-0.3555224
-0.9629619,0.07499652,-0.3544622
-0.9625366,0.07378902,-0.3555224
-0.8633873,0.07378902,-0.3540298
-0.8889317,0.001267681,-0.3299779
-0.8889317,0.001267681,-0.3280604
-0.8893794,-3.471374E-06,-0.3295302
-0.8893794,-3.471374E-06,-0.3276052
-0.8633873,0.07378902,-0.2582657
-0.8889317,0.001267681,-0.283262
-0.8893794,-3.471374E-06,-0.2837001
-0.8889317,0.001267681,-0.2819174
-0.8893794,-3.471374E-06,-0.2823652
-0.8633873,0.07378902,-0.256373
-0.8629619,0.07499652,-0.2578495
-0.8629619,0.07499652,-0.2559477
-0.8650472,0.07499652,-0.2578495
-0.8650472,0.07499652,-0.2559477
-0.9611952,0.07499652,-0.2578495
-0.9629619,0.07499652,-0.2578495
-0.9611952,0.07499652,-0.2559477
-0.9625366,0.07378902,-0.3540298
-0.9369922,0.001267681,-0.3280604
-0.9369922,0.001267681,-0.3299779
-0.9365445,-3.471374E-06,-0.3276052
-0.9365445,-3.471374E-06,-0.3295302
-0.9365445,-3.471374E-06,-0.2837001
-0.9625366,0.07378902,-0.2582657
-0.9369922,0.001267681,-0.283262
-0.9365445,-3.471374E-06,-0.2823652
-0.9369922,0.001267681,-0.2819174
-0.9625366,0.07378902,-0.256373
-0.9629619,0.07499652,-0.2559477
-0.9607646,0.07378902,-0.256373
-0.9629619,0.07499652,-0.2559477
-0.9625366,0.07378902,-0.256373
-0.8654549,0.07378902,-0.256373
-0.934906,0.001267681,-0.2819174
-0.9369922,0.001267681,-0.2819174
-0.8633873,0.07378902,-0.256373
-0.8629619,0.07499652,-0.2559477
-0.8889317,0.001267681,-0.2819174
-0.8899338,0.001267681,-0.2819174
-0.8893794,-3.471374E-06,-0.2823652
-0.890363,-3.471374E-06,-0.2823652
-0.9344528,-3.471374E-06,-0.2823652
-0.9365445,-3.471374E-06,-0.2823652
-0.9365445,-3.471374E-06,-0.3276052
-0.9365445,-3.471374E-06,-0.3295302
-0.9344528,-3.471374E-06,-0.3276052
-0.9365445,-3.471374E-06,-0.2837001
-0.890363,-3.471374E-06,-0.3276052
-0.8893794,-3.471374E-06,-0.3295302
-0.8893794,-3.471374E-06,-0.3276052
-0.9344528,-3.471374E-06,-0.2837001
-0.890363,-3.471374E-06,-0.2837001
-0.8893794,-3.471374E-06,-0.2837001
-0.890363,-3.471374E-06,-0.2823652
-0.8893794,-3.471374E-06,-0.2823652
-0.9344528,-3.471374E-06,-0.2823652
-0.9365445,-3.471374E-06,-0.2823652
1092
0.2620206,0.5142051
0.2620831,0.5127941
0.2595621,0.5126824
0.2594996,0.5140935
0.4740802,0.9907589
0.4752144,0.9907837
0.4752588,0.9887562
0.4741243,0.9887313
0.4379204,0.9899702
0.4749086,0.9527675
0.476043,0.9527923
0.4379649,0.9879428
0.4356662,0.9899211
0.4750156,0.947855
0.47615,0.9478799
0.4387492,0.9519789
0.4357105,0.9878936
0.3754933,0.9886086
0.3755375,0.9865813
0.4364946,0.9519298
0.3763219,0.9506173
0.4366017,0.9470173
0.3764292,0.9457049
0.4388564,0.9470664
0.4366096,0.9466683
0.3764364,0.9453561
0.4388639,0.9467177
0.436622,0.9460939
0.4750233,0.9475061
0.4761576,0.9475308
0.4388764,0.946143
0.4750357,0.9469318
0.4761702,0.9469565
0.3764492,0.9447817
0.3759565,0.9453458
0.446802,0.4793147
0.4852156,0.4801526
0.4863502,0.4801772
0.4490565,0.4793641
0.3759689,0.9447711
0.3190066,0.9441035
0.4852332,0.4793539
0.4863677,0.4793786
0.3866291,0.4780026
0.4468196,0.4785162
0.4490736,0.4785654
0.4852404,0.4790236
0.4863749,0.4790483
0.3190194,0.9435291
0.3170842,0.9440617
0.3170968,0.943487
0.3861486,0.477992
0.3291993,0.4767499
0.3272768,0.476708
0.3292165,0.4759514
0.3272942,0.4759095
0.3861662,0.4771936
0.3866467,0.4772037
0.4853678,0.4731858
0.4865022,0.4732105
0.4468268,0.4781857
0.3866537,0.4768735
0.449081,0.478235
0.4862962,0.4306154
0.4874307,0.43064
0.4492085,0.4723972
0.446954,0.472348
0.3867812,0.4710357
0.4863519,0.4280667
0.4874862,0.4280913
0.4501369,0.4298266
0.4501924,0.4272781
0.4478824,0.4297776
0.3877096,0.4284652
0.4479379,0.4272288
0.3877653,0.4259166
0.2576432,0.991984
0.2608165,0.992053
0.2608607,0.9900261
0.2576874,0.9899567
0.1621873,0.9899024
0.1622314,0.987875
0.1260018,0.9891132
0.2584718,0.9539927
0.1260462,0.9870857
0.1246313,0.9890831
0.261645,0.9540621
0.2620843,0.9900526
0.2628687,0.9540888
0.1630158,0.9519112
0.1246757,0.9870558
0.1062598,0.9886823
0.2585788,0.9490802
0.2617521,0.9491495
0.1631228,0.9469984
0.1268304,0.9511218
0.1063042,0.9866552
0.1030524,0.9886125
0.1030966,0.9865853
0.103881,0.9506215
0.2585863,0.9487314
0.2617597,0.9488009
0.1631305,0.9466498
0.258599,0.9481567
0.2617722,0.9482256
0.1254601,0.9510921
0.1070884,0.9506913
0.1039879,0.9457089
0.1269375,0.9462093
0.125567,0.9461794
0.1071955,0.9457788
0.1039956,0.94536
0.1269452,0.9458607
0.1072033,0.94543
0.1040082,0.9447851
0.1255747,0.9458307
0.1631431,0.9460748
0.1072156,0.9448551
0.1141883,0.4780063
0.1255873,0.9452559
0.1269576,0.9452857
0.1733232,0.4792961
0.1173956,0.4780764
0.1142058,0.4772079
0.1357672,0.4784772
0.1371376,0.4785069
0.268779,0.4813779
0.2719523,0.4814472
0.1733405,0.4784975
0.2687966,0.4805793
0.2719698,0.4806487
0.2688037,0.4802487
0.2719768,0.480318
0.137155,0.4777084
0.268931,0.474411
0.2721041,0.4744801
0.1733477,0.4781667
0.1357845,0.4776784
0.1371621,0.4773777
0.1734748,0.472329
0.2698594,0.4318408
0.1174132,0.4772778
0.1357918,0.4773479
0.1174203,0.4769471
0.1142128,0.4768771
0.1372894,0.4715399
0.1175476,0.4711094
0.1143401,0.4710393
0.1359192,0.47151
0.1744034,0.4297589
0.118476,0.4285391
0.1152685,0.4284692
0.1368476,0.4289401
0.1382179,0.4289698
0.1185315,0.4259905
0.115324,0.4259206
0.1369032,0.4263913
0.1382736,0.4264212
0.1744591,0.4272101
0.2699151,0.429292
0.2730327,0.4319098
0.2730882,0.4293614
0.2733279,0.4745068
0.2742562,0.4319367
0.2654223,0.5582065
0.2615381,0.5566209
0.2614755,0.5580319
0.2654847,0.5567954
0.3842016,0.5620502
0.384139,0.5634611
0.4292051,0.5640422
0.4291423,0.5654531
0.4309094,0.5641177
0.430847,0.5655285
0.4537573,0.5651289
0.4536955,0.5665399
0.4576841,0.5667165
0.4577468,0.5653053
0.4557482,0.5201578
0.4597374,0.5203344
0.4329,0.5191466
0.4558723,0.5173542
0.4598616,0.5175307
0.4311957,0.5190712
0.459185,0.4425185
0.4631737,0.442695
0.4631737,0.442695
0.4593657,0.4384326
0.4330237,0.5163428
0.4363362,0.4415072
0.4365173,0.4374214
0.3861925,0.5170791
0.4313197,0.5162675
0.4346322,0.4414317
0.434813,0.4373459
0.3896287,0.4394396
0.3898098,0.4353538
0.2674753,0.5118244
0.3863163,0.5142756
0.2709116,0.4341851
0.2710926,0.4300993
0.2675995,0.5090207
0.2669651,0.4340103
0.2654437,0.4339429
0.2636525,0.5088462
0.262131,0.5087789
0.2635289,0.5116498
0.2620067,0.5115824
0.2600164,0.5565537
0.2314145,0.9245428
0.2282795,0.9248321
0.2314107,0.9248691
0.2282833,0.9245061
0.1340885,0.9237194
0.2282927,0.923718
0.2314239,0.9237549
0.1340923,0.9233932
0.1329762,0.9237062
0.2337341,0.463124
0.2368653,0.4631609
0.2368722,0.4625937
0.1341017,0.9226049
0.13298,0.92338
0.09838238,0.9232976
0.2337406,0.4625568
0.2368762,0.4622494
0.2337449,0.4622125
0.1395536,0.4610997
0.1395431,0.4620112
0.1395494,0.4614441
0.1384417,0.4610866
0.1329894,0.9225919
0.1384308,0.4619979
0.1384375,0.4614308
0.103837,0.4615893
0.1038437,0.4610221
0.1038479,0.4606779
0.1024916,0.4610063
0.1024955,0.4606619
0.0843633,0.460792
0.08436763,0.4604477
0.08120215,0.4604104
0.0811982,0.4607546
0.08125976,0.4555629
0.08442448,0.4556003
0.08484378,0.4201129
0.08167909,0.4200755
0.1029721,0.420327
0.1025529,0.4558146
0.1043246,0.4203431
0.1039049,0.4558304
0.1400303,0.4207648
0.1396108,0.4562524
0.2342211,0.4218777
0.2338022,0.4573651
0.2385601,0.4219288
0.2381409,0.4574162
0.07890612,0.9227411
0.07574105,0.9227037
0.07573707,0.92303
0.07890198,0.9230676
0.09703402,0.9229554
0.07883427,0.9288276
0.07566883,0.9287903
0.09703025,0.9232817
0.09838638,0.9229712
0.07833746,0.970834
0.07517275,0.9707966
0.07830784,0.9733489
0.07514295,0.9733112
0.09646593,0.9710481
0.09696217,0.9290418
0.0983143,0.9290581
0.09781824,0.971064
0.1335236,0.9714859
0.1340204,0.9294798
0.2282116,0.9305925
0.2277148,0.9725987
0.2325499,0.9306439
0.2320538,0.9726499
0.09839559,0.9221832
0.09803133,0.922967
0.09804094,0.922179
0.1034823,0.4615851
0.1034885,0.4610179
0.04728678,0.4609213
0.04729372,0.460354
0.04184543,0.9215151
0.04539004,0.4608988
0.0453968,0.4603316
0.04183659,0.9223032
0.09803133,0.922967
0.03993946,0.9222808
0.0399487,0.9214927
0.03836958,0.9222624
0.0386643,0.9214777
0.04410562,0.4608837
0.03399894,0.9214224
0.03944027,0.4608286
0.03643371,0.460793
0.03099239,0.921387
0.335254,0.981246
0.3362639,0.9838367
0.3363832,0.9812993
0.3351347,0.9837834
0.2992552,0.9795535
0.2991358,0.9820904
0.3012479,0.9371722
0.3372468,0.938865
0.2970107,0.979448
0.2968913,0.9819851
0.2369862,0.9791684
0.2371055,0.9766312
0.2390984,0.9342502
0.2990035,0.9370669
0.2992767,0.931255
0.2416161,0.9285435
0.3015213,0.9313604
0.2992924,0.9309255
0.3375201,0.9330532
0.3383761,0.9389183
0.3386493,0.9331062
0.3015367,0.9310311
0.2993298,0.9301306
0.3375356,0.9327241
0.3386647,0.9327773
0.3015741,0.9302362
0.3211808,0.465426
0.337573,0.9319291
0.3387021,0.931982
0.3234253,0.4655312
0.3212078,0.4648536
0.3594242,0.4672242
0.3605532,0.4672772
0.3234521,0.4649592
0.321224,0.4645064
0.359451,0.4666519
0.3605804,0.4667049
0.3234685,0.4646121
0.3594673,0.4663047
0.3605965,0.4663578
0.3596974,0.461414
0.3608266,0.4614669
0.3236984,0.459721
0.3214541,0.4596156
0.3253821,0.4239172
0.3613809,0.4256096
0.3231376,0.4238116
0.261549,0.456799
0.2633372,0.4617844
0.2632324,0.4209948
0.08996579,0.421303
0.06711748,0.4202917
0.06694102,0.4242772
0.08978912,0.4252887
0.09166998,0.4213783
0.06362861,0.4991124
0.06295165,0.4241007
0.05963922,0.498936
0.05951527,0.5017399
0.06350449,0.5019163
0.05752432,0.5467109
0.09149358,0.425364
0.1366731,0.4233704
0.08647707,0.5001238
0.06151381,0.5468875
0.05746228,0.5481215
0.06145141,0.5482982
0.1364968,0.4273559
0.2553903,0.428625
0.08818129,0.5001993
0.08635277,0.502928
0.08436218,0.5478987
0.08429989,0.5493096
0.08805719,0.5030033
0.08606663,0.5479742
0.08600405,0.5493848
0.1331843,0.5021914
0.1310695,0.5499662
0.1310071,0.5513766
0.13306,0.504995
0.2519011,0.5074458
0.2497869,0.5552208
0.2497242,0.5566315
0.253671,0.5568064
0.2537334,0.5553955
0.2517773,0.5102499
0.2557238,0.5104246
0.2558478,0.5076206
0.2552139,0.4326107
0.2591604,0.4327856
0.2606821,0.4328527
0.06533962,0.816306
0.06958663,0.8096914
0.06394202,0.8134348
0.06928629,0.8164808
0.06609815,0.8885126
0.06215149,0.8883377
0.1848146,0.8937674
0.1880032,0.8217354
0.1862164,0.8938292
0.1883039,0.8149458
0.233131,0.8209234
0.2333069,0.8169379
0.2460964,0.9007353
0.2485341,0.8997761
0.2492458,0.8978254
0.2461717,0.8990308
0.1737961,0.9308707
0.1738718,0.9291662
0.1731789,0.9312917
0.1732547,0.9295876
0.1742657,0.9067391
0.1748713,0.9065789
0.2464903,0.8918378
0.1750476,0.9025898
0.1744421,0.9027501
0.246667,0.8878485
0.2490337,0.8884879
0.2491044,0.8918899
0.2501469,0.8982257
0.2490337,0.8884879
0.250407,0.8923454
0.3325966,0.9220039
0.334066,0.9236907
0.3325966,0.9220039
0.3331333,0.9240102
0.3338053,0.929571
0.3302528,0.9208335
0.3324679,0.9299096
0.3320965,0.933292
0.3320965,0.933292
0.3296826,0.9337198
0.3301774,0.9225374
0.3298591,0.9297307
0.2596466,0.9127088
0.2598231,0.9087197
0.2590572,0.9124954
0.2592337,0.9085065
0.2602449,0.8856581
0.2608226,0.8861321
0.2608982,0.8844277
0.2603204,0.8839538
0.2504233,0.8187951
0.2502424,0.8228809
0.2730909,0.8238921
0.2732716,0.8198063
0.2747951,0.8239678
0.2749762,0.8198822
0.3196868,0.8284811
0.3150844,0.9007334
0.3164857,0.9007953
0.3199794,0.8218738
0.4352024,0.9060502
0.4384034,0.8337355
0.438696,0.8271285
0.4391493,0.9062247
0.4439837,0.8314564
0.4423506,0.8339103
0.1124871,0.581286
0.09657293,0.5816432
0.0965746,0.5908793
0.1125937,0.5905628
0.2475269,0.5788105
0.1165734,0.8167189
0.1005565,0.8170044
0.247578,0.5880957
0.2608647,0.5788278
0.1168238,0.8271448
0.1009184,0.8273851
0.2514743,0.8144078
0.2517908,0.8248255
0.2601804,0.5878751
0.2663992,0.5785367
0.2640659,0.8142033
0.2650501,0.82449
0.2705736,0.824537
0.2708362,0.8141835
0.3055564,0.8218432
0.2669572,0.5876718
0.3013857,0.5800213
0.3052167,0.8139362
0.3171825,0.822013
0.3014129,0.5867476
0.3139785,0.5791909
0.3157687,0.8137769
0.3299738,0.8242761
0.3119856,0.586541
0.3278058,0.5864767
0.3272759,0.573134
0.467845,0.5736058
0.33012,0.8135849
0.4706141,0.8209316
0.4645485,0.5864268
0.3540993,0.6278104
0.4392974,0.6278344
0.3561375,0.7708184
0.4674209,0.8077654
0.4410753,0.7676684
0.4785665,0.5863553
0.4779716,0.5791481
0.4827175,0.8096458
0.4785952,0.5688846
0.4902038,0.5776291
0.4253507,0.4459901
0.4154221,0.4504809
0.4201159,0.4344881
0.4102184,0.440124
0.4514938,0.420313
0.4567539,0.4318117
0.4561654,0.4181703
0.4614303,0.429675
0.5120439,0.5563322
0.5167679,0.5542536
0.5210225,0.5718166
0.5283294,0.570044
0.4911997,0.5861315
0.5246193,0.5826871
0.5345321,0.5820226
0.5371589,0.8124468
0.5272674,0.8120067
0.5303296,0.8257797
0.4943263,0.809455
0.5231128,0.8239849
0.4914437,0.8163771
0.5141577,0.8400012
0.51884,0.8422109
0.4590837,0.9648027
0.4821991,0.8143879
0.4809358,0.8263211
0.4544834,0.9625064
0.4534027,0.976118
0.4488119,0.9738086
0.4235793,0.9472436
0.4130213,0.9420562
0.4180214,0.9582896
0.4093987,0.9523878
0.02014002,0.7370533
0.0111078,0.7412785
0.01474306,0.7498114
0.0238685,0.7455797
0.1801853,0.6641052
0.1181617,0.9531677
0.1090391,0.9574004
0.1836753,0.6727825
0.1896385,0.6603814
0.1225956,0.9626402
0.113617,0.966758
0.2828531,0.8803204
0.2824265,0.8924003
0.1942338,0.6684481
0.1948445,0.6581169
0.2898772,0.8752728
0.2959015,0.8847702
0.3020349,0.8830383
0.3003373,0.870588
0.3140489,0.8762001
0.2043453,0.6637974
0.2066336,0.6511553
0.3104419,0.8661066
0.3286291,0.8701033
0.2131313,0.6587495
0.2215382,0.6451502
0.3199034,0.8615956
0.3423295,0.8678009
0.2224762,0.6552699
0.2516812,0.6452287
0.2307396,0.6329505
0.3950357,0.5545363
0.3476736,0.8358514
0.506894,0.7913673
0.3934386,0.5764183
0.2958136,0.6644325
0.3727993,0.63257
0.3594171,0.7975596
0.4899043,0.7797467
0.4326426,0.7605076
0.410891,0.5646933
0.4033329,0.5579482
0.5147622,0.771337
0.4042079,0.547167
0.4143934,0.5536705
0.2630526,0.4520321
0.2570662,0.461031
0.2517729,0.4446183
0.2470039,0.4552957
0.2590313,0.4365896
0.2692688,0.4425808
0.2637318,0.4361182
0.2721384,0.4382249
0.4155551,0.5408116
0.4185075,0.5365623
0.4259482,0.5455877
0.4311665,0.5407674
0.4199609,0.5596231
0.432646,0.5530876
0.4407549,0.5489189
0.5408162,0.7616169
0.5324728,0.7652905
0.5412212,0.7748635
0.5244867,0.7673957
0.5344009,0.775743
0.5242342,0.7800839
0.5305059,0.7855009
0.5356436,0.7863167
0.5080566,0.9604835
0.5139237,0.7822165
0.5181893,0.789516
0.5029756,0.9596252
0.5059199,0.9729824
0.5008394,0.9721157
0.4916245,0.9577238
0.479815,0.9557557
0.4895358,0.9699418
0.4793292,0.9667558
0.05765569,0.5875368
0.03879883,0.5881642
0.03893002,0.5975295
0.05788236,0.5969344
0.1917763,0.583529
0.0644415,0.8260893
0.04549381,0.8266528
0.1919429,0.5929369
0.2053008,0.5833928
0.06482372,0.8366498
0.0459826,0.8371812
0.1982936,0.8222458
0.1987463,0.8327979
0.2047226,0.592567
0.2109065,0.5830336
0.2110373,0.8218946
0.2121726,0.8323147
0.2177696,0.8323067
0.2178897,0.8217981
0.2519627,0.8292397
0.2115944,0.5922819
0.2451152,0.5841807
0.2513971,0.8211738
0.2656778,0.8295254
0.2452502,0.5909912
0.2591009,0.5832069
0.2633281,0.8208107
0.2799449,0.8337339
0.2572643,0.5906192
0.2731242,0.5903708
0.2723646,0.5771163
0.4121608,0.5757268
0.2803509,0.819995
0.4203667,0.8273834
0.4090818,0.5875831
0.2947758,0.6188145
0.3857532,0.6280084
0.3041316,0.7782856
0.4165767,0.8120914
0.390471,0.7735205
0.4273152,0.5880218
0.4262218,0.5832392
0.4324967,0.8121622
0.4238687,0.569503
0.4364954,0.5787845
0.3619774,0.4517283
0.3511778,0.4576144
0.3558241,0.4404956
0.3451096,0.4475403
0.385344,0.4244068
0.391519,0.4356322
0.389907,0.4218933
0.3960826,0.4331187
0.4555907,0.5547837
0.4602029,0.552314
0.4680315,0.5722719
0.4752315,0.5700121
0.4398195,0.5873995
0.4721955,0.583196
0.4822155,0.58231
0.488856,0.8156066
0.4788225,0.8153319
0.4822626,0.8292834
0.4465491,0.8135455
0.4749657,0.8275098
0.4440477,0.820951
0.4646175,0.8463955
0.4694018,0.8485487
0.4125042,0.9711108
0.4346811,0.8191776
0.4320619,0.833343
0.4077903,0.9688903
0.4070415,0.9826988
0.40233,0.9804758
0.3772707,0.9546466
0.3652837,0.949093
0.3719211,0.9659822
0.3618704,0.9596742
0.4746852,0.8241498
0.4843324,0.8240274
0.4845257,0.8150833
0.4747982,0.8151575
0.3042917,0.8237817
0.4752922,0.594622
0.4850156,0.5945453
0.3045297,0.8147596
0.2904426,0.8238485
0.475109,0.5845087
0.4846746,0.5844381
0.3016617,0.5932168
0.3066493,0.5827571
0.2922449,0.8147102
0.2844332,0.8249805
0.2920641,0.5948165
0.292391,0.5854481
0.2842467,0.5835114
0.2824158,0.5944738
0.2727019,0.5833048
0.2809973,0.8145832
0.2713098,0.8236738
0.2717838,0.5941718
0.2586986,0.5848075
0.270152,0.8145736
0.2546516,0.8231956
0.2623695,0.5948576
0.2457823,0.5811107
0.2598669,0.8143066
0.2393761,0.797388
0.2402159,0.8280657
0.06691182,0.8251158
0.2416277,0.6111661
0.07423253,0.5738068
0.07782594,0.8069037
0.183678,0.7554473
0.1237813,0.7431856
0.1855333,0.6498091
0.08372248,0.5913324
0.1263025,0.6575115
0.05765576,0.8094594
0.06123716,0.8185644
0.05862302,0.5875749
0.05578304,0.8275026
0.04982687,0.8174446
0.1362355,0.9710957
0.1455717,0.965761
0.142254,0.9817812
0.1515149,0.9753597
0.1325895,0.9872624
0.1265585,0.9766065
0.1282546,0.9897208
0.1222316,0.9790788
0.04321457,0.8280028
0.03881163,0.8303797
0.0363257,0.8193555
0.02971698,0.821233
0.04761673,0.8098834
0.03381891,0.8099748
0.02500222,0.8100151
0.03190929,0.5845048
0.04071064,0.5850035
0.03738064,0.5729594
0.0485164,0.5866882
0.04364408,0.5752028
0.05431575,0.5759321
0.05128852,0.5685613
0.04720242,0.5656258
0.1464188,0.4270039
0.06414831,0.5785981
0.06366748,0.5704838
0.1505107,0.4299742
0.1539511,0.4187825
0.1601429,0.4202427
0.1594047,0.4366457
0.1688125,0.4433501
0.1669085,0.4264136
0.1736654,0.4340973
0.9691294,0.1560042
0.9691091,0.1532831
0.9673724,0.1532962
0.9673929,0.1560172
0.9695604,0.2133603
0.9102769,0.1564464
0.9102565,0.1537254
0.9077728,0.1564652
0.9077523,0.1537443
0.9061143,0.1558883
0.906094,0.1531745
0.811519,0.1229576
0.8115017,0.1206522
0.8099442,0.1224096
0.8099269,0.1201111
0.9678237,0.2133734
0.9107078,0.2138026
0.9678333,0.2146529
0.96957,0.2146399
0.9107174,0.2150819
0.9082133,0.2151007
0.9082037,0.2138214
0.9065638,0.2156961
0.906554,0.2143917
0.812471,0.2496356
0.8124508,0.2469454
0.8109045,0.2502005
0.8108841,0.2474879
0.8089719,0.2502151
0.8103629,0.2517756
0.8089515,0.2475024
0.8084212,0.2517902
0.7778412,0.346368
0.7753468,0.3463867
0.7772712,0.348026
0.7747672,0.3480448
0.6838422,0.2527264
0.7170686,0.3468247
0.7176512,0.348474
0.7153196,0.3468378
0.7159147,0.348487
0.6813801,0.2527449
0.6832889,0.2511595
0.6808149,0.2511781
0.6832685,0.2484469
0.8080116,0.1224239
0.6807945,0.2484657
0.6792397,0.2506368
0.8079942,0.1201256
0.8093617,0.1185444
0.6823286,0.1233684
0.6792196,0.2479471
0.5846476,0.2181153
0.6798546,0.123387
0.6823113,0.1210701
0.8074202,0.118559
0.5846378,0.2168112
0.5829894,0.2175452
0.5829797,0.2162655
0.6782878,0.1239591
0.5841982,0.1583073
0.5825487,0.1589093
0.5841777,0.1555934
0.5825282,0.1561885
0.6782705,0.1216541
0.6798373,0.1210887
0.6803789,0.1195137
0.6828411,0.1194952
0.7129003,0.02492127
0.7146494,0.02490814
0.7134705,0.02326351
0.715207,0.02325047
0.7729276,0.02447017
0.7723231,0.02282099
0.7754222,0.02445143
0.7748271,0.02280217
0.9605742,0.158022
0.9633142,0.1605058
0.9632952,0.1580015
0.960593,0.1605262
0.903218,0.1584544
0.9637446,0.2176216
0.9032369,0.1609585
0.9019386,0.1584641
0.9019577,0.1609682
0.9610236,0.217642
0.9610366,0.2193789
0.9637578,0.2193583
0.9036804,0.219811
0.9036674,0.2180742
0.9023876,0.2180839
0.902401,0.2198207
0.9007379,0.2186665
0.9007511,0.2204156
0.9024005,0.2198206
0.8066583,0.2543553
0.9003,0.1603882
0.9019393,0.158464
0.9002813,0.1578941
0.8066398,0.2518932
0.8057035,0.127314
0.805689,0.1253721
0.8041284,0.1267634
0.8041136,0.1248309
0.8050729,0.2524463
0.8050915,0.2549202
0.8014158,0.1267838
0.8023602,0.2524665
0.8050915,0.2549204
0.8014011,0.1248512
0.8041136,0.1248308
0.8023789,0.2549407
0.8045502,0.2564954
0.8008589,0.1232847
0.8035488,0.1232645
0.8018605,0.2565157
0.7720285,0.3510876
0.7683049,0.02918155
0.7696093,0.02917175
0.7677348,0.02753164
0.7690138,0.02752203
0.7103783,0.02796265
0.7098016,0.02962118
0.7076576,0.02798311
0.7070878,0.02964158
0.6768709,0.1242166
0.6745658,0.1242339
0.6763229,0.1257913
0.6740246,0.1258086
0.6763374,0.1277237
0.6740391,0.127741
0.6772819,0.2534065
0.6773005,0.2558806
0.6749836,0.2534238
0.6778725,0.2574473
0.6750022,0.2558979
0.6755674,0.2574646
0.7707248,0.3510974
0.7714586,0.3527457
0.7701789,0.3527553
0.7122208,0.3515372
0.7095069,0.3515576
0.7128227,0.3531864
0.7101019,0.3532068
0.6724722,0.1283152
0.6724576,0.1263735
0.6740243,0.1258086
0.5783837,0.1628077
0.5783649,0.1603132
0.6734084,0.2528943
0.5767343,0.1634122
0.5767156,0.1609081
0.5771638,0.2205281
0.5788217,0.2210858
0.5771769,0.2222647
0.5788349,0.2228348
0.6734272,0.2553563
0.6750022,0.2558979
0.8157128,0.1712647
0.8172704,0.1695075
0.8156956,0.1689661
0.8172878,0.1718131
0.9118627,0.2020289
0.9118831,0.2047433
0.913521,0.2025994
0.9135414,0.2053202
0.916025,0.2025806
0.9160455,0.2053013
0.9731411,0.2021511
0.8182197,0.2958007
0.9123228,0.2632472
0.816653,0.2963429
0.8166734,0.2990555
0.8182399,0.2984906
0.9123326,0.264551
0.9139726,0.2626764
0.9139822,0.2639562
0.9164767,0.2626576
0.9139823,0.263956
0.9164863,0.2639372
0.9731615,0.2048721
0.9735925,0.2622283
0.9736021,0.263508
0.9753293,0.2622153
0.9753389,0.2634949
0.9748981,0.2048591
0.9748777,0.2021381
0.6850088,0.299492
0.686584,0.3000333
0.6865636,0.2973207
0.6849886,0.296802
0.5904166,0.2669704
0.5904068,0.2656668
0.5887585,0.2664003
0.5887489,0.2651207
0.5899671,0.2071627
0.5883179,0.2077646
0.6840569,0.1728142
0.5899467,0.2044487
0.5882975,0.2050436
0.6840395,0.1705088
0.6856062,0.169944
0.6856235,0.1722423
0.6880978,0.1722237
0.6890377,0.2973021
0.6865839,0.3000333
0.6880804,0.1699254
0.6856064,0.1699439
0.686148,0.1683687
0.6890581,0.3000147
0.687149,0.3016002
0.6886101,0.1683502
0.7186695,0.07377654
0.7204186,0.07376342
0.7192395,0.07211868
0.7209762,0.07210562
0.7786967,0.07332546
0.7780922,0.07167627
0.8131889,0.167414
0.7811912,0.07330669
0.7805963,0.07165746
0.8151308,0.1673994
0.8137634,0.1689808
0.8156956,0.1689663
0.8137807,0.1712792
0.8147206,0.2963576
0.814741,0.29907
0.8166734,0.2990555
0.8161321,0.3006306
0.6896111,0.3015817
0.8141902,0.3006452
0.7836104,0.3952229
0.7811161,0.3952416
0.7830404,0.396881
0.7805361,0.3968998
0.7228379,0.3956797
0.7210889,0.3956929
0.7234204,0.3973292
0.7216837,0.3973423
0.8187584,0.1399959
0.8203161,0.1382387
0.8187412,0.1376974
0.8203334,0.1405444
0.9149082,0.1707603
0.9149287,0.1734746
0.9165664,0.1713305
0.9165871,0.1740515
0.8212648,0.2645318
0.819698,0.2650739
0.915368,0.2319787
0.8197184,0.2677866
0.821285,0.2672217
0.9153779,0.2332824
0.9170177,0.2314079
0.9170273,0.2326877
0.8177655,0.2650887
0.8168255,0.1400102
0.8187411,0.1376974
0.8177861,0.2678011
0.8197184,0.2677866
0.8191769,0.2693616
0.8168082,0.1377119
0.8181757,0.1361307
0.8172354,0.2693762
0.7866555,0.363954
0.784161,0.3639728
0.7860854,0.365612
0.7835814,0.3656308
0.6926562,0.2703128
0.7258828,0.3644107
0.7264652,0.3660603
0.7241338,0.3644239
0.7247286,0.3660733
0.6901941,0.2703313
0.692103,0.2687458
0.689629,0.2687644
0.6920826,0.2660332
0.6896088,0.2660518
0.6911427,0.1409547
0.6911255,0.1386564
0.688669,0.1409733
0.8162342,0.1361452
0.781742,0.04205669
0.7842366,0.04203794
0.7811375,0.04040728
0.7836416,0.04038846
0.7240216,0.04083651
0.6916552,0.1370812
0.7234638,0.04249441
0.7222849,0.04084954
0.7217148,0.04250755
0.6891929,0.1370997
0.6886517,0.138675
0.6871023,0.1415454
0.6886518,0.138675
0.687085,0.1392399
0.6880338,0.2655331
0.5930125,0.1758935
0.5929921,0.1731794
0.688054,0.2682231
0.6896291,0.2687644
0.5934618,0.2357015
0.593452,0.2343976
0.5918038,0.2351313
0.5917943,0.2338515
0.5913633,0.1764953
0.5913428,0.1737743
0.9190708,0.1713117
0.9165666,0.1713305
0.9190912,0.1740327
0.9761869,0.1708832
0.9195216,0.2313891
0.9170272,0.2326872
0.9195312,0.2326687
0.9762073,0.1736042
0.9766377,0.2309604
0.9766473,0.2322399
0.9783741,0.2309473
0.9783838,0.2322268
0.9779439,0.1735911
0.9779234,0.1708702
1
4548
0
1
2
0
2
3
4
5
6
4
6
7
8
4
7
6
9
7
6
10
9
8
7
11
12
8
11
10
13
9
10
14
13
15
7
9
15
11
7
12
11
16
16
17
12
16
18
17
19
16
11
19
18
16
19
11
15
19
20
18
21
20
19
21
19
15
21
22
20
23
15
9
21
15
23
23
9
13
24
22
21
24
21
23
24
25
22
26
23
13
24
23
26
27
25
24
27
24
26
26
13
28
14
28
13
14
29
28
30
26
28
27
26
30
29
31
28
30
28
31
29
32
31
27
33
25
33
34
25
35
27
30
35
33
27
32
36
31
32
37
36
38
30
31
35
30
38
38
31
36
33
39
34
39
40
34
37
41
36
37
42
41
35
43
33
43
39
33
44
35
38
44
43
35
45
38
36
45
36
41
44
38
45
42
46
41
46
45
41
42
47
46
39
48
40
48
49
40
48
50
49
43
51
39
51
48
39
52
50
48
51
52
48
52
53
50
54
53
52
54
55
53
56
54
52
56
52
51
57
56
51
57
51
43
44
57
43
47
58
46
47
59
58
60
57
44
60
61
57
58
62
46
62
60
44
46
62
45
62
44
45
59
63
58
59
64
63
58
65
62
65
60
62
63
65
58
66
61
60
65
66
60
66
67
61
64
68
63
64
69
68
63
70
65
68
70
63
70
66
65
68
71
70
72
67
66
70
72
66
71
72
70
72
73
67
71
74
72
74
73
72
74
75
73
76
77
78
76
78
79
80
76
79
80
79
81
82
80
81
78
83
79
81
79
83
82
81
84
85
82
84
78
86
83
87
86
78
87
88
86
81
83
89
84
81
89
85
84
90
90
91
85
86
92
83
86
93
92
83
94
89
83
92
94
84
89
95
90
84
95
94
95
89
90
96
91
97
91
96
97
96
98
99
98
96
93
100
92
93
101
100
92
102
94
92
100
102
101
103
100
102
100
103
101
104
103
105
96
90
90
95
105
99
96
106
105
106
96
107
99
106
94
108
95
102
108
94
95
109
105
109
106
105
95
108
109
107
106
110
109
110
106
111
107
110
102
112
108
109
108
112
111
110
113
114
111
113
115
110
109
109
112
115
115
113
110
112
102
116
102
103
116
114
113
117
118
114
117
119
113
115
119
117
113
115
112
120
112
116
120
115
120
119
103
121
116
121
120
116
118
117
122
123
118
122
124
117
119
124
122
117
119
120
125
121
125
120
119
125
124
103
126
121
104
126
103
104
127
126
128
125
121
126
128
121
127
129
126
126
129
128
127
130
129
130
131
129
131
128
129
130
132
131
124
125
133
128
133
125
132
134
131
132
135
134
131
136
128
136
133
128
134
136
131
124
133
137
137
122
124
136
138
133
138
137
133
134
139
136
139
138
136
135
140
134
140
139
134
137
141
122
123
122
141
138
142
137
142
141
137
143
123
141
142
143
141
143
144
123
139
145
138
145
142
138
146
144
143
146
147
144
148
143
142
145
148
142
148
146
143
149
145
139
140
149
139
150
147
146
150
151
147
152
146
148
152
150
146
153
148
145
149
153
145
153
152
148
154
151
150
154
155
151
156
154
150
156
150
152
157
156
152
157
152
153
158
157
153
158
153
149
159
158
149
159
149
140
160
159
140
160
161
159
135
160
140
162
160
135
162
163
160
164
165
166
164
167
165
168
167
164
168
164
169
170
168
169
170
169
171
172
170
171
172
171
173
173
174
172
173
175
174
176
174
175
176
177
174
177
178
174
172
174
178
177
179
178
180
170
172
172
178
180
179
181
178
180
178
181
179
182
181
183
168
170
180
183
170
182
184
181
182
185
184
184
185
186
184
186
187
180
181
188
188
181
184
188
183
180
189
184
187
188
184
189
189
187
190
183
191
168
191
167
168
188
192
183
189
192
188
192
191
183
193
189
190
189
193
192
193
190
194
195
193
194
192
193
195
195
194
196
191
197
167
197
165
167
192
198
191
192
195
198
198
197
191
199
195
196
198
195
199
199
196
200
198
199
201
198
201
197
202
199
200
201
199
202
202
200
203
201
202
204
204
202
203
197
201
204
204
203
205
197
204
206
206
204
205
197
206
165
206
205
207
165
206
207
165
207
208
209
210
211
209
212
210
212
213
210
214
212
209
214
209
215
212
216
213
216
217
213
218
214
215
218
215
219
220
218
219
221
212
214
221
216
212
216
222
217
222
223
217
220
224
218
225
224
220
225
226
224
227
224
226
228
214
218
224
228
218
228
221
214
227
229
224
224
229
228
230
229
227
231
216
221
231
222
216
232
221
228
229
232
228
232
231
221
230
233
229
229
233
232
234
231
232
233
234
232
230
235
233
233
235
234
230
236
235
237
235
236
237
236
238
238
239
237
238
240
239
241
239
240
241
242
239
243
241
240
243
240
244
245
243
244
245
246
243
247
245
244
247
244
248
249
247
248
249
248
250
251
249
250
251
250
252
253
251
252
253
252
254
255
253
254
255
254
256
257
258
259
257
259
260
261
257
260
259
262
260
259
263
262
261
260
264
264
260
262
265
261
264
263
266
262
263
267
266
267
268
266
267
269
268
262
266
270
264
262
271
262
270
271
271
223
264
265
264
223
270
272
271
271
272
223
270
273
272
272
273
274
272
274
275
274
276
275
274
277
276
278
276
277
278
277
279
222
265
223
280
265
222
280
222
231
280
281
265
234
280
231
280
282
281
234
282
280
234
283
282
235
283
234
235
284
283
284
285
283
284
286
285
283
287
282
283
285
287
286
288
285
286
289
288
282
287
290
282
290
291
287
292
290
285
293
287
287
293
292
285
288
293
294
292
293
294
293
295
295
293
288
295
288
296
296
297
295
296
298
297
299
297
298
299
300
297
301
302
303
301
304
302
305
304
301
305
306
304
307
305
301
307
301
308
309
306
305
309
310
306
309
311
310
309
312
311
313
312
309
314
309
305
313
309
314
314
305
307
315
313
314
315
314
307
315
316
313
315
307
317
317
307
308
318
315
317
317
308
319
319
308
320
319
320
321
318
317
322
322
317
319
323
318
322
324
319
321
322
319
324
324
321
325
323
322
326
326
322
324
327
323
326
328
324
325
326
324
328
328
325
329
327
326
330
330
326
328
331
327
330
332
328
329
330
328
332
332
329
333
331
330
334
334
330
332
335
331
334
336
332
333
334
332
336
336
333
337
338
334
336
335
334
338
339
336
337
338
336
339
339
337
340
341
339
340
341
340
342
343
338
339
343
339
341
344
335
338
344
338
343
345
343
341
345
341
346
347
343
345
347
344
343
348
335
344
347
348
344
348
349
335
347
350
348
351
352
353
351
353
354
355
351
354
354
353
356
356
353
357
356
357
358
356
358
359
356
359
360
360
359
361
355
354
362
363
355
362
354
356
364
364
356
360
360
361
365
365
361
366
365
366
367
363
362
368
369
363
368
370
362
354
370
354
364
368
362
370
364
360
371
371
360
365
370
364
371
372
365
367
371
365
372
372
367
373
370
371
374
374
371
372
375
372
373
374
372
375
375
373
376
377
370
374
368
370
377
378
375
376
378
376
379
380
374
375
377
374
380
380
375
378
381
368
377
381
377
380
382
378
379
382
379
383
384
382
383
384
385
382
386
380
378
386
378
382
385
386
382
381
380
386
385
387
386
387
381
386
387
388
381
381
389
368
388
389
381
369
368
389
388
390
389
391
369
389
391
389
390
392
393
394
392
395
393
396
395
392
396
392
397
398
395
396
399
393
395
398
399
395
400
399
398
399
401
393
400
402
399
402
401
399
402
403
401
404
405
406
404
406
407
408
404
407
408
407
409
410
408
409
410
409
411
409
412
411
407
413
409
409
413
412
406
414
407
407
414
413
412
413
415
412
415
416
413
417
415
413
414
417
414
418
417
406
419
414
414
419
418
420
419
406
421
418
419
420
422
419
421
419
422
423
424
425
423
426
424
426
427
424
426
423
428
426
429
427
429
430
427
429
431
430
432
431
429
426
428
433
433
429
426
432
429
434
433
434
429
435
432
434
435
434
436
436
434
433
437
435
436
437
436
438
439
438
436
428
440
433
436
433
440
439
436
440
428
441
440
441
439
440
441
442
439
443
444
445
443
445
446
446
445
447
446
447
448
448
447
449
449
447
450
449
450
451
448
449
452
453
449
451
452
449
454
453
454
449
452
454
455
456
454
453
457
455
454
456
458
454
457
454
458
459
460
461
459
461
462
463
459
462
461
464
462
461
465
464
463
462
466
464
466
462
467
463
466
465
468
464
465
469
468
468
470
464
464
470
466
468
471
470
467
466
472
470
472
466
473
467
472
471
474
470
470
474
472
471
475
474
474
475
476
474
476
477
472
474
477
477
476
478
473
472
479
472
477
479
480
473
479
477
478
481
479
477
481
481
478
482
480
479
483
479
481
483
484
480
483
481
482
485
483
481
485
485
482
486
484
483
487
483
485
487
488
487
485
489
484
487
489
487
488
490
489
488
485
486
491
488
485
491
491
486
492
490
488
493
491
494
488
488
494
495
488
495
493
491
496
494
495
494
496
497
496
491
491
492
497
495
496
498
493
495
498
497
498
496
493
498
497
499
493
497
500
490
493
500
493
499
501
497
492
499
497
501
502
490
500
503
500
499
502
500
503
504
490
502
504
505
490
506
505
504
506
507
505
508
506
504
508
504
509
509
504
502
510
508
509
510
509
511
509
502
512
511
509
512
512
502
503
511
512
513
513
512
514
512
503
514
513
514
515
514
503
516
503
499
516
515
514
517
514
516
517
515
517
518
517
519
518
517
520
519
516
520
517
520
521
519
499
522
516
516
522
520
499
501
522
520
523
521
522
523
520
501
524
522
522
524
523
521
523
525
521
525
526
525
527
526
501
528
524
501
492
528
524
528
492
523
524
529
523
529
525
524
492
529
525
530
527
529
530
525
530
531
527
530
532
531
492
533
529
529
533
530
533
532
530
492
534
533
533
535
532
534
535
533
534
536
535
537
538
539
537
539
540
541
537
540
539
542
540
539
543
542
541
540
544
542
544
540
545
541
544
543
546
542
543
547
546
546
548
542
542
548
544
546
549
548
545
544
550
548
550
544
551
545
550
549
552
548
548
552
550
549
553
552
552
553
554
552
554
555
550
552
555
555
554
556
551
550
557
550
555
557
558
551
557
555
556
559
557
555
559
559
556
560
558
557
561
557
559
561
562
558
561
559
560
563
561
559
563
563
560
564
562
561
565
561
563
565
566
565
563
567
562
565
567
565
566
568
567
566
563
564
569
566
563
569
569
564
570
568
566
571
569
572
566
566
572
573
566
573
571
569
574
572
573
572
574
575
574
569
569
570
575
573
574
576
571
573
576
575
576
574
571
576
575
577
571
575
578
568
571
578
571
577
579
575
570
577
575
579
580
568
578
581
578
577
580
578
581
582
568
580
582
583
568
584
583
582
584
585
583
586
584
582
586
582
587
587
582
580
588
586
587
588
587
589
587
580
590
589
587
590
590
580
581
589
590
591
591
590
592
590
581
592
591
592
593
592
581
594
581
577
594
593
592
595
592
594
595
593
595
596
595
597
596
595
598
597
594
598
595
598
599
597
577
600
594
594
600
598
577
579
600
598
601
599
600
601
598
579
602
600
600
602
601
599
601
603
599
603
604
603
605
604
579
606
602
579
570
606
602
606
570
601
602
607
601
607
603
602
570
607
603
608
605
607
608
603
608
609
605
608
610
609
570
611
607
607
611
608
611
610
608
570
612
611
611
613
610
612
613
611
612
614
613
615
616
617
615
617
618
619
615
618
617
620
618
617
621
620
619
618
622
620
622
618
623
619
622
621
624
620
621
625
624
624
626
620
620
626
622
624
627
626
623
622
628
626
628
622
629
623
628
627
630
626
626
630
628
627
631
630
630
631
632
630
632
633
628
630
633
633
632
634
629
628
635
628
633
635
636
629
635
633
634
637
635
633
637
637
634
638
636
635
639
635
637
639
640
636
639
637
638
641
639
637
641
641
638
642
640
639
643
639
641
643
644
643
641
645
640
643
645
643
644
646
645
644
641
642
647
644
641
647
647
642
648
646
644
649
647
650
644
644
650
651
644
651
649
647
652
650
651
650
652
653
652
647
647
648
653
651
652
654
649
651
654
653
654
652
649
654
653
655
649
653
656
646
649
656
649
655
657
653
648
655
653
657
658
646
656
659
656
655
658
656
659
660
646
658
660
661
646
662
661
660
662
663
661
664
662
660
664
660
665
665
660
658
666
664
665
666
665
667
665
658
668
667
665
668
668
658
659
667
668
669
669
668
670
668
659
670
669
670
671
670
659
672
659
655
672
671
670
673
670
672
673
671
673
674
673
675
674
673
676
675
672
676
673
676
677
675
655
678
672
672
678
676
655
657
678
676
679
677
678
679
676
657
680
678
678
680
679
677
679
681
677
681
682
681
683
682
657
684
680
657
648
684
680
684
648
679
680
685
679
685
681
680
648
685
681
686
683
685
686
681
686
687
683
686
688
687
648
689
685
685
689
686
689
688
686
648
690
689
689
691
688
690
691
689
690
692
691
693
694
695
693
695
696
697
693
696
695
698
696
695
699
698
697
696
700
698
700
696
701
697
700
699
702
698
699
703
702
702
704
698
698
704
700
702
705
704
701
700
706
704
706
700
707
701
706
705
708
704
704
708
706
705
709
708
708
709
710
708
710
711
706
708
711
711
710
712
707
706
713
706
711
713
714
707
713
711
712
715
713
711
715
715
712
716
714
713
717
713
715
717
718
714
717
715
716
719
717
715
719
719
716
720
718
717
721
717
719
721
722
721
719
723
718
721
723
721
722
724
723
722
719
720
725
722
719
725
725
720
726
724
722
727
725
728
722
722
728
729
722
729
727
725
730
728
729
728
730
731
730
725
725
726
731
729
730
732
727
729
732
731
732
730
727
732
731
733
727
731
734
724
727
734
727
733
735
731
726
733
731
735
736
724
734
737
734
733
736
734
737
738
724
736
738
739
724
740
739
738
740
741
739
742
740
738
742
738
743
743
738
736
744
742
743
744
743
745
743
736
746
745
743
746
746
736
737
745
746
747
747
746
748
746
737
748
747
748
749
748
737
750
737
733
750
749
748
751
748
750
751
749
751
752
751
753
752
751
754
753
750
754
751
754
755
753
733
756
750
750
756
754
733
735
756
754
757
755
756
757
754
735
758
756
756
758
757
755
757
759
755
759
760
759
761
760
735
762
758
735
726
762
758
762
726
757
758
763
757
763
759
758
726
763
759
764
761
763
764
759
764
765
761
764
766
765
726
767
763
763
767
764
767
766
764
726
768
767
767
769
766
768
769
767
768
770
769
771
772
773
771
773
774
775
771
774
776
774
773
776
773
777
778
776
777
778
777
779
780
778
779
780
779
781
782
780
781
782
781
783
784
782
783
784
783
785
775
774
786
787
774
776
787
786
774
788
775
786
788
789
775
790
788
786
790
786
787
791
790
787
792
787
776
791
787
792
792
776
778
793
791
792
794
792
778
793
792
794
794
778
780
795
793
794
796
794
780
795
794
796
796
780
782
797
795
796
798
796
782
797
796
798
798
782
784
799
797
798
800
797
799
801
798
784
799
798
801
800
799
802
803
800
802
803
802
804
805
803
804
805
804
806
799
807
802
807
804
802
808
806
804
807
808
804
808
809
806
810
809
808
810
811
809
812
810
808
812
808
807
799
813
807
813
812
807
813
799
801
813
814
812
813
801
815
814
813
815
815
801
816
801
784
816
816
784
785
814
815
817
818
814
817
816
785
819
819
785
820
815
816
821
817
815
821
821
816
819
818
817
822
823
818
822
817
821
824
822
817
824
821
819
825
824
821
825
819
820
826
825
819
826
823
822
827
828
823
827
828
827
829
822
824
830
827
822
830
829
827
831
827
830
831
829
831
832
832
831
833
832
833
834
831
835
833
831
830
835
830
836
835
830
824
836
824
825
836
837
836
825
837
825
838
839
837
838
825
826
838
839
838
840
841
839
840
841
840
842
838
826
843
838
843
840
843
842
840
820
843
826
843
844
842
820
845
843
845
844
843
845
846
844
847
848
849
847
850
848
851
850
847
850
852
848
851
853
850
854
853
851
854
855
853
850
856
852
853
856
850
857
852
856
857
858
852
859
857
856
853
860
856
859
856
860
855
860
853
861
859
860
855
861
860
861
862
859
863
861
855
864
861
863
864
865
861
866
864
863
863
855
867
868
867
855
868
869
867
866
863
870
870
863
867
869
871
867
870
867
871
869
872
871
872
873
871
873
870
871
872
874
873
875
866
870
873
875
870
875
876
866
875
873
877
875
877
878
879
875
878
873
880
877
873
881
880
879
878
882
883
879
882
881
884
880
881
885
884
883
882
886
887
883
886
885
888
884
885
889
888
889
890
888
889
891
890
888
890
892
888
892
893
884
888
893
893
892
894
893
894
895
884
893
896
896
893
895
880
884
896
896
895
897
880
896
898
898
896
897
877
880
898
898
897
899
877
898
900
900
898
899
878
877
900
900
899
901
878
900
902
902
900
901
882
878
902
882
902
903
886
882
903
902
901
904
903
902
904
886
903
905
903
904
906
905
903
906
905
906
907
908
886
905
887
886
908
909
887
908
909
908
910
911
905
907
908
905
911
910
908
911
911
907
912
910
911
913
913
911
912
913
912
914
904
901
915
901
916
915
901
917
916
916
918
915
916
919
918
904
915
920
920
915
918
919
921
918
919
922
921
918
921
923
918
923
924
920
918
924
925
924
923
925
926
924
926
920
924
926
927
920
927
904
920
927
928
904
929
930
931
929
932
930
932
933
930
932
934
933
934
935
933
934
936
935
936
937
935
936
938
937
938
939
937
940
934
932
941
936
934
940
941
934
942
932
929
942
940
932
943
940
942
943
944
940
944
941
940
944
945
941
941
946
936
945
946
941
946
938
936
945
947
946
946
948
938
949
948
946
949
950
948
948
951
938
938
951
939
950
952
948
948
952
951
950
953
952
953
954
952
954
951
952
953
955
954
954
956
951
956
939
951
956
957
939
958
959
960
958
960
961
962
958
961
962
961
963
964
962
963
964
963
965
965
963
966
965
966
967
963
961
968
963
968
966
967
966
969
967
969
970
966
971
969
966
968
971
968
972
971
968
973
972
961
973
968
961
960
973
960
974
973
960
975
974
976
975
960
973
974
977
973
977
978
979
978
977
976
980
975
980
976
981
979
977
982
983
979
982
983
982
984
985
983
984
985
984
986
987
986
984
982
987
984
987
988
986
977
989
982
982
989
987
990
988
987
990
991
988
992
990
987
992
987
989
977
993
989
993
992
989
974
993
977
993
994
992
974
995
993
995
994
993
975
995
974
995
929
994
975
996
995
996
929
995
996
942
929
980
996
975
997
942
996
980
997
996
997
998
942
999
998
997
997
980
1000
980
981
1000
999
997
1001
997
1000
1001
1002
999
1001
1002
1001
1003
1000
1003
1001
1004
1002
1003
1004
1003
1005
981
1006
1000
1000
1006
1003
1006
1005
1003
981
1007
1006
1006
1008
1005
1007
1008
1006
1007
1009
1008
1010
1011
1012
1010
1013
1011
1013
1014
1011
1013
1015
1014
1015
1016
1014
1015
1017
1016
1018
1015
1013
1019
1013
1010
1019
1018
1013
1020
1017
1015
1018
1020
1015
1021
1018
1019
1021
1022
1018
1022
1020
1018
1022
1023
1020
1023
1024
1020
1020
1024
1017
1023
1025
1024
1026
1019
1010
1026
1010
1027
1027
1010
1028
1029
1019
1026
1029
1030
1019
1031
1030
1029
1027
1028
1032
1032
1028
1033
1031
1029
1034
1035
1031
1034
1035
1034
1036
1037
1035
1036
1037
1036
1038
1029
1039
1034
1039
1036
1034
1040
1038
1036
1039
1040
1036
1040
1041
1038
1042
1041
1040
1042
1043
1041
1044
1042
1040
1044
1040
1039
1029
1045
1039
1045
1044
1039
1045
1029
1026
1045
1046
1044
1045
1026
1047
1046
1045
1047
1047
1026
1027
1046
1047
1048
1047
1027
1049
1048
1047
1049
1049
1027
1032
1049
1032
1050
1048
1049
1051
1051
1049
1050
1050
1032
1052
1032
1033
1052
1033
1053
1052
1033
1054
1053
1054
1055
1053
1054
1056
1055
1053
1055
1057
1058
1052
1053
1050
1052
1058
1053
1057
1059
1058
1053
1059
1060
1059
1057
1060
1061
1059
1061
1058
1059
1061
1062
1058
1062
1050
1058
1062
1063
1050
1051
1050
1063
1064
1051
1065
1064
1065
1066
1067
1051
1064
1067
1048
1051
1068
1064
1066
1068
1066
1069
1070
1048
1067
1070
1071
1048
1072
1070
1067
1073
1067
1064
1072
1067
1073
1073
1064
1068
1074
1072
1073
1074
1073
1075
1075
1073
1068
1075
1068
1076
1076
1068
1069
1076
1069
1077
1017
1078
1079
1017
1080
1078
1024
1080
1017
1080
1081
1078
1024
1082
1080
1083
1082
1024
1083
1084
1082
1080
1085
1081
1082
1085
1080
1084
1086
1082
1082
1086
1085
1084
1087
1086
1087
1088
1086
1088
1085
1086
1087
1089
1088
1088
1090
1085
1090
1081
1085
1090
1091
1081
