MESH3
PFB_BedroomSofa
224
0.3710733,0.5362595,-0.395
0.4382581,0.9960383,-0.395
0.4382581,0.9791106,-0.09275474
0.3738111,0.5362595,-0.09275474
0.3782293,0.1899588,-0.395
0.3782293,0.1899588,-0.09275474
0.4382581,0.9791106,0.07407823
0.3753223,0.5362595,0.07407823
0.3782293,0.1899588,0.07407823
0.3782293,0.5362596,0.395
0.4382581,0.9960383,0.395
0.3782293,0.1899588,0.395
0.375818,0.1458835,0.385
0.375818,0.1958835,0.385
0.3213101,0.1458835,0.385
0.3213101,0.1958835,0.385
-0.339674,0.1458835,0.385
-0.339674,0.1958835,0.385
-0.394182,0.1458835,0.385
-0.394182,0.1958835,0.385
0.375818,0.1958835,0.385
0.375818,0.1958835,0.3333055
0.3213101,0.1958835,0.385
0.3213101,0.1958835,0.3333055
0.375818,0.1958835,-0.3333054
-0.339674,0.1958835,0.385
0.3213101,0.1958835,-0.3333054
0.375818,0.1958835,-0.385
0.3213101,0.1958835,-0.385
-0.339674,0.1958835,0.3333055
-0.394182,0.1958835,0.385
-0.394182,0.1958835,0.3333055
-0.339674,0.1958835,-0.3333054
-0.339674,0.1958835,-0.385
-0.394182,0.1958835,-0.3333054
-0.394182,0.1958835,-0.385
0.375818,0.1958835,-0.385
0.375818,0.1458835,-0.385
0.3213101,0.1958835,-0.385
0.3213101,0.1458835,-0.385
-0.339674,0.1958835,-0.385
-0.339674,0.1458835,-0.385
-0.394182,0.1958835,-0.385
-0.394182,0.1458835,-0.385
0.375818,0.0004150611,-0.4034055
0.375818,0.0004150611,-0.3421183
0.3213101,0.0004150611,-0.4034055
0.3213101,0.0004150611,-0.3421183
0.3213101,0.1458835,-0.385
0.3213101,0.1458835,-0.3333055
-0.339674,0.1458835,-0.385
-0.339674,0.1458835,-0.3333055
0.3213101,0.1458835,0.3333054
0.375818,0.1458835,0.3333054
0.375818,0.1458835,-0.3333055
-0.339674,0.1458835,0.3333054
0.3213101,0.1458835,0.385
-0.339674,0.1458835,0.385
-0.394182,0.1458835,-0.3333055
-0.394182,0.1458835,0.3333054
-0.339674,0.0004150516,-0.4034055
-0.339674,0.0004150516,-0.3421183
-0.394182,0.0004150516,-0.4034055
-0.394182,0.0004150516,-0.3421183
0.375818,0.0004150611,0.343132
0.375818,0.0004150611,0.4044192
0.3213101,0.0004150611,0.343132
0.3213101,0.0004150611,0.4044192
-0.339674,0.0004150516,0.343132
-0.339674,0.0004150516,0.4044192
-0.394182,0.0004150516,0.343132
-0.394182,0.0004150516,0.4044192
-0.394182,0.1958835,-0.3333054
-0.394182,0.1958835,-0.385
-0.394182,0.1458835,-0.385
-0.394182,0.1458835,-0.3333055
-0.394182,0.1958835,0.3333055
-0.394182,0.1458835,0.3333054
-0.394182,0.0004150516,-0.3421183
-0.394182,0.0004150516,-0.4034055
-0.394182,0.1958835,0.385
-0.394182,0.1458835,0.3333054
-0.394182,0.1458835,0.385
-0.394182,0.0004150516,0.343132
-0.394182,0.0004150516,0.4044192
0.375818,0.1458835,-0.3333055
0.375818,0.1958835,-0.3333054
0.375818,0.1458835,0.3333054
0.375818,0.1958835,0.3333055
0.375818,0.1458835,0.385
0.375818,0.1958835,0.385
0.375818,0.0004150611,0.343132
0.375818,0.0004150611,0.4044192
0.375818,0.1958835,-0.385
0.375818,0.1458835,-0.3333055
0.375818,0.1458835,-0.385
0.375818,0.0004150611,-0.3421183
0.375818,0.0004150611,-0.4034055
0.375818,0.1458835,-0.385
0.375818,0.0004150611,-0.4034055
0.3213101,0.1458835,-0.385
0.3213101,0.0004150611,-0.4034055
0.3213101,0.1458835,-0.3333055
0.3213101,0.1458835,-0.385
0.3213101,0.0004150611,-0.3421183
0.3213101,0.0004150611,-0.4034055
0.3213101,0.1458835,-0.3333055
0.3213101,0.0004150611,-0.3421183
0.375818,0.1458835,-0.3333055
0.375818,0.0004150611,-0.3421183
-0.339674,0.1458835,-0.385
-0.339674,0.0004150516,-0.4034055
-0.394182,0.1458835,-0.385
-0.394182,0.0004150516,-0.4034055
-0.394182,0.1458835,-0.3333055
-0.394182,0.0004150516,-0.3421183
-0.339674,0.1458835,-0.3333055
-0.339674,0.0004150516,-0.3421183
-0.339674,0.1458835,-0.3333055
-0.339674,0.0004150516,-0.3421183
-0.339674,0.1458835,-0.385
-0.339674,0.0004150516,-0.4034055
0.375818,0.1458835,0.3333054
0.375818,0.0004150611,0.343132
0.3213101,0.1458835,0.3333054
0.3213101,0.0004150611,0.343132
0.3213101,0.1458835,0.3333054
0.3213101,0.0004150611,0.343132
0.3213101,0.1458835,0.385
0.3213101,0.0004150611,0.4044192
0.3213101,0.1458835,0.385
0.3213101,0.0004150611,0.4044192
0.375818,0.1458835,0.385
0.375818,0.0004150611,0.4044192
-0.339674,0.1458835,0.3333054
-0.339674,0.0004150516,0.343132
-0.394182,0.1458835,0.3333054
-0.394182,0.0004150516,0.343132
-0.394182,0.1458835,0.385
-0.394182,0.0004150516,0.4044192
-0.339674,0.1458835,0.385
-0.339674,0.0004150516,0.4044192
-0.339674,0.1458835,0.3333054
-0.339674,0.1458835,0.385
-0.339674,0.0004150516,0.343132
-0.339674,0.0004150516,0.4044192
0.3782293,0.1899588,-0.395
0.3782293,0.1899588,-0.09275474
0.3240965,0.1899588,-0.09275474
0.3782293,0.1899588,0.07407823
0.3240965,0.1899588,-0.395
0.3710733,0.5362595,-0.395
0.3034754,0.5362595,-0.395
0.3240965,0.1899588,0.07407823
0.3782293,0.1899588,0.395
0.3841254,0.9820689,-0.395
0.4382581,0.9960383,-0.395
0.4382581,0.9791106,-0.09275474
0.2848095,0.5362595,-0.09275474
0.3841254,0.9393057,-0.09275474
0.3841254,0.9393057,0.07407823
0.4382581,0.9791106,0.07407823
0.2848095,0.5362595,0.07407823
0.3240965,0.1899588,0.395
0.3782293,0.5362596,0.395
0.3034754,0.5362595,0.395
0.3841254,0.9820689,0.395
0.4382581,0.9960383,0.395
-0.1911189,0.1897145,0.405
-0.390752,0.1973679,0.3910217
-0.1911189,0.1897145,0.1703019
-0.4191908,0.1897145,0.1703019
0.1229155,0.1897145,0.1703019
0.1229155,0.1897145,0.405
0.2971329,0.2050159,0.405
0.3208092,0.1897145,0.1703019
0.1229155,0.1897145,-0.199893
0.3208092,0.1897145,-0.199893
0.2971329,0.2050159,-0.405
0.1229155,0.1897145,-0.405
-0.1911189,0.1897145,-0.199893
-0.4191908,0.1897145,-0.199893
-0.1911189,0.1897145,-0.405
-0.390752,0.1973679,-0.3910217
-0.1911189,0.3000049,0.4394926
-0.1911189,0.1897145,0.405
0.1229155,0.1897145,0.405
-0.390752,0.1973679,0.3910217
0.1229155,0.3000049,0.4394926
0.2971329,0.2050159,0.405
-0.4049409,0.2814628,0.4098842
-0.4382581,0.3000049,0.1703019
-0.4191908,0.1897145,0.1703019
-0.3612737,0.380215,0.3892407
-0.1911189,0.4187144,0.405
-0.4382581,0.3000049,-0.199893
-0.4191908,0.1897145,-0.199893
-0.390752,0.1973679,-0.3910217
-0.3912969,0.2814628,-0.4098842
-0.1911189,0.1897145,-0.405
-0.1911189,0.3000049,-0.4394926
0.1229155,0.1897145,-0.405
-0.3749177,0.380215,-0.3892407
-0.4191908,0.4187144,-0.199893
-0.4191908,0.4187144,0.1703019
-0.2363142,0.4579373,0.2021602
0.1229155,0.4579373,0.1703019
-0.2363142,0.4579373,-0.2317513
0.1229155,0.3000049,-0.4394926
0.2971329,0.2050159,-0.405
-0.1911189,0.4187144,-0.405
0.1229155,0.4579373,-0.199893
0.1229155,0.4187144,-0.405
0.3208092,0.3000049,-0.405
0.3208092,0.3901668,-0.355749
0.3208092,0.3000049,-0.199893
0.3208092,0.1897145,-0.199893
0.3208092,0.1897145,0.1703019
0.3208092,0.4187144,-0.199893
0.3208092,0.3000049,0.1703019
0.3208092,0.4187144,0.1703019
0.3208092,0.3000049,0.405
0.3208092,0.3901668,0.355749
0.1229155,0.4187144,0.405
224
0.9516947,0.8197181
0.9400375,0.6540155
0.8357854,0.6476043
0.8356214,0.8194596
0.9377317,0.9372674
0.8353093,0.9524567
0.7717187,0.6475432
0.7715509,0.8193164
0.7712433,0.9523078
0.6483053,0.8190464
0.6539403,0.6537197
0.6580108,0.9383866
0.5909172,0.2934088
0.5909337,0.3142031
0.613585,0.2916329
0.613603,0.314185
0.8884816,0.2931718
0.8884982,0.3139661
0.9111508,0.2931538
0.9111674,0.313948
0.5898831,0.3601169
0.6113824,0.3601169
0.5898831,0.3374477
0.6113824,0.3374478
0.8886177,0.3601169
0.5898833,0.06255236
0.8886177,0.3374478
0.910117,0.3601169
0.910117,0.3374478
0.6113824,0.06255236
0.5898833,0.03988311
0.6113824,0.03988311
0.8886177,0.06255236
0.910117,0.06255236
0.8886177,0.03988311
0.910117,0.03988311
0.5888326,0.08606791
0.5888491,0.1068624
0.6115018,0.08604991
0.6115183,0.1068443
0.8864254,0.08579695
0.8864461,0.104675
0.9090662,0.08581293
0.9090749,0.1065401
0.582018,0.0706628
0.6075075,0.07069451
0.5820466,0.04799378
0.6075352,0.04802543
0.6398832,0.3374476
0.6613826,0.3374476
0.6398832,0.06255233
0.6613826,0.06255233
0.9386178,0.3374476
0.9386178,0.3601169
0.6613826,0.3601169
0.9386178,0.06255221
0.9601169,0.3374476
0.9601169,0.06255221
0.6613826,0.03988308
0.9386178,0.03988308
0.8865799,0.1673522
0.8866209,0.1927404
0.9091876,0.1673092
0.9092094,0.1927
0.5906982,0.2074223
0.5908692,0.2329104
0.6133646,0.2072806
0.6135188,0.2327604
0.6575454,0.1480335
0.6320569,0.1479932
0.6575021,0.1706874
0.6320157,0.1706631
0.9388181,0.2520033
0.9603173,0.2520067
0.9603204,0.2312124
0.9388213,0.2312092
0.6615786,0.2519623
0.6615817,0.2292777
0.9424956,0.1707112
0.9679842,0.1707151
0.6400835,0.2519574
0.6615817,0.2292777
0.6400831,0.2311667
0.6575021,0.1706874
0.6320157,0.1706631
0.6111571,0.1292791
0.6111539,0.1519623
0.8883976,0.1312085
0.8883942,0.1520029
0.9098965,0.1312117
0.9098934,0.1520062
0.8924935,0.0707106
0.917982,0.07071447
0.5896598,0.151957
0.6111571,0.1292791
0.5896594,0.1311674
0.6075075,0.07069451
0.582018,0.0706628
0.5888491,0.1068624
0.5888973,0.1673608
0.6115183,0.1068443
0.6115665,0.1673428
0.6337752,0.1279089
0.6551069,0.1253138
0.6301147,0.06932813
0.655394,0.06625748
0.6337752,0.1279089
0.6301147,0.06932813
0.6111571,0.1292791
0.6075075,0.07069451
0.8864461,0.104675
0.8865799,0.1673522
0.9090749,0.1065401
0.9091876,0.1673092
0.8426267,0.1078758
0.8388278,0.1700704
0.8651834,0.1068743
0.8613707,0.1690753
0.8651834,0.1068743
0.8613707,0.1690753
0.8864461,0.104675
0.8865799,0.1673522
0.6573285,0.2903603
0.6612013,0.232002
0.6348039,0.290572
0.6386765,0.2322149
0.6348039,0.290572
0.6386765,0.2322149
0.613585,0.2916329
0.6135188,0.2327604
0.613585,0.2916329
0.6135188,0.2327604
0.5909172,0.2934088
0.5908692,0.2329104
0.6841952,0.2277539
0.6801144,0.1691612
0.6615817,0.2292777
0.6575021,0.1706874
0.9111508,0.2931538
0.9111026,0.2326553
0.8884816,0.2931718
0.8884335,0.2326734
0.6841952,0.2277539
0.7054946,0.2248651
0.6801144,0.1691612
0.7053658,0.1657363
0.8836794,0.6691691
0.7831222,0.6484458
0.7803073,0.6654385
0.7192228,0.6489688
0.872129,0.6806396
0.9052653,0.7816916
0.8839256,0.7838582
0.7220604,0.6666411
0.6135318,0.6832341
0.8723298,0.9189844
0.8813833,0.9312919
0.7874295,0.9507445
0.7824541,0.7863301
0.7854446,0.9296017
0.7271988,0.9308642
0.7252784,0.9515541
0.7242076,0.7875473
0.6279869,0.6897641
0.5947347,0.7884967
0.6162546,0.7894543
0.629729,0.9259791
0.6231866,0.9413033
0.74607,0.6814639
0.8108712,0.6769265
0.74607,0.6052803
0.8201027,0.6052803
0.644134,0.6052803
0.644134,0.6814639
0.5875827,0.6814639
0.5798973,0.6052803
0.644134,0.4851143
0.5798973,0.4851143
0.5875827,0.4185361
0.644134,0.4185361
0.74607,0.4851143
0.8201027,0.4851143
0.74607,0.4185361
0.8108712,0.4230736
0.9433512,0.700883
0.9852742,0.7127879
0.9795263,0.568728
0.9291673,0.7919536
0.9398692,0.5848507
0.9297152,0.5029076
0.9134677,0.7712681
0.8335954,0.8012891
0.8435491,0.8401086
0.8938315,0.7455649
0.9018896,0.6935694
0.7015631,0.7985799
0.6863675,0.8331858
0.6151095,0.7848591
0.633648,0.7634979
0.5728946,0.7058329
0.6115094,0.6973212
0.5729663,0.5809042
0.656991,0.745272
0.7130665,0.7610992
0.826165,0.7618909
0.8366859,0.7052062
0.8270056,0.5958928
0.7052976,0.7038223
0.6120322,0.5885034
0.6156276,0.5094047
0.6502731,0.6918458
0.7139482,0.5961801
0.6506445,0.5955882
0.6405193,0.5277691
0.6678339,0.540247
0.7044244,0.4970571
0.696331,0.460419
0.838885,0.4591883
0.7108127,0.534758
0.8331063,0.4960456
0.8270816,0.5335175
0.9062736,0.5233591
0.883632,0.5407004
0.8998064,0.596139
1
660
0
1
2
3
0
2
4
0
3
5
4
3
2
6
3
5
3
7
6
7
3
8
5
7
7
6
9
8
7
9
6
10
9
11
8
9
12
13
14
13
15
14
14
15
16
15
17
16
16
17
18
17
19
18
20
21
22
21
23
22
21
24
23
22
23
25
24
26
23
24
27
26
27
28
26
23
29
25
23
26
29
25
29
30
29
31
30
26
28
32
26
32
29
29
32
31
28
33
32
32
34
31
32
33
34
33
35
34
36
37
38
37
39
38
38
39
40
39
41
40
40
41
42
41
43
42
44
45
46
45
47
46
48
49
50
49
51
50
49
52
51
53
52
49
54
53
49
52
55
51
52
56
55
56
57
55
51
55
58
55
59
58
60
61
62
61
63
62
64
65
66
65
67
66
68
69
70
69
71
70
72
73
74
75
72
74
76
72
75
77
76
75
75
74
78
74
79
78
80
76
81
82
80
81
81
83
82
83
84
82
85
86
87
86
88
87
87
88
89
88
90
89
87
89
91
89
92
91
93
86
94
95
93
94
94
96
95
96
97
95
98
99
100
99
101
100
102
103
104
103
105
104
106
107
108
107
109
108
110
111
112
111
113
112
114
115
116
115
117
116
118
119
120
119
121
120
122
123
124
123
125
124
126
127
128
127
129
128
130
131
132
131
133
132
134
135
136
135
137
136
138
139
140
139
141
140
142
143
144
143
145
144
146
147
148
147
149
148
150
146
148
146
150
151
150
152
151
150
148
152
149
153
148
149
154
153
152
155
151
155
156
151
157
156
155
148
158
152
148
153
158
155
152
159
159
157
155
152
158
159
157
159
160
161
157
160
158
162
159
153
162
158
162
160
159
154
163
153
163
154
164
162
153
165
153
163
165
162
165
160
165
163
164
160
166
161
165
166
160
165
164
166
166
167
161
164
167
166
168
169
170
169
171
170
168
170
172
173
168
172
174
173
172
175
174
172
175
172
176
172
170
176
177
175
176
178
177
176
179
178
176
170
171
180
170
180
176
176
180
179
171
181
180
180
182
179
180
181
183
182
180
183
184
185
186
185
184
187
188
184
186
186
189
188
184
190
187
187
190
191
192
187
191
193
190
184
190
193
191
194
184
188
194
193
184
191
195
192
195
196
192
197
196
195
198
197
195
199
197
198
200
199
198
201
199
200
202
198
195
200
198
202
203
195
191
203
202
195
193
204
191
204
203
191
205
204
193
203
204
205
194
205
193
206
205
194
207
203
205
202
203
207
207
205
206
208
201
200
209
201
208
210
200
202
210
202
207
208
200
210
210
207
211
211
207
206
212
208
210
212
210
211
213
209
208
213
208
212
214
212
211
214
213
212
209
213
215
213
214
215
216
209
215
216
215
217
218
214
211
214
218
215
218
211
206
215
219
217
215
218
219
217
219
189
220
218
206
218
220
219
219
221
189
189
221
188
219
220
222
222
220
206
221
219
222
188
221
223
221
222
223
223
222
206
223
194
188
223
206
194
