MESH3
PFB_Lightswitch (1)
24
0.04749716,-0.07260274,0.005
0.04749716,0.07260274,0.005
-0.04749716,-0.07260274,0.005
-0.04749716,0.07260274,0.005
0.04749716,0.07260274,0.005
0.04749716,0.07260274,-0.005
-0.04749716,0.07260274,0.005
-0.04749716,0.07260274,-0.005
0.04749716,0.07260274,-0.005
0.04749716,-0.07260274,-0.005
-0.04749716,0.07260274,-0.005
-0.04749716,-0.07260274,-0.005
0.04749716,-0.07260274,-0.005
0.04749716,-0.07260274,0.005
-0.04749716,-0.07260274,-0.005
-0.04749716,-0.07260274,0.005
-0.04749716,-0.07260274,0.005
-0.04749716,0.07260274,0.005
-0.04749716,-0.07260274,-0.005
-0.04749716,0.07260274,-0.005
0.04749716,-0.07260274,-0.005
0.04749716,0.07260274,-0.005
0.04749716,-0.07260274,0.005
0.04749716,0.07260274,0.005
24
0.5757598,0.01120601
0.3272169,0.01120604
0.5757599,0.1641555
0.3272169,0.1641555
0.1257119,0.2450838
0.1257119,0.2642025
0.2786613,0.2450839
0.2786613,0.2642025
0.5757598,0.1668669
0.3272169,0.166867
0.5757598,0.3198164
0.3272169,0.3198163
0.1237859,0.2426467
0.1237859,0.2617652
0.2767354,0.2426466
0.2767354,0.2617652
0.2985863,0.01087102
0.2985862,0.259414
0.317705,0.01087099
0.317705,0.259414
0.2980294,0.01061028
0.2980294,0.2591532
0.3171481,0.01061028
0.3171481,0.2591532
1
36
0
1
2
1
3
2
4
5
6
5
7
6
8
9
10
9
11
10
12
13
14
13
15
14
16
17
18
17
19
18
20
21
22
21
23
22
