MESH3
PFB_Toilet
254
0.4868987,0.6636664,0.006940292
0.4868987,0.6636664,0.1591341
0.5015928,0.7280451,0.1591341
0.5015928,0.7280452,0.006940292
0.5610877,0.7566964,0.1591341
0.5610877,0.6805995,0.1591341
0.4868987,0.6636664,0.1591341
0.5280705,0.6120386,0.1591341
0.5941049,0.6120386,0.1591341
0.6352767,0.6636664,0.1591341
0.6205827,0.7280451,0.1591341
0.5610877,0.7566964,0.006940292
0.6205827,0.7280451,0.1591341
0.6205827,0.7280451,0.006940292
0.6352767,0.6636664,0.1591341
0.6352767,0.6636664,0.006940292
0.5941049,0.6120386,0.1591341
0.5941049,0.6120386,0.006940292
0.5280705,0.6120386,0.1591341
0.5280705,0.6120386,0.006940292
0.4868987,0.6636664,0.1591341
0.4868987,0.6636664,0.006940292
0.5610877,0.6805995,0.006940292
0.6205827,0.7280451,0.006940292
0.4868987,0.6636664,0.006940292
0.6352767,0.6636664,0.006940292
0.5280705,0.6120386,0.006940292
0.5941049,0.6120386,0.006940292
0.5774262,0.6973788,0.1872531
0.5774262,0.6669401,0.1872531
0.5774262,0.6669401,-0.05119897
0.5774262,0.6973788,-0.05119897
0.5469874,0.6973788,0.1872531
0.5469874,0.6973788,0.1960915
0.5774262,0.6973788,0.1960915
0.6365488,0.6973788,0.1960915
0.6365488,0.6973788,0.1872531
0.6365488,0.6669401,0.1960915
0.5774262,0.6669401,0.1960915
0.5469874,0.6973788,0.1960915
0.5469874,0.6669401,0.1960915
0.5469874,0.6973788,-0.05119897
0.5469874,0.6973788,-0.07398607
0.5774262,0.6973788,-0.07398607
0.7051163,0.6973788,-0.07398607
0.7051163,0.6973788,-0.05119897
0.5469874,0.6669401,0.1872531
0.5469874,0.6669401,0.1960915
0.5469874,0.6973788,0.1960915
0.5469874,0.6669401,-0.05119897
0.5469874,0.6669401,-0.07398607
0.5469874,0.6973788,-0.07398607
0.5774262,0.6669401,0.1872531
0.5774262,0.6669401,0.1960915
0.5469874,0.6669401,0.1960915
0.6365488,0.6669401,0.1872531
0.6365488,0.6669401,0.1960915
0.6365488,0.6973788,0.1872531
0.5774262,0.6973788,0.1872531
0.6365488,0.6973788,0.1960915
0.6365488,0.6669401,0.1960915
0.5774262,0.6669401,-0.05119897
0.5774262,0.6669401,-0.07398607
0.5469874,0.6669401,-0.07398607
0.5774262,0.6973788,-0.07398607
0.5469874,0.6973788,-0.07398607
0.7051163,0.6669401,-0.07398607
0.7051163,0.6973788,-0.07398607
0.7051163,0.6669401,-0.05119897
0.7051163,0.6973788,-0.05119897
0.5774262,0.6973788,-0.05119897
0.7188619,0.6243258,-0.105888
0.7188619,0.739993,-0.105888
0.7188619,0.6243258,-0.019297
0.7188619,0.739993,-0.019297
-0.117557,0.0002091026,0.2961784
-0.117557,0.1616319,0.2961784
-0.1430148,0.0002091312,0.2609545
-0.1430148,0.1616318,0.2609545
-0.1685683,0.0002091598,0.2255982
-0.1587642,0.2126334,0.3097998
-0.117557,0.2112133,0.3386893
-0.117557,0.4002091,0.3386893
-0.1587642,0.4016292,0.3097998
-0.1869091,0.4002091,0.2681092
-0.1869091,0.2112133,0.2681092
-0.1965279,0.4002091,-0.2092792
-0.1685683,0.1616318,0.2255982
-0.1772432,0.0002091598,-0.2092793
-0.1965279,0.2068621,-0.2092792
-0.1772432,0.1616318,-0.2092793
-0.1965279,0.2068621,-0.2444303
-0.1965279,0.4002091,-0.2444303
-0.1772432,0.1616318,-0.2444303
-0.1772432,0.0002091598,-0.2444303
-0.1772432,0.0002091598,-0.3534622
-0.1772432,0.1616318,-0.3534622
-0.1965279,0.2068621,-0.3534621
-0.1965279,0.4002091,-0.3534621
-0.1911415,0.9394927,-0.3519681
-0.1911415,0.9394927,-0.2459245
0.1965279,0.4405456,-0.2092792
-8.881784E-18,0.4405456,-0.2092792
0.1869091,0.4405456,0.2681092
0.1615564,0.4390238,0.3094824
0.1175571,0.4405456,0.3386893
0.06611481,0.4422884,0.3662971
5.960464E-09,0.4405456,0.3720721
-0.06769333,0.4421823,0.3650571
-0.117557,0.4405456,0.3386893
-0.1587642,0.4419657,0.3097998
-0.1869091,0.4405456,0.2681092
-0.1965279,0.4405456,-0.2092792
0.1772432,0.0002091598,-0.3534622
-0.1772432,0.0002091598,-0.3534622
0.1772432,0.1616318,-0.3534622
-0.1772432,0.1616318,-0.3534622
-0.1965279,0.2068621,-0.3534621
0.1965279,0.2068621,-0.3534621
-0.1965279,0.4002091,-0.3534621
0.1965279,0.4002091,-0.3534621
-0.1911415,0.9394927,-0.3519681
0.1911415,0.9394927,-0.3519681
0.1965279,0.4002091,-0.2444303
-0.1965279,0.4002091,-0.2444303
0.1965279,0.4002091,-0.2092792
-0.1965279,0.4002091,-0.2092792
0.1772432,0.0002091598,-0.3534622
0.1772432,0.1616318,-0.3534622
0.1772432,0.0002091598,-0.2444303
0.1772432,0.1616318,-0.2444303
0.1965279,0.2068621,-0.3534621
0.1772432,0.0002091598,-0.2092793
0.1965279,0.2068621,-0.2444303
0.1965279,0.4002091,-0.3534621
0.1772432,0.1616318,-0.2092793
0.1685683,0.0002091598,0.2255982
0.1965279,0.2068621,-0.2092792
0.1965279,0.4002091,-0.2444303
0.1911415,0.9394927,-0.2459245
0.1911415,0.9394927,-0.3519681
0.1965279,0.4002091,-0.2092792
0.1685683,0.1616318,0.2255983
0.1869092,0.2112133,0.2681092
0.1869091,0.4002091,0.2681092
0.1615564,0.3986873,0.3094824
0.1520946,0.16011,0.2669715
0.1520945,-0.001312697,0.2669714
0.1175571,0.0002091026,0.2961784
0.1175571,0.1616319,0.2961784
0.1615565,0.2096915,0.3094824
0.1175571,0.2112133,0.3386893
0.1175571,0.4002091,0.3386893
0.1772432,0.0002091598,-0.3534622
0.1772432,0.0002091598,-0.2444303
-0.1772432,0.0002091598,-0.3534622
-0.1772432,0.0002091598,-0.2444303
0,0.0002091026,-0.2092792
-0.1772432,0.0002091598,-0.2092793
0.1772432,0.0002091598,-0.2092793
-0.1685683,0.0002091598,0.2255982
0.1685683,0.0002091598,0.2255982
-0.1430148,0.0002091312,0.2609545
0.1520945,-0.001312697,0.2669714
-0.117557,0.0002091026,0.2961784
0.1175571,0.0002091026,0.2961784
-0.06746862,-0.006824049,0.3215874
0.06455475,-0.004181504,0.3181983
5.960464E-09,0.0002091026,0.3295611
0.1965279,0.4002091,-0.2444303
0.1911415,0.9394927,-0.2459245
-0.1965279,0.4002091,-0.2444303
-0.1911415,0.9394927,-0.2459245
0.1965279,0.4002091,-0.2092792
0.1965279,0.4405456,-0.2092792
0.1869091,0.4002091,0.2681092
0.1869091,0.4405456,0.2681092
0.1615564,0.4390238,0.3094824
0.1615564,0.3986873,0.3094824
0.1175571,0.4002091,0.3386893
0.1175571,0.4405456,0.3386893
0.1175571,0.4002091,0.3386893
0.1175571,0.4405456,0.3386893
0.06611481,0.4019518,0.3662971
0.06611481,0.4422884,0.3662971
5.960464E-09,0.4405456,0.3720721
5.960464E-09,0.4002091,0.3720721
-0.06769333,0.4018457,0.3650571
-0.06769333,0.4421823,0.3650571
-0.117557,0.4405456,0.3386893
-0.117557,0.4002091,0.3386893
-0.117557,0.4002091,0.3386893
-0.117557,0.4405456,0.3386893
-0.1587642,0.4016292,0.3097998
-0.1587642,0.4419657,0.3097998
-0.1869091,0.4405456,0.2681092
-0.1869091,0.4002091,0.2681092
-0.1965279,0.4002091,-0.2092792
-0.1965279,0.4405456,-0.2092792
-0.1965279,0.4405456,-0.2092792
-8.881784E-18,0.4405456,-0.2092792
-0.1965279,0.4002091,-0.2092792
0.1965279,0.4002091,-0.2092792
0.1965279,0.4405456,-0.2092792
-0.2002381,0.9401876,-0.3548198
-0.2002381,0.9401876,-0.2430727
-0.2002381,0.9745402,-0.2430727
-0.2002381,0.9745402,-0.3548198
0.2002382,0.9745402,-0.3548198
-0.2002381,0.9401876,-0.3548198
0.2002382,0.9401876,-0.3548198
0.2002382,0.9745402,-0.2430727
0.2002382,0.9401876,-0.2430727
0.2002382,0.9401876,-0.3548198
0.2002382,0.9745402,-0.2430727
-0.2002381,0.9745402,-0.2430727
0.2002382,0.9401876,-0.2430727
-0.2002381,0.9401876,-0.2430727
-0.06769333,0.4018457,0.3650571
-0.117557,0.4002091,0.3386893
-0.06769333,0.2128499,0.3650571
-0.117557,0.2112133,0.3386893
5.960464E-09,0.4002091,0.3720721
-0.06746862,0.1545987,0.3215874
-0.117557,0.1616319,0.2961784
-0.117557,0.0002091026,0.2961784
-0.06746862,-0.006824049,0.3215874
5.960464E-09,0.0002091026,0.3295611
5.960464E-09,0.1616319,0.3295611
5.960464E-09,0.2112133,0.3720721
0.06611481,0.2129561,0.3662971
0.06611481,0.4019518,0.3662971
0.1175571,0.4002091,0.3386893
0.1175571,0.2112133,0.3386893
0.06455475,0.1572412,0.3181983
0.06455475,-0.004181504,0.3181983
0.1175571,0.1616319,0.2961784
0.1175571,0.0002091026,0.2961784
0.1911415,0.9394927,-0.3519681
-0.1911415,0.9394927,-0.3519681
-0.2002381,0.9401876,-0.3548198
0.2002382,0.9401876,-0.3548198
-0.2002381,0.9401876,-0.2430727
0.1911415,0.9394927,-0.2459245
-0.1911415,0.9394927,-0.2459245
0.2002382,0.9401876,-0.2430727
0.7188619,0.6243258,-0.105888
0.7051163,0.6669401,-0.07398607
0.7051163,0.6973788,-0.07398607
0.7188619,0.739993,-0.105888
0.7188619,0.6243258,-0.019297
0.7051163,0.6973788,-0.05119897
0.7051163,0.6669401,-0.05119897
0.7188619,0.739993,-0.019297
254
0.7915255,0.9092119
0.791452,0.9454575
0.8067841,0.9454877
0.8068575,0.9092436
0.8217317,0.9455174
0.8142248,0.9618303
0.7965646,0.9577618
0.8000329,0.9731009
0.8141881,0.9799531
0.8283709,0.9731584
0.8319013,0.9578334
0.8218051,0.9092695
0.8355116,0.9455452
0.8355845,0.9092999
0.8508441,0.9455758
0.8509161,0.9093304
0.8606492,0.9455953
0.8607214,0.9093497
0.8763756,0.9456267
0.8764479,0.9093813
0.8861808,0.945646
0.8862531,0.9094006
0.8143539,0.8929287
0.8320166,0.8969859
0.7966799,0.8969369
0.8285386,0.881649
0.8002006,0.8816097
0.8143792,0.8748059
0.8343077,0.8681197
0.8343078,0.8742163
0.8820663,0.8742155
0.8820661,0.8681192
0.8343077,0.8620229
0.8325375,0.862023
0.8325372,0.8681195
0.8325378,0.8799608
0.8343077,0.8799608
0.8264416,0.8799614
0.8264405,0.86812
0.8325364,0.862023
0.82644,0.8620236
0.8820661,0.8620231
0.88663,0.862023
0.88663,0.8681195
0.88663,0.8936938
0.8820661,0.8936939
0.8343077,0.8559263
0.8325376,0.8559265
0.8325375,0.8620229
0.8820661,0.855927
0.8866293,0.8559272
0.88663,0.8620232
0.8343092,0.8498298
0.8325376,0.8498297
0.8325375,0.855926
0.8343065,0.8379867
0.8325378,0.8379883
0.8404022,0.8379874
0.8404068,0.8498272
0.8404036,0.8362188
0.8343073,0.8362148
0.8820663,0.8498307
0.8866299,0.8498307
0.88663,0.8559272
0.892726,0.8498312
0.8927256,0.8559276
0.8866308,0.8242564
0.8927274,0.8242568
0.8820667,0.8242563
0.8759702,0.8242562
0.8759699,0.8498307
0.8700656,0.8109108
0.8468993,0.8109128
0.8700672,0.8282542
0.8469006,0.8282552
0.8464947,0.5917811
0.8464947,0.6254625
0.8538442,0.5917811
0.8538442,0.6254625
0.8612215,0.5917811
0.8449742,0.635808
0.8376247,0.635808
0.8376247,0.6752425
0.8449742,0.6752425
0.8523514,0.6752425
0.8523514,0.635808
0.9519601,0.6752425
0.8612215,0.6254625
0.9519601,0.5917811
0.9519601,0.6349
0.9519601,0.6254625
0.9592946,0.6349
0.9592946,0.6752425
0.9592946,0.6254625
0.9592946,0.5917811
0.9820444,0.5917811
0.9820444,0.6254625
0.9820444,0.6349
0.9820444,0.6752425
0.9817327,0.7877659
0.9596063,0.7877659
0.6040834,0.9792528
0.6622503,0.9792528
0.6069303,0.8379587
0.6168672,0.8278457
0.6274566,0.8170688
0.6436932,0.8124582
0.6622503,0.8071884
0.6813362,0.8126082
0.6970441,0.8170688
0.707288,0.8274941
0.7175703,0.8379587
0.7204173,0.9792528
0.8511137,0.8030927
0.8950402,0.8030927
0.8511137,0.78309
0.8950402,0.78309
0.89743,0.7774853
0.8487239,0.7774853
0.89743,0.7535262
0.8487239,0.7535262
0.8967625,0.6867006
0.8493915,0.6867006
0.7850075,0.7801895
0.7850074,0.602
0.769072,0.7801895
0.769072,0.602
0.6042147,0.592582
0.6042147,0.6262634
0.6269647,0.592582
0.6269647,0.6262634
0.6042147,0.6357008
0.634299,0.592582
0.6269647,0.6357008
0.6042147,0.6760434
0.634299,0.6262634
0.7250376,0.592582
0.634299,0.6357008
0.6269647,0.6760434
0.6266529,0.7885668
0.6045265,0.7885668
0.634299,0.6760434
0.7250377,0.6262634
0.7339078,0.6366088
0.7339078,0.6760434
0.7410371,0.6760434
0.7321669,0.6262634
0.7321669,0.592582
0.7397645,0.592582
0.7397645,0.6262634
0.7410371,0.6366088
0.7486345,0.6366088
0.7486345,0.6760434
0.9010349,0.8353131
0.9010586,0.8582464
0.9755959,0.8352357
0.9756197,0.858169
0.9383468,0.8656012
0.9756275,0.8655627
0.9010664,0.8656399
0.9738978,0.9570346
0.902986,0.957108
0.9685306,0.9644768
0.9081876,0.9642895
0.9631836,0.9718913
0.9137308,0.9719425
0.9520242,0.9750727
0.9252728,0.9752072
0.9384645,0.9789386
0.6453987,0.6901222
0.6463207,0.7824337
0.7126797,0.6901222
0.7117577,0.7824337
0.7233151,0.9786679
0.7416015,0.9786679
0.7233152,0.7622467
0.7416015,0.7622466
0.7416015,0.7467567
0.7233151,0.7467567
0.7233151,0.7302496
0.7416015,0.7302496
0.7936475,0.703185
0.8119339,0.703185
0.7936475,0.6783153
0.8119339,0.6783153
0.8119339,0.6498913
0.7936475,0.6498913
0.7936475,0.6206572
0.8119339,0.6206572
0.8119339,0.5965973
0.7936475,0.5965973
0.7467576,0.9786679
0.765044,0.9786679
0.7467576,0.9626993
0.765044,0.9626993
0.765044,0.9466708
0.7467577,0.9466708
0.7467577,0.7302496
0.765044,0.7302496
0.769437,0.8005458
0.769437,0.8896406
0.7877234,0.8005458
0.7877234,0.9787352
0.7694373,0.9787352
0.829109,0.7195867
0.8023117,0.7195885
0.8023122,0.7278266
0.8291095,0.7278246
0.8291178,0.8238596
0.8373473,0.7278236
0.8373558,0.8238586
0.8023205,0.8238616
0.8023211,0.8320992
0.8291183,0.8320975
0.8023205,0.8238616
0.8023126,0.7278267
0.7940827,0.8238624
0.7940747,0.7278272
0.9405021,0.7676491
0.9515756,0.7676491
0.9405021,0.7282145
0.9515756,0.7282145
0.927047,0.7676491
0.9405021,0.717869
0.9515756,0.717869
0.9515756,0.6841877
0.9405021,0.6841877
0.927047,0.6841877
0.927047,0.717869
0.927047,0.7282145
0.9139646,0.7282145
0.9139646,0.7676491
0.9025182,0.7676491
0.9025182,0.7282145
0.9139646,0.717869
0.9139646,0.6841877
0.9025182,0.717869
0.9025182,0.6841877
0.9003449,0.8065103
0.9807525,0.8066783
0.982667,0.8060825
0.8984329,0.8059065
0.982618,0.8295867
0.9002983,0.828815
0.980706,0.8289829
0.8983838,0.8294108
0.8700672,0.8455975
0.8615322,0.8392081
0.8554358,0.8392081
0.8469006,0.8455975
0.8700672,0.8282542
0.8554358,0.8346442
0.8615322,0.8346442
0.8469006,0.8282552
1
738
0
1
2
3
0
2
3
2
4
2
5
4
6
5
2
7
5
6
8
5
7
9
5
8
10
5
9
4
5
10
11
3
4
11
4
12
13
11
12
13
12
14
15
13
14
15
14
16
17
15
16
17
16
18
19
17
18
19
18
20
21
19
20
11
22
3
23
22
11
3
22
24
25
22
23
24
22
26
27
22
25
26
22
27
28
29
30
31
28
30
32
28
31
32
33
28
33
34
28
34
35
28
35
36
28
37
35
34
38
37
34
34
39
38
39
40
38
41
32
31
42
41
31
43
42
31
44
43
31
45
44
31
46
32
41
46
47
32
47
48
32
49
46
41
50
49
41
51
50
41
52
46
49
52
53
46
53
54
46
52
55
53
55
56
53
57
55
52
58
57
52
57
59
55
59
60
55
61
52
49
62
61
49
63
62
49
64
62
50
65
64
50
66
62
64
67
66
64
66
68
62
68
61
62
68
69
61
69
70
61
71
72
73
72
74
73
75
76
77
76
78
77
77
78
79
80
78
76
81
80
76
81
82
80
82
83
80
83
84
80
84
85
80
80
85
78
85
84
86
78
87
79
85
87
78
79
87
88
89
85
86
87
85
89
87
90
88
90
87
89
89
86
91
89
91
90
86
92
91
90
93
88
91
93
90
93
94
88
95
94
93
96
95
93
97
96
93
91
97
93
97
91
92
98
97
92
99
98
92
100
99
92
101
102
103
102
104
103
105
104
102
102
106
105
107
106
102
107
102
108
102
109
108
109
102
110
102
111
110
111
102
112
113
114
115
114
116
115
116
117
115
117
118
115
118
117
119
120
118
119
119
121
120
121
122
120
123
124
125
124
126
125
127
128
129
128
130
129
128
131
130
129
130
132
131
133
130
131
134
133
130
135
132
132
135
136
130
133
137
135
130
137
134
138
133
133
138
137
139
138
134
140
139
134
138
141
137
135
142
136
135
137
142
137
141
143
137
143
142
141
144
143
144
145
143
136
142
146
146
142
143
147
136
146
147
146
148
146
149
148
150
146
143
149
146
150
145
150
143
151
149
150
150
145
151
145
152
151
153
154
155
154
156
155
156
154
157
158
156
157
157
154
159
158
157
160
161
157
159
160
157
162
163
157
161
164
162
157
165
157
163
164
157
166
167
157
165
168
166
157
168
157
167
169
170
171
170
172
171
173
174
175
174
176
175
175
176
177
178
175
177
178
177
179
177
180
179
181
182
183
182
184
183
184
185
183
185
186
183
186
185
187
185
188
187
188
189
187
189
190
187
191
192
193
192
194
193
194
195
193
195
196
193
196
195
197
195
198
197
199
200
201
201
200
202
202
200
203
204
205
206
207
204
206
207
206
208
207
208
209
208
210
209
206
211
208
208
211
212
213
208
212
214
215
216
215
217
216
218
219
220
219
221
220
222
218
220
220
221
223
221
224
223
223
224
225
226
223
225
226
227
223
220
223
228
227
228
223
229
222
220
229
220
228
222
229
230
229
228
230
231
222
230
232
231
230
233
232
230
234
228
227
228
234
230
230
234
233
235
234
227
234
236
233
235
237
234
237
236
234
238
239
240
241
238
240
240
239
242
238
241
243
239
244
242
241
245
243
242
244
245
244
243
245
246
247
248
249
246
248
246
250
247
249
248
251
250
252
247
253
249
251
250
253
252
253
251
252
