MESH3
PFB_Fireplace
592
-0.6978938,0.06051961,0.2871653
-0.6910772,0.06051961,0.2800472
-0.6978938,0.690223,0.2871654
-0.6910772,0.06051961,0.2800472
-0.6910772,0.690223,0.2800472
-0.6978938,0.690223,0.2871654
0.6991824,0.690223,0.2861099
0.6923376,0.690223,0.2790036
0.6991824,0.06051961,0.2861099
0.6923376,0.690223,0.2790036
0.6923376,0.06051961,0.2790036
0.6991824,0.06051961,0.2861099
-0.7115114,0.7034856,0.2737761
-0.6978938,0.7034856,0.2871653
-0.7043381,0.7034856,0.2668087
-0.6910772,0.7034856,0.2800472
-0.4376464,0.7034856,0.5330528
-0.4376464,0.7034856,0.5430528
0.4423536,0.7034856,0.5330528
0.4423536,0.7034856,0.5430528
0.6991824,0.7034856,0.2861099
0.6923376,0.7034856,0.2790036
0.7115114,0.7034856,0.2737755
0.7043381,0.7034856,0.2668081
-0.6978938,0.04348559,0.2871653
-0.7115114,0.04348559,0.2737761
-0.7043381,0.04348559,0.2668087
-0.6910772,0.04348559,0.2800472
-0.4376464,0.04348559,0.5330528
-0.4376464,0.04348559,0.5430528
0.4423536,0.04348559,0.5430528
0.4423536,0.04348559,0.5330528
0.6991824,0.04348559,0.2861099
0.6923376,0.04348559,0.2790036
0.7115114,0.04348559,0.2737755
0.7043381,0.04348559,0.2668081
0.4423536,0.7034856,0.5430528
0.4423536,0.690223,0.5430528
0.6991824,0.690223,0.2861099
0.6991824,0.7034856,0.2861099
0.7115114,0.7034856,0.2737755
0.7115114,0.690223,0.2737755
0.6991824,0.06051961,0.2861099
0.7115114,0.06051961,0.2737755
0.6991824,0.04348559,0.2861099
0.7115114,0.04348559,0.2737755
0.4423536,0.04348559,0.5430528
0.4423536,0.06051961,0.5430528
0.7043381,0.7034856,0.2668081
0.7115114,0.7034856,0.2737755
0.7115114,0.690223,0.2737755
0.7043381,0.690223,0.2668081
0.7115114,0.06051961,0.2737755
0.7043381,0.06051961,0.2668081
0.7115114,0.04348559,0.2737755
0.7043381,0.04348559,0.2668081
0.6923376,0.690223,0.2790036
0.4423536,0.690223,0.5330528
0.4423536,0.7034856,0.5330528
0.6923376,0.7034856,0.2790036
0.7043381,0.690223,0.2668081
0.7043381,0.7034856,0.2668081
0.7043381,0.06051961,0.2668081
0.6923376,0.06051961,0.2790036
0.7043381,0.04348559,0.2668081
0.6923376,0.04348559,0.2790036
0.4423536,0.06051961,0.5330528
0.4423536,0.04348559,0.5330528
0.4423536,0.7034856,0.5330528
0.4423536,0.690223,0.5330528
-0.4376464,0.7034856,0.5330528
-0.4376464,0.690223,0.5330528
-0.7115114,0.7034856,0.2737761
-0.7043381,0.7034856,0.2668087
-0.7043381,0.690223,0.2668087
-0.7115114,0.690223,0.2737761
-0.7043381,0.06051961,0.2668087
-0.7115114,0.06051961,0.2737761
-0.7043381,0.04348559,0.2668087
-0.7115114,0.04348559,0.2737761
0.4423536,0.690223,0.5430528
0.4423536,0.7034856,0.5430528
-0.4376464,0.690223,0.5430528
-0.4376464,0.7034856,0.5430528
-0.4376464,0.7034856,0.5330528
-0.4376464,0.690223,0.5330528
-0.6910772,0.7034856,0.2800472
-0.6910772,0.690223,0.2800472
-0.7043381,0.7034856,0.2668087
-0.7043381,0.690223,0.2668087
-0.6910772,0.06051961,0.2800472
-0.7043381,0.06051961,0.2668087
-0.6910772,0.04348559,0.2800472
-0.7043381,0.04348559,0.2668087
-0.4376464,0.04348559,0.5330528
-0.4376464,0.06051961,0.5330528
-0.4376464,0.690223,0.5430528
-0.4376464,0.7034856,0.5430528
-0.6978938,0.690223,0.2871654
-0.6978938,0.7034856,0.2871653
-0.7115114,0.7034856,0.2737761
-0.7115114,0.690223,0.2737761
-0.7115114,0.06051961,0.2737761
-0.6978938,0.06051961,0.2871653
-0.7115114,0.04348559,0.2737761
-0.6978938,0.04348559,0.2871653
-0.4376464,0.06051961,0.5430528
-0.4376464,0.04348559,0.5430528
0.4423536,0.06051961,0.5330528
0.4423536,0.04348559,0.5330528
-0.4376464,0.06051961,0.5330528
-0.4376464,0.04348559,0.5330528
0.4423536,0.04348559,0.5430528
0.4423536,0.06051961,0.5430528
-0.4376464,0.04348559,0.5430528
-0.4376464,0.06051961,0.5430528
-0.6910772,0.06051961,0.2800472
-0.6978938,0.06051961,0.2871653
-0.4376464,0.06051961,0.5330528
-0.4376464,0.06051961,0.5430528
-0.4376464,0.06051961,0.5330528
-0.4376464,0.06051961,0.5430528
0.4423536,0.06051961,0.5330528
0.4423536,0.06051961,0.5430528
0.6991824,0.06051961,0.2861099
0.6923376,0.06051961,0.2790036
0.4423536,0.690223,0.5330528
0.6923376,0.690223,0.2790036
0.6991824,0.690223,0.2861099
0.4423536,0.690223,0.5430528
-0.4376464,0.690223,0.5330528
-0.4376464,0.690223,0.5430528
-0.6978938,0.690223,0.2871654
-0.6910772,0.690223,0.2800472
0.6991824,0.06051961,0.2861099
0.6991824,0.690223,0.2861099
0.4423536,0.06051961,0.5430528
0.4423536,0.690223,0.5430528
0.6923376,0.690223,0.2790036
0.6923376,0.06051961,0.2790036
0.4423536,0.690223,0.5330528
0.4423536,0.06051961,0.5330528
0.4423536,0.06051961,0.5430528
0.4423536,0.690223,0.5430528
-0.4376464,0.06051961,0.5430528
-0.4376464,0.690223,0.5430528
0.4423536,0.690223,0.5330528
0.4423536,0.06051961,0.5330528
-0.4376464,0.690223,0.5330528
-0.4376464,0.06051961,0.5330528
-0.4376464,0.06051961,0.5430528
-0.4376464,0.690223,0.5430528
-0.6978938,0.06051961,0.2871653
-0.6978938,0.690223,0.2871654
-0.4376464,0.690223,0.5330528
-0.4376464,0.06051961,0.5330528
-0.6910772,0.690223,0.2800472
-0.6910772,0.06051961,0.2800472
0.006577606,0.05998877,-0.0530698
0.01714212,0.1092504,-0.02048626
-0.2426498,0.05998877,0.0277368
-0.2320853,0.1092504,0.06032036
0.01714212,0.1092504,-0.02048626
-0.01071238,0.1720483,-0.1063964
-0.2320853,0.1092504,0.06032036
-0.2599398,0.1720483,-0.02558975
-0.01071238,0.1720483,-0.1063964
-0.02127689,0.1227867,-0.1389799
-0.2599398,0.1720483,-0.02558975
-0.2705043,0.1227867,-0.05817331
-0.02127689,0.1227867,-0.1389799
0.006577606,0.05998877,-0.0530698
-0.2705043,0.1227867,-0.05817331
-0.2426498,0.05998877,0.0277368
-0.2426498,0.05998877,0.0277368
-0.2320853,0.1092504,0.06032036
-0.2705043,0.1227867,-0.05817331
-0.2599398,0.1720483,-0.02558975
-0.02127689,0.1227867,-0.1389799
-0.01071238,0.1720483,-0.1063964
0.006577606,0.05998877,-0.0530698
0.01714212,0.1092504,-0.02048626
0.2636349,0.05758381,-0.08459272
0.2836431,0.1398203,-0.06444743
-0.02269504,0.1969348,-0.3690666
-0.002686901,0.2791713,-0.3489214
0.2836431,0.1398203,-0.06444743
0.3612268,0.1400465,-0.1424265
-0.002686901,0.2791713,-0.3489214
0.07489674,0.2793975,-0.4269004
0.3612268,0.1400465,-0.1424265
0.3412186,0.05781004,-0.1625718
0.07489674,0.2793975,-0.4269004
0.05488859,0.1971611,-0.4470457
0.3412186,0.05781004,-0.1625718
0.2636349,0.05758381,-0.08459272
0.05488859,0.1971611,-0.4470457
-0.02269504,0.1969348,-0.3690666
-0.02269504,0.1969348,-0.3690666
-0.002686901,0.2791713,-0.3489214
0.05488859,0.1971611,-0.4470457
0.07489674,0.2793975,-0.4269004
0.3412186,0.05781004,-0.1625718
0.3612268,0.1400465,-0.1424265
0.2636349,0.05758381,-0.08459272
0.2836431,0.1398203,-0.06444743
0.1058031,0.08601853,-0.3067751
0.1058031,0.1460185,-0.3067751
-0.2647681,0.08601853,-0.02920347
-0.2647681,0.1460185,-0.02920347
0.1058031,0.1460185,-0.3067751
0.03985735,0.1460185,-0.3948157
-0.2647681,0.1460185,-0.02920347
-0.3307138,0.1460185,-0.1172441
0.03985735,0.1460185,-0.3948157
0.03985735,0.08601853,-0.3948157
-0.3307138,0.1460185,-0.1172441
-0.3307138,0.08601853,-0.1172441
0.03985735,0.08601853,-0.3948157
0.1058031,0.08601853,-0.3067751
-0.3307138,0.08601853,-0.1172441
-0.2647681,0.08601853,-0.02920347
-0.2647681,0.08601853,-0.02920347
-0.2647681,0.1460185,-0.02920347
-0.3307138,0.08601853,-0.1172441
-0.3307138,0.1460185,-0.1172441
0.03985735,0.08601853,-0.3948157
0.03985735,0.1460185,-0.3948157
0.1058031,0.08601853,-0.3067751
0.1058031,0.1460185,-0.3067751
0.1388843,0.07276986,-0.1154977
0.1350158,0.132645,-0.1155653
0.1394741,0.07320334,0.2345015
0.1356057,0.1330785,0.2344339
0.1350158,0.132645,-0.1155653
0.02524487,0.1255531,-0.1153716
0.1356057,0.1330785,0.2344339
0.02583469,0.1259865,0.2346277
0.02524487,0.1255531,-0.1153716
0.02911331,0.06567793,-0.1153039
0.02583469,0.1259865,0.2346277
0.02970314,0.06611142,0.2346953
0.02911331,0.06567793,-0.1153039
0.1388843,0.07276986,-0.1154977
0.02970314,0.06611142,0.2346953
0.1394741,0.07320334,0.2345015
0.1394741,0.07320334,0.2345015
0.1356057,0.1330785,0.2344339
0.02970314,0.06611142,0.2346953
0.02583469,0.1259865,0.2346277
0.02911331,0.06567793,-0.1153039
0.02524487,0.1255531,-0.1153716
0.1388843,0.07276986,-0.1154977
0.1350158,0.132645,-0.1155653
0.1974327,0.1143476,0.1779486
0.2114015,0.1726989,0.1779486
-0.2187229,0.2139714,-0.1786163
-0.2047541,0.2723227,-0.1786163
0.2114015,0.1726989,0.1779486
0.2798834,0.156305,0.09344137
-0.2047541,0.2723227,-0.1786163
-0.1362723,0.2559288,-0.2631236
0.2798834,0.156305,0.09344137
0.2659146,0.09795368,0.09344137
-0.1362723,0.2559288,-0.2631236
-0.1502411,0.1975775,-0.2631236
0.2659146,0.09795368,0.09344137
0.1974327,0.1143476,0.1779486
-0.1502411,0.1975775,-0.2631236
-0.2187229,0.2139714,-0.1786163
-0.2187229,0.2139714,-0.1786163
-0.2047541,0.2723227,-0.1786163
-0.1502411,0.1975775,-0.2631236
-0.1362723,0.2559288,-0.2631236
0.2659146,0.09795368,0.09344137
0.2798834,0.156305,0.09344137
0.1974327,0.1143476,0.1779486
0.2114015,0.1726989,0.1779486
-0.5517407,0.0414343,0.8114568
-0.5517407,-0.0007372379,0.8114568
-0.3710591,-0.0007372379,0.8114568
-0.3710591,0.0414343,0.8114568
0.3757669,-0.0007372379,0.8114568
0.3757669,0.0414343,0.8114568
0.556448,0.0414343,0.8114568
0.556448,-0.0007372379,0.8114568
-0.3710591,-0.0007372379,0.8114568
-0.5517407,-0.0007372379,0.8114568
-0.5517407,-0.0007372379,0.3731181
-0.3710591,-0.0007372379,0.3731181
0.3757669,-0.0007372379,0.8114568
0.3757669,-0.0007372379,0.3731181
0.556448,-0.0007372379,0.8114568
0.556448,-0.0007372379,0.3731181
-0.5517407,-0.0007372379,0.3731181
-0.5517407,-0.0007372379,0.8114568
-0.5517407,0.0414343,0.3731181
-0.5517407,0.0414343,0.8114568
-0.5517407,0.0414343,0.3731181
-0.5517407,0.0414343,0.8114568
-0.3710591,0.0414343,0.3731181
-0.3710591,0.0414343,0.8114568
0.3757669,0.0414343,0.3731181
0.3757669,0.0414343,0.8114568
0.556448,0.0414343,0.3731181
0.556448,0.0414343,0.8114568
0.556448,0.0414343,0.3731181
0.556448,0.0414343,0.8114568
0.556448,-0.0007372379,0.3731181
0.556448,-0.0007372379,0.8114568
-0.5517407,0.03893917,-0.6768818
-0.5517407,0.0008565998,-0.6768818
-0.5517406,0.0008565998,-0.4808692
-0.5517406,0.03893917,-0.4808692
-0.5517406,0.7135356,-0.6768818
-0.5517407,0.0008565998,0.08010908
-0.5517406,0.7135356,-0.4808692
-0.5517408,0.8961586,-0.6768818
-0.5517408,0.8961586,-0.4808692
-0.5517407,0.03893908,0.08010908
-0.5517407,0.0008565998,0.2387411
-0.5517406,0.7135356,0.08010908
-0.5517408,0.8961588,0.08010908
-0.5517407,0.03893904,0.2387411
-0.5517407,0.0008565998,0.3731181
-0.5517407,0.03893904,0.3731181
-0.5517406,0.7135354,0.2387411
-0.5517407,0.8961586,0.2387411
-0.5517407,0.7135354,0.3731181
-0.5517407,0.8961586,0.3731181
-0.3710591,0.03893904,0.3731181
-0.3710591,0.7135354,0.3731181
-0.3710591,0.8961586,0.3731181
0.3757669,0.7135354,0.3731181
0.3757669,0.8961588,0.3731181
0.556448,0.8961588,0.3731181
-0.3678161,0.7092597,0.3428709
-0.3678161,0.03863098,0.3428709
0.3725239,0.03863098,0.3428709
0.3757669,0.03893904,0.3731181
0.3621494,0.04689408,0.3591669
-0.3574416,0.04689408,0.3591669
0.3725239,0.7092597,0.3428709
0.3621494,0.7018435,0.3591669
-0.3574416,0.7018435,0.3591669
0.556448,0.7135354,0.3731181
0.556448,0.03893904,0.3731181
0.5564479,0.7135354,0.2387411
0.556448,0.8961588,0.2387411
0.556448,0.03893904,0.2387411
0.556448,0.0008565998,0.2387411
0.556448,0.0008565998,0.3731181
0.556448,0.0008565998,0.08010908
0.556448,0.03893908,0.08010908
0.5564479,0.0008565998,-0.4808692
0.5564479,0.7135356,0.08010908
0.5564479,0.03893917,-0.4808692
0.556448,0.03893917,-0.6768818
0.556448,0.0008565998,-0.6768818
0.5564479,0.7135356,-0.4808692
0.556448,0.8961588,0.08010908
0.5564479,0.7135356,-0.6768818
0.3757669,0.03893917,-0.6768818
0.3757669,0.7135354,-0.6768818
0.3757669,0.0008565998,-0.6768818
0.5564479,0.0008565998,-0.4808692
0.3757669,0.0008565998,-0.4808692
0.556448,0.0008565998,0.08010908
-0.3710591,0.0008565998,-0.6768818
0.3757669,0.0008565998,0.08010908
0.556448,0.0008565998,0.2387411
-0.3710591,0.03893917,-0.6768818
-0.3710591,0.0008565998,-0.4808692
0.3757669,0.0008565998,0.2387411
0.556448,0.0008565998,0.3731181
0.3757669,0.0008565998,0.3731181
-0.3710591,0.0008565998,0.08010908
-0.3710591,0.0008565998,0.2387411
-0.3710591,0.0008565998,0.3731181
-0.5517407,0.0008565998,0.2387411
-0.5517407,0.0008565998,0.3731181
-0.5517407,0.0008565998,0.08010908
-0.5517406,0.0008565998,-0.4808692
-0.5517407,0.0008565998,-0.6768818
-0.5517407,0.03893917,-0.6768818
-0.3710591,0.7135354,-0.6768818
-0.5517406,0.7135356,-0.6768818
0.3757669,0.8961586,-0.6768818
-0.3710591,0.8961586,-0.6768818
-0.5517408,0.8961586,-0.6768818
-0.5517408,5.169415,-0.6768818
-0.3710591,5.169415,-0.6768818
0.556448,0.8961586,-0.6768818
-0.3710591,5.169415,-0.4808691
-0.5517408,5.169415,-0.4808693
-0.5517408,5.169415,0.08010929
-0.3710591,5.169415,0.08010887
-0.5517407,5.169415,0.2387416
-0.3710591,5.169415,0.2387412
0.3757669,5.169415,0.08010887
0.3757669,5.169415,0.2387408
0.556448,5.169415,0.2387409
0.556448,5.169415,0.08010895
0.556448,5.169415,-0.4808693
0.3757669,5.169415,-0.4808691
0.556448,5.169415,-0.6768818
0.3757669,5.169415,-0.6768818
0.556448,0.8961586,-0.4808692
0.556448,5.169415,-0.4808693
0.556448,5.169415,0.08010895
0.556448,5.169415,0.2387409
0.3757669,0.8961588,0.2387411
0.3757669,5.169415,0.2387408
-0.3710591,0.8961586,0.2387411
-0.3710591,5.169415,0.2387412
-0.5517407,0.8961586,0.2387411
-0.5517407,5.169415,0.2387416
-0.5517408,0.8961588,0.08010908
-0.5517408,5.169415,0.08010929
-0.5517408,0.8961586,-0.4808692
-0.5517408,5.169415,-0.4808693
-0.5517408,0.8961586,-0.6768818
-0.5517408,5.169415,-0.6768818
0.3389333,0.6754971,0.1370168
-0.3342254,0.6754971,0.1370168
-0.3710591,0.7135354,0.1370168
0.3757669,0.7135354,0.1370168
-0.3710591,0.8961588,0.08010908
0.3757669,0.8961588,0.08010908
-0.3710591,5.169415,0.08010887
0.3757669,5.169415,0.08010887
-0.3710591,5.169415,-0.4808691
-0.3710591,0.8961586,-0.4808692
0.3757669,5.169415,-0.4808691
0.3757668,0.8961586,-0.4808692
0.3757669,5.169415,0.08010887
0.3757669,0.8961588,0.08010908
0.3757669,0.8961588,0.3731181
0.556448,0.8961588,0.3731181
0.556448,0.8961588,0.2387411
0.3757669,0.8961588,0.2387411
-0.3710591,0.8961586,0.3731181
-0.3710591,0.8961586,0.2387411
-0.5517407,0.8961586,0.3731181
-0.5517407,0.8961586,0.2387411
0.6323536,5.127483,0.3435432
-0.6276463,5.127483,0.3435432
-0.6276463,5.127483,-0.8114568
0.6323536,5.127483,-0.8114568
-0.6229726,5.207877,-0.8071726
0.6276799,5.207877,-0.8071726
0.5842928,5.256597,-0.7614463
-0.5795856,5.256597,-0.7614463
-0.6229726,5.207877,0.3392589
-0.6276463,5.127483,-0.8114568
-0.6276463,5.127483,0.3435432
-0.5795856,5.256597,0.2935326
0.6276799,5.207877,0.3392589
-0.6276463,5.127483,0.3435432
0.6323536,5.127483,0.3435432
0.6323536,5.127483,0.3435432
0.6323536,5.127483,-0.8114568
0.5842928,5.256597,0.2935326
-0.5116926,5.279097,0.2319922
-0.5116926,5.279097,-0.6999059
0.5163999,5.279097,-0.6999059
0.5163999,5.279097,0.2319922
0.1308625,5.487017,-0.01634119
-0.1261552,5.487017,-0.01634119
0.1308625,5.277017,-0.01634119
-0.1261552,5.277017,-0.01634119
0.1283128,5.285589,-0.05918264
0.1283128,5.285589,-0.3934998
-0.1236055,5.285589,-0.05918264
-0.1236055,5.285589,-0.3934998
0.1308625,5.277017,-0.4363412
-0.1261552,5.277017,-0.4363412
0.1308625,5.487017,-0.4363412
-0.1261552,5.487017,-0.4363412
-0.1551464,5.487017,-0.04855362
-0.1551464,5.487017,-0.4041288
-0.1551464,5.277017,-0.04855362
-0.1551464,5.277017,-0.4041288
0.1598536,5.487017,-0.4041288
0.1598536,5.487017,-0.04855362
0.1598536,5.277017,-0.4041288
0.1598536,5.277017,-0.04855362
0.1283128,5.487017,-0.05918264
0.1283128,5.285589,-0.05918264
-0.1236055,5.487017,-0.05918264
-0.1236055,5.285589,-0.05918264
-0.1236055,5.487017,-0.05918264
-0.1236055,5.285589,-0.05918264
-0.1236055,5.487017,-0.3934998
-0.1236055,5.285589,-0.3934998
-0.1236055,5.487017,-0.3934998
-0.1236055,5.285589,-0.3934998
0.1283128,5.487017,-0.3934998
0.1283128,5.285589,-0.3934998
0.1283128,5.487017,-0.3934998
0.1283128,5.285589,-0.3934998
0.1283128,5.487017,-0.05918264
0.1283128,5.285589,-0.05918264
0.1598536,5.277017,-0.04855362
0.1598536,5.487017,-0.04855362
0.1308625,5.277017,-0.01634119
0.1308625,5.487017,-0.01634119
-0.1261552,5.277017,-0.01634119
-0.1261552,5.487017,-0.01634119
-0.1551464,5.277017,-0.04855362
-0.1551464,5.487017,-0.04855362
0.1598536,5.487017,-0.4041288
0.1598536,5.277017,-0.4041288
0.1308625,5.487017,-0.4363412
0.1308625,5.277017,-0.4363412
-0.1261552,5.487017,-0.4363412
-0.1261552,5.277017,-0.4363412
-0.1551464,5.487017,-0.4041288
-0.1551464,5.277017,-0.4041288
-0.3497259,0.6690463,-0.4914589
-0.3497259,0.05522221,-0.4914589
0.3544338,0.05522221,-0.4914589
0.3544338,0.6690463,-0.4914589
0.3929637,0.7275983,-0.4914589
-0.3882559,0.7275983,-0.4914589
0.3929636,0.9181849,-0.4908776
-0.3882559,0.9181849,-0.4908776
0.3544338,0.6879013,0.3691889
0.3544338,0.6879013,0.1417416
0.3544338,0.05522221,0.3691889
0.3544338,0.05522221,0.1417416
0.3544338,0.6690463,-0.4914589
0.3544338,0.05522221,-0.4914589
0.3544338,0.05522221,0.3691889
0.3544338,0.05522221,0.1417416
-0.3497259,0.05522221,0.3691889
-0.3497259,0.05522221,0.1417416
0.3544338,0.05522221,-0.4914589
-0.3497259,0.05522221,-0.4914589
-0.3497259,0.05522221,0.3691889
-0.3497259,0.05522221,0.1417416
-0.3497259,0.6879013,0.3691889
-0.3497259,0.6879013,0.1417416
-0.3497259,0.6690463,-0.4914589
-0.3497259,0.05522221,-0.4914589
-0.3497259,0.6879013,0.3691889
-0.3497259,0.6879013,0.1417416
0.3544338,0.6879013,0.3691889
0.3544338,0.6879013,0.1417416
-0.3882559,0.9181849,-0.4908776
-0.3882559,0.918185,0.083477
-0.3882559,0.7275983,-0.4914589
-0.3882559,0.7275983,0.1417416
0.3929636,0.9181849,-0.4908776
0.3929637,0.7275983,-0.4914589
0.3929637,0.918185,0.083477
0.3929637,0.7275983,0.1417416
-0.3882559,0.7275983,0.1417416
-0.3497259,0.6879013,0.1417416
-0.3882559,0.7275983,-0.4914589
-0.3497259,0.6690463,-0.4914589
0.3929637,0.7275983,0.1417416
0.3929637,0.7275983,-0.4914589
0.3544338,0.6879013,0.1417416
0.3544338,0.6690463,-0.4914589
0.3544338,0.6879013,0.3691889
0.3544338,0.05522221,0.3691889
0.3787191,0.0318877,0.3691889
0.3787191,0.7153965,0.3691889
-0.3497259,0.6879013,0.3691889
-0.3740112,0.7153965,0.3691889
-0.3848635,0.02326424,0.3525043
-0.3740112,0.0318877,0.3691889
-0.3848635,0.7231362,0.3525043
-0.3740112,0.7153965,0.3691889
-0.3497259,0.6879013,0.3691889
-0.3497259,0.05522221,0.3691889
0.3544338,0.05522221,0.3691889
0.3787191,0.0318877,0.3691889
-0.3740112,0.0318877,0.3691889
0.1598536,5.487017,-0.4041288
0.1308625,5.487017,-0.4363412
0.1283128,5.487017,-0.3934998
-0.1261552,5.487017,-0.4363412
0.1283128,5.487017,-0.05918264
0.1598536,5.487017,-0.04855362
0.1308625,5.487017,-0.01634119
-0.1236055,5.487017,-0.3934998
-0.1551464,5.487017,-0.4041288
-0.1551464,5.487017,-0.04855362
-0.1236055,5.487017,-0.05918264
-0.1261552,5.487017,-0.01634119
592
0.631501,0.3325064
0.6301097,0.4675742
0.6315011,0.4683485
0.6301097,0.4675742
0.6301097,0.3317318
0.6315011,0.4683485
0.330118,0.4683486
0.3316738,0.3317319
0.3301181,0.3325064
0.3316738,0.3317319
0.3316738,0.4675742
0.3301181,0.3325064
0.6344386,0.5292992
0.6315011,0.5264107
0.6328912,0.5308021
0.6300306,0.5279462
0.5753595,0.4733669
0.5753595,0.4712096
0.3855222,0.4733669
0.3855222,0.4712097
0.3301182,0.5266384
0.3315946,0.5281714
0.3274585,0.5292993
0.329006,0.5308022
0.6315008,0.2736306
0.6344385,0.2707422
0.6328912,0.2692392
0.6300305,0.2720951
0.5753595,0.3266745
0.5753595,0.3288318
0.3855222,0.3288317
0.3855222,0.3266746
0.3301181,0.2734031
0.3315948,0.2718701
0.3274584,0.2707422
0.329006,0.2692392
0.3855222,0.4712097
0.3855222,0.4683487
0.330118,0.4683486
0.3301181,0.4712096
0.3274584,0.4712096
0.3274584,0.4683487
0.3301181,0.3325064
0.3274584,0.3325064
0.3301181,0.3288317
0.3274584,0.3288317
0.3855222,0.3288317
0.3855222,0.3325065
0.3290851,0.3288708
0.3275376,0.3288708
0.3275376,0.3317319
0.3290851,0.3317319
0.3275376,0.4675741
0.3290851,0.4675741
0.3275376,0.4712488
0.3290851,0.4712488
0.3316738,0.3317319
0.3856015,0.3317319
0.3856014,0.3288708
0.3316738,0.3288708
0.3290851,0.3317319
0.3290851,0.3288708
0.3290851,0.4675741
0.3316738,0.4675742
0.3290851,0.4712488
0.3316738,0.4712488
0.3856014,0.4675741
0.3856014,0.4712488
0.3856014,0.3288708
0.3856015,0.3317319
0.5754387,0.3288707
0.5754386,0.3317318
0.6345179,0.3288707
0.6329704,0.3288708
0.6329704,0.3317319
0.6345178,0.3317318
0.6329704,0.4675741
0.6345179,0.4675741
0.6329704,0.4712487
0.6345178,0.4712487
0.3855222,0.4683487
0.3855222,0.4712097
0.5753595,0.4683486
0.5753595,0.4712096
0.5754387,0.3288707
0.5754386,0.3317318
0.6301097,0.3288707
0.6301097,0.3317318
0.6329704,0.3288708
0.6329704,0.3317319
0.6301097,0.4675742
0.6329704,0.4675741
0.6301097,0.4712487
0.6329704,0.4712487
0.5754386,0.4712488
0.5754386,0.4675742
0.5753595,0.4683486
0.5753595,0.4712096
0.6315011,0.4683485
0.631501,0.4712096
0.6344386,0.4712096
0.6344386,0.4683486
0.6344385,0.3325064
0.631501,0.3325064
0.6344386,0.3288318
0.631501,0.3288318
0.5753595,0.3325064
0.5753595,0.3288318
0.3856014,0.4675741
0.3856014,0.4712488
0.5754386,0.4675742
0.5754386,0.4712488
0.3855222,0.3288317
0.3855222,0.3325065
0.5753595,0.3288318
0.5753595,0.3325064
0.6301097,0.4675742
0.631501,0.3325064
0.5754386,0.4675742
0.5753595,0.3325064
0.5754386,0.4675742
0.5753595,0.3325064
0.3856014,0.4675741
0.3855222,0.3325065
0.3301181,0.3325064
0.3316738,0.4675742
0.3856015,0.3317319
0.3316738,0.3317319
0.330118,0.4683486
0.3855222,0.4683487
0.5754386,0.3317318
0.5753595,0.4683486
0.6315011,0.4683485
0.6301097,0.3317318
0.3301181,0.3325064
0.330118,0.4683486
0.3855222,0.3325065
0.3855222,0.4683487
0.3316738,0.3317319
0.3316738,0.4675742
0.3856015,0.3317319
0.3856014,0.4675741
0.3855222,0.3325065
0.3855222,0.4683487
0.5753595,0.3325064
0.5753595,0.4683486
0.3856015,0.3317319
0.3856014,0.4675741
0.5754386,0.3317318
0.5754386,0.4675742
0.5753595,0.3325064
0.5753595,0.4683486
0.631501,0.3325064
0.6315011,0.4683485
0.5754386,0.3317318
0.5754386,0.4675742
0.6301097,0.3317318
0.6301097,0.4675742
0.7536795,0.296023
0.7146143,0.2960398
0.7537531,0.4666085
0.7146877,0.4666253
0.7146143,0.2960398
0.6429942,0.2960707
0.7146877,0.4666253
0.6430678,0.4666562
0.7515215,0.2960707
0.7124561,0.2960875
0.7515951,0.4666562
0.7125297,0.4666729
0.7124561,0.2960875
0.6408364,0.2961184
0.7125297,0.4666729
0.6409099,0.4667038
0.7537531,0.4666085
0.7146877,0.4666253
0.7537839,0.5382284
0.7147186,0.5382452
0.7536486,0.2244031
0.7145835,0.2244199
0.7536795,0.296023
0.7146143,0.2960398
0.7398061,0.2784124
0.697614,0.2784818
0.7401469,0.4854926
0.697955,0.4855621
0.697614,0.2784818
0.6442679,0.2785697
0.697955,0.4855621
0.6446088,0.4856499
0.7385621,0.2785697
0.6963701,0.2786393
0.7389031,0.4856499
0.6967111,0.4857194
0.6963701,0.2786393
0.6430238,0.2787271
0.6967111,0.4857194
0.6433649,0.4858072
0.7401469,0.4854926
0.697955,0.4855621
0.740235,0.5388389
0.6980429,0.5389082
0.7397182,0.2250662
0.6975262,0.2251357
0.7398061,0.2784124
0.697614,0.2784818
0.7386915,0.2763658
0.7111274,0.2762948
0.738144,0.4890686
0.7105799,0.4889976
0.7111274,0.2762948
0.660593,0.2761648
0.7105799,0.4889976
0.6600456,0.4888676
0.7353168,0.2761648
0.7077528,0.2760938
0.7347694,0.4888676
0.7072055,0.4887967
0.7077528,0.2760938
0.6572187,0.2759638
0.7072055,0.4887967
0.6566713,0.4886666
0.738144,0.4890686
0.7105799,0.4889976
0.738014,0.5396028
0.7104498,0.5395318
0.7388215,0.2258316
0.7112575,0.2257607
0.7386915,0.2763658
0.7111274,0.2762948
0.7386215,0.2791856
0.7055857,0.2791861
0.7386252,0.4718952
0.7055894,0.4718958
0.7055857,0.2791861
0.6450199,0.2791873
0.7055894,0.4718958
0.6450234,0.471897
0.7375349,0.2774082
0.7044989,0.2774088
0.7375385,0.4701177
0.7045025,0.4701185
0.7044989,0.2774088
0.6439332,0.2774099
0.7045025,0.4701185
0.6439368,0.4701195
0.7386252,0.4718952
0.7055894,0.4718958
0.7386266,0.5324611
0.7055905,0.5324617
0.7386206,0.2186197
0.7055846,0.2186203
0.7386215,0.2791856
0.7055857,0.2791861
0.733908,0.2643453
0.7096762,0.2643048
0.7335317,0.4892969
0.7092999,0.4892564
0.7096762,0.2643048
0.6652512,0.2642304
0.7092999,0.4892564
0.664875,0.489182
0.7346375,0.2642304
0.7104058,0.2641897
0.7342612,0.489182
0.7100294,0.4891413
0.7104058,0.2641897
0.6659809,0.2641156
0.7100294,0.4891413
0.6656045,0.4890671
0.7335317,0.4892969
0.7092999,0.4892564
0.7334573,0.5337219
0.7092255,0.5336813
0.7339823,0.2199203
0.7097505,0.2198796
0.733908,0.2643453
0.7096762,0.2643048
0.3573885,0.7786232
0.3524182,0.7786232
0.3524182,0.8022842
0.3573885,0.8022842
0.3524182,0.9000841
0.3573885,0.9000841
0.3573885,0.923745
0.3524182,0.923745
0.3524182,0.8022842
0.3524182,0.7786232
0.3007562,0.7786232
0.3007562,0.8022842
0.3524182,0.9000841
0.3007562,0.9000841
0.3524182,0.923745
0.3007562,0.923745
0.3007562,0.7786232
0.3524182,0.7786232
0.3007562,0.7736529
0.3524182,0.7736529
0.4090504,0.7786232
0.3573885,0.7786232
0.4090504,0.8022841
0.3573885,0.8022842
0.4090505,0.9000841
0.3573885,0.9000841
0.4090505,0.923745
0.3573885,0.923745
0.3007562,0.9287152
0.3524182,0.9287152
0.3007562,0.923745
0.3524182,0.923745
0.5378417,0.9371957
0.5378476,0.939216
0.5472388,0.9391888
0.5472329,0.9371685
0.5377381,0.9014046
0.5741157,0.9391111
0.5471292,0.9013776
0.5377101,0.8917156
0.5471013,0.8916885
0.5741099,0.9370905
0.5817158,0.9390892
0.5740063,0.9012997
0.5739782,0.8916106
0.58171,0.9370686
0.588154,0.9390706
0.5881481,0.93705
0.5816064,0.9012778
0.5815785,0.8915886
0.5880445,0.9012592
0.5880165,0.89157
0.5975308,0.9373993
0.5976629,0.9012312
0.5976348,0.8915422
0.6374198,0.9011161
0.6373917,0.891427
0.64701,0.891399
0.5982643,0.902271
0.5983474,0.9366815
0.6364819,0.9367813
0.6372872,0.9374961
0.6358177,0.9361707
0.5980372,0.9355522
0.6368247,0.9021598
0.6359467,0.9025458
0.5983944,0.9034587
0.6470382,0.9010882
0.6471419,0.936879
0.6534763,0.9010695
0.6534482,0.8913804
0.6535801,0.9368603
0.653586,0.9388809
0.6471479,0.9388996
0.6611862,0.9388589
0.6611804,0.9368384
0.6880631,0.9387809
0.6610766,0.9010476
0.6880573,0.9367604
0.6974484,0.9367331
0.6974543,0.9387537
0.6879534,0.9009695
0.6610485,0.8913583
0.6973445,0.9009423
0.7070668,0.9367052
0.7069629,0.9009143
0.7070727,0.9387258
0.6974816,0.9481448
0.7070999,0.9481169
0.6975595,0.9750218
0.7468296,0.9386104
0.7071781,0.9749938
0.6975816,0.982622
0.7468237,0.93659
0.7468568,0.9480015
0.7072001,0.9825941
0.6976003,0.98906
0.7072187,0.9890321
0.7469347,0.9748787
0.7469568,0.9824785
0.7469755,0.9889168
0.7565753,0.9824506
0.7565941,0.988889
0.7565534,0.9748505
0.7564752,0.9479736
0.7564481,0.9385824
0.7564422,0.9365619
0.7467199,0.9007989
0.7563382,0.9007713
0.7069349,0.8912253
0.7466917,0.8911101
0.7563102,0.8910822
0.7556197,0.6529105
0.7460012,0.6529385
0.6973165,0.8912534
0.7459739,0.6435475
0.7555924,0.6435195
0.7555147,0.6166425
0.7458961,0.6166705
0.7554927,0.6090423
0.7458742,0.6090702
0.7061393,0.6167855
0.7061173,0.6091853
0.6964989,0.6092132
0.696521,0.6168134
0.6965986,0.6436905
0.7062172,0.6436625
0.696626,0.6530814
0.7062445,0.6530536
0.6879253,0.8912805
0.6872349,0.6531087
0.6603579,0.6531866
0.6527577,0.6532087
0.6438298,0.8914082
0.6431392,0.6532365
0.604073,0.8915235
0.6033825,0.6533518
0.5944546,0.8915514
0.5937639,0.6533797
0.5868543,0.8915733
0.5861638,0.6534017
0.5599773,0.8916513
0.5592868,0.6534796
0.5505862,0.8916785
0.5498957,0.6535069
0.5217859,0.5399042
0.5480388,0.5399042
0.5494754,0.5384257
0.5203494,0.5384257
0.5494754,0.5313275
0.5203494,0.5313275
0.5494754,0.5245327
0.5203494,0.5245327
0.5691654,0.5245327
0.5691656,0.5313274
0.5982915,0.5245327
0.5982915,0.5313274
0.6179816,0.5245326
0.6179817,0.5313274
0.4653905,0.5235559
0.455772,0.5235558
0.455772,0.529994
0.4653905,0.529994
0.5051474,0.5235559
0.5051474,0.5299942
0.514766,0.5235559
0.514766,0.5299942
0.5111509,0.8526815
0.4316272,0.8526818
0.4316275,0.9182888
0.5111511,0.9182886
0.4319128,0.9228554
0.5108659,0.9228553
0.5081179,0.9254527
0.4346607,0.9254528
0.431903,0.9879757
0.4273269,0.9226121
0.4273267,0.9882189
0.4346607,0.9853783
0.5108659,0.9879757
0.4316275,0.9925424
0.5111511,0.9925424
0.5154519,0.988219
0.5154519,0.9226121
0.5081179,0.9853783
0.4389458,0.9818827
0.4389458,0.9289484
0.5038328,0.9289484
0.5038328,0.9818827
0.640925,0.5478067
0.6817895,0.5478067
0.642996,0.5208028
0.6797184,0.5208028
0.3536814,0.6023232
0.3966714,0.602323
0.3536814,0.5663295
0.3966712,0.5663295
0.642996,0.6288188
0.6797183,0.6288189
0.6409249,0.6018149
0.6817895,0.6018149
0.6838606,0.551949
0.6838606,0.5976725
0.7108646,0.551949
0.7108646,0.5976726
0.6388538,0.5976726
0.6388538,0.551949
0.6118498,0.5976726
0.6118498,0.5519489
0.3277797,0.6023232
0.3536814,0.6023232
0.3277797,0.5663295
0.3536814,0.5663295
0.4225724,0.523339
0.3966708,0.5233393
0.422573,0.5663292
0.3966712,0.5663295
0.422573,0.5663292
0.3966712,0.5663295
0.4225732,0.602323
0.3966714,0.602323
0.4225732,0.602323
0.3966714,0.602323
0.422573,0.6453131
0.3966713,0.645313
0.6118498,0.5519489
0.6388538,0.551949
0.6118498,0.5478067
0.640925,0.5478067
0.7108646,0.5478067
0.6817895,0.5478067
0.7108646,0.551949
0.6838606,0.551949
0.6388538,0.5976726
0.6118498,0.5976726
0.6409249,0.6018149
0.6118498,0.6018149
0.6817895,0.6018149
0.7108646,0.6018148
0.6838606,0.5976725
0.7108646,0.5976726
0.5052376,0.6548555
0.429591,0.6548555
0.4295911,0.7417243
0.5052376,0.7417243
0.5124536,0.7417243
0.512589,0.6501024
0.5359411,0.7417902
0.5360765,0.6501026
0.5075614,0.8393534
0.5075614,0.8135527
0.4295911,0.8393534
0.429591,0.8135527
0.5052376,0.7417243
0.4295911,0.7417243
0.3319618,0.7417243
0.3577628,0.7417243
0.3319618,0.6548555
0.3577627,0.6548555
0.4295911,0.7417243
0.429591,0.6548555
0.4295911,0.5572262
0.4295911,0.5830271
0.5075614,0.5572263
0.5075614,0.5830272
0.5052376,0.6548555
0.429591,0.6548555
0.5075614,0.5572263
0.5075614,0.5830272
0.5944301,0.5572262
0.5944301,0.5830271
0.5360765,0.6501026
0.5359412,0.5896366
0.512589,0.6501024
0.5124536,0.5830272
0.5359411,0.7417902
0.5124536,0.7417243
0.5359412,0.8069432
0.5124536,0.8135527
0.5124536,0.5830272
0.5075614,0.5830272
0.512589,0.6501024
0.5052376,0.6548555
0.5124536,0.8135527
0.5124536,0.7417243
0.5075614,0.8135527
0.5052376,0.7417243
0.5944301,0.5572262
0.5944301,0.6351966
0.5974262,0.6380723
0.5974261,0.5538378
0.5075614,0.5572263
0.5045654,0.5538378
0.5241992,0.9738196
0.5255378,0.9727567
0.524199,0.8875684
0.525538,0.8885224
0.528534,0.8919106
0.528534,0.9698811
0.6154026,0.9698812
0.6183987,0.9727569
0.5255378,0.9727567
0.6388538,0.5976726
0.6409249,0.6018149
0.6433603,0.5963058
0.6817895,0.6018149
0.6433603,0.5533158
0.6388538,0.551949
0.640925,0.5478067
0.679354,0.5963058
0.6838606,0.5976725
0.6838606,0.551949
0.679354,0.5533158
0.6817895,0.5478067
1
1398
0
1
2
3
4
5
6
7
8
9
10
11
12
13
14
13
15
14
16
15
13
17
16
13
18
16
17
19
18
17
19
20
18
20
21
18
20
22
21
22
23
21
24
25
26
27
24
26
27
28
24
28
29
24
30
29
28
31
30
28
32
30
31
33
32
31
34
32
33
35
34
33
36
37
38
39
36
38
40
39
38
41
40
38
41
38
42
43
41
42
43
42
44
45
43
44
44
42
46
42
47
46
48
49
50
51
48
50
51
50
52
53
51
52
53
52
54
55
53
54
56
57
58
59
56
58
60
56
59
61
60
59
60
62
56
62
63
56
62
64
63
64
65
63
63
65
66
65
67
66
68
69
70
69
71
70
72
73
74
75
72
74
75
74
76
77
75
76
77
76
78
79
77
78
80
81
82
81
83
82
84
85
86
85
87
86
86
87
88
87
89
88
87
90
89
90
91
89
90
92
91
92
93
91
94
92
90
95
94
90
96
97
98
97
99
98
99
100
98
100
101
98
98
101
102
103
98
102
103
102
104
105
103
104
106
103
105
107
106
105
108
109
110
109
111
110
112
113
114
113
115
114
116
117
118
117
119
118
120
121
122
121
123
122
122
123
124
125
122
124
126
127
128
129
126
128
126
129
130
129
131
130
130
131
132
133
130
132
134
135
136
135
137
136
138
139
140
139
141
140
142
143
144
143
145
144
146
147
148
147
149
148
150
151
152
151
153
152
154
155
156
155
157
156
158
159
160
159
161
160
162
163
164
163
165
164
166
167
168
167
169
168
170
171
172
171
173
172
174
175
176
175
177
176
178
179
180
179
181
180
182
183
184
183
185
184
186
187
188
187
189
188
190
191
192
191
193
192
194
195
196
195
197
196
198
199
200
199
201
200
202
203
204
203
205
204
206
207
208
207
209
208
210
211
212
211
213
212
214
215
216
215
217
216
218
219
220
219
221
220
222
223
224
223
225
224
226
227
228
227
229
228
230
231
232
231
233
232
234
235
236
235
237
236
238
239
240
239
241
240
242
243
244
243
245
244
246
247
248
247
249
248
250
251
252
251
253
252
254
255
256
255
257
256
258
259
260
259
261
260
262
263
264
263
265
264
266
267
268
267
269
268
270
271
272
271
273
272
274
275
276
275
277
276
278
279
280
281
278
280
281
280
282
283
281
282
284
283
282
285
284
282
286
287
288
289
286
288
290
286
289
291
290
289
292
290
291
293
292
291
294
295
296
295
297
296
298
299
300
299
301
300
300
301
302
301
303
302
302
303
304
303
305
304
306
307
308
307
309
308
310
311
312
313
310
312
314
310
313
313
312
315
316
314
313
317
314
316
318
317
316
319
313
315
316
313
319
319
315
320
318
316
321
321
316
319
322
318
321
323
319
320
321
319
323
323
320
324
325
323
324
322
321
326
326
321
323
326
323
325
327
322
326
328
326
325
327
326
328
329
327
328
328
325
330
329
328
331
331
328
330
332
329
331
332
331
333
334
332
333
335
334
333
331
330
336
331
336
333
330
337
336
338
337
330
339
338
330
338
340
337
340
341
337
338
342
340
342
338
339
336
342
333
333
342
339
342
343
340
336
344
342
344
343
342
345
333
339
345
335
333
346
345
339
345
347
335
347
348
335
346
349
345
349
347
345
350
349
346
351
350
346
350
352
349
352
353
349
349
353
347
353
352
354
353
355
347
347
355
348
356
353
354
355
353
356
357
356
354
358
357
354
359
355
356
355
360
348
360
355
359
357
361
356
361
359
356
357
358
362
361
357
363
357
362
363
358
364
362
358
365
364
365
366
364
365
367
366
364
368
362
368
364
366
367
369
366
369
367
370
362
371
363
368
371
362
372
368
366
372
366
369
373
369
370
373
370
374
375
373
374
376
369
373
376
372
369
377
373
375
377
376
373
378
377
375
379
377
378
380
379
378
379
381
377
381
376
377
381
382
376
382
372
376
382
383
372
383
368
372
368
383
371
383
384
371
371
384
385
371
385
363
384
386
385
363
385
387
361
363
387
385
386
388
385
388
387
386
389
388
389
390
388
390
391
388
388
391
387
392
361
387
361
392
359
391
390
393
390
394
393
394
395
393
395
396
393
396
395
397
398
396
397
399
396
398
400
399
398
399
400
401
402
399
401
402
403
399
403
404
399
391
393
404
403
405
404
406
391
404
405
406
404
391
406
387
387
406
392
406
405
392
392
405
407
392
407
359
405
408
407
407
360
359
407
408
360
408
409
360
360
409
348
409
410
348
348
410
411
410
412
411
411
412
413
412
414
413
413
414
415
414
416
415
415
416
417
416
418
417
417
418
419
418
420
419
419
420
421
420
422
421
423
424
425
426
423
425
426
425
427
428
426
427
427
429
428
429
430
428
431
429
427
432
431
427
433
431
432
434
433
432
435
433
434
436
435
434
437
438
439
440
437
439
437
440
441
440
442
441
441
442
443
442
444
443
445
446
447
448
445
447
448
447
449
450
448
449
450
449
451
449
452
451
452
449
453
453
449
454
455
453
454
456
452
453
456
453
457
457
453
458
459
457
458
450
457
460
461
450
460
457
450
462
450
451
462
462
456
457
456
463
452
452
464
451
463
464
452
464
465
451
451
465
462
465
464
463
462
466
456
465
466
462
466
465
463
466
463
456
467
468
469
468
470
469
471
472
473
472
474
473
475
476
477
476
478
477
479
480
481
480
482
481
483
484
485
484
486
485
487
488
489
488
490
489
491
492
493
492
494
493
495
496
497
496
498
497
499
500
501
500
502
501
503
504
505
504
506
505
507
508
509
508
510
509
511
512
513
512
514
513
515
516
517
516
518
517
519
520
521
522
519
521
522
523
519
523
524
519
523
525
524
525
526
524
527
528
529
528
530
529
528
531
530
531
532
530
533
534
535
534
536
535
534
537
536
537
538
536
539
540
541
540
542
541
542
540
543
540
544
543
545
546
547
546
548
547
549
550
551
550
552
551
553
554
555
554
556
555
557
558
559
558
560
559
561
562
563
562
564
563
565
566
567
568
565
567
569
565
568
570
569
568
571
572
573
572
574
573
574
572
575
572
576
575
577
576
578
576
579
578
580
581
582
582
581
583
582
584
580
584
585
580
586
585
584
587
582
583
583
588
587
587
588
589
584
590
586
590
587
589
590
591
586
589
591
590
