MESH3
PFB_CoffeeTable
272
0.4402635,0.4373563,-0.2495135
0.4402635,0.4373563,0.2495135
-0.4402635,0.4373563,-0.2495135
-0.4402635,0.4373563,0.2495135
0.4402635,0.4628571,0.2495135
0.4402635,0.4628571,-0.2495135
0.435589,0.4713562,0.2452722
0.435589,0.4713562,-0.2452722
0.435589,0.4713562,0.2452722
-0.435589,0.4713562,0.2452722
0.4402635,0.4628571,0.2495135
-0.4402635,0.4628571,0.2495135
-0.435589,0.4713562,0.2452722
-0.435589,0.4713562,-0.2452722
-0.4402635,0.4628571,0.2495135
-0.4402635,0.4628571,-0.2495135
0.4402635,0.4628571,-0.2495135
-0.4402635,0.4628571,-0.2495135
0.435589,0.4713562,-0.2452722
-0.435589,0.4713562,-0.2452722
0.4402635,0.4373563,0.2495135
0.4402635,0.4628571,0.2495135
-0.4402635,0.4373563,0.2495135
-0.4402635,0.4628571,0.2495135
0.435589,0.4713562,0.2452722
0.435589,0.4713562,-0.2452722
-0.435589,0.4713562,0.2452722
-0.435589,0.4713562,-0.2452722
0.4402635,0.4628571,-0.2495135
0.4402635,0.4373563,-0.2495135
-0.4402635,0.4628571,-0.2495135
-0.4402635,0.4373563,-0.2495135
-0.4402635,0.4373563,0.2495135
-0.4402635,0.4628571,0.2495135
-0.4402635,0.4373563,-0.2495135
-0.4402635,0.4628571,-0.2495135
0.4402635,0.4373563,-0.2495135
0.4402635,0.4628571,-0.2495135
0.4402635,0.4373563,0.2495135
0.4402635,0.4628571,0.2495135
0.3626308,0.4557949,0.1964511
0.3136711,0.4557949,0.1964511
0.3626308,1.907349E-08,0.1964511
0.3136711,1.907349E-08,0.1964511
0.3626308,1.907349E-08,0.1420637
0.3124464,1.907349E-08,0.1420637
0.3626308,0.4557949,0.1420637
0.3124464,0.4557949,0.1420637
0.307552,0.4557949,0.1910129
0.307552,0.4557949,0.1469581
0.307552,1.907349E-08,0.1910129
0.307552,1.907349E-08,0.1469581
0.3687499,0.4557949,0.1475019
0.3687499,0.4557949,0.1910129
0.3687499,1.907349E-08,0.1475019
0.3687499,1.907349E-08,0.1910129
0.3687499,0.4557949,0.1910129
0.3687499,0.4557949,0.1475019
0.3626308,0.4557949,0.1964511
0.3136711,0.4557949,0.1964511
0.3626308,0.4557949,0.1420637
0.307552,0.4557949,0.1910129
0.3124464,0.4557949,0.1420637
0.307552,0.4557949,0.1469581
0.3687499,1.907349E-08,0.1475019
0.3687499,1.907349E-08,0.1910129
0.3626308,1.907349E-08,0.1420637
0.3124464,1.907349E-08,0.1420637
0.3626308,1.907349E-08,0.1964511
0.307552,1.907349E-08,0.1469581
0.3136711,1.907349E-08,0.1964511
0.307552,1.907349E-08,0.1910129
0.3687499,1.907349E-08,0.1910129
0.3687499,0.4557949,0.1910129
0.3626308,1.907349E-08,0.1964511
0.3626308,0.4557949,0.1964511
0.3136711,1.907349E-08,0.1964511
0.3136711,0.4557949,0.1964511
0.307552,1.907349E-08,0.1910129
0.307552,0.4557949,0.1910129
0.3687499,0.4557949,0.1475019
0.3687499,1.907349E-08,0.1475019
0.3626308,0.4557949,0.1420637
0.3626308,1.907349E-08,0.1420637
0.3124464,0.4557949,0.1420637
0.3124464,1.907349E-08,0.1420637
0.307552,0.4557949,0.1469581
0.307552,1.907349E-08,0.1469581
0.3626308,0.4557949,-0.1391702
0.3136711,0.4557949,-0.1391702
0.3626308,1.907349E-08,-0.1391702
0.3136711,1.907349E-08,-0.1391702
0.3626308,1.907349E-08,-0.1935576
0.3124464,1.907349E-08,-0.1935576
0.3626308,0.4557949,-0.1935576
0.3124464,0.4557949,-0.1935576
0.307552,0.4557949,-0.1446083
0.307552,0.4557949,-0.1886632
0.307552,1.907349E-08,-0.1446083
0.307552,1.907349E-08,-0.1886632
0.3687499,0.4557949,-0.1881194
0.3687499,0.4557949,-0.1446083
0.3687499,1.907349E-08,-0.1881194
0.3687499,1.907349E-08,-0.1446083
0.3687499,0.4557949,-0.1446083
0.3687499,0.4557949,-0.1881194
0.3626308,0.4557949,-0.1391702
0.3136711,0.4557949,-0.1391702
0.3626308,0.4557949,-0.1935576
0.307552,0.4557949,-0.1446083
0.3124464,0.4557949,-0.1935576
0.307552,0.4557949,-0.1886632
0.3687499,1.907349E-08,-0.1881194
0.3687499,1.907349E-08,-0.1446083
0.3626308,1.907349E-08,-0.1935576
0.3124464,1.907349E-08,-0.1935576
0.3626308,1.907349E-08,-0.1391702
0.307552,1.907349E-08,-0.1886632
0.3136711,1.907349E-08,-0.1391702
0.307552,1.907349E-08,-0.1446083
0.3687499,1.907349E-08,-0.1446083
0.3687499,0.4557949,-0.1446083
0.3626308,1.907349E-08,-0.1391702
0.3626308,0.4557949,-0.1391702
0.3136711,1.907349E-08,-0.1391702
0.3136711,0.4557949,-0.1391702
0.307552,1.907349E-08,-0.1446083
0.307552,0.4557949,-0.1446083
0.3687499,0.4557949,-0.1881194
0.3687499,1.907349E-08,-0.1881194
0.3626308,0.4557949,-0.1935576
0.3626308,1.907349E-08,-0.1935576
0.3124464,0.4557949,-0.1935576
0.3124464,1.907349E-08,-0.1935576
0.307552,0.4557949,-0.1886632
0.307552,1.907349E-08,-0.1886632
-0.3240471,0.4557949,0.1964511
-0.3730068,0.4557949,0.1964511
-0.3240471,1.907349E-08,0.1964511
-0.3730068,1.907349E-08,0.1964511
-0.3240471,1.907349E-08,0.1420637
-0.3742315,1.907349E-08,0.1420637
-0.3240471,0.4557949,0.1420637
-0.3742315,0.4557949,0.1420637
-0.379126,0.4557949,0.1910129
-0.379126,0.4557949,0.1469581
-0.379126,1.907349E-08,0.1910129
-0.379126,1.907349E-08,0.1469581
-0.317928,0.4557949,0.1475019
-0.317928,0.4557949,0.1910129
-0.317928,1.907349E-08,0.1475019
-0.317928,1.907349E-08,0.1910129
-0.317928,0.4557949,0.1910129
-0.317928,0.4557949,0.1475019
-0.3240471,0.4557949,0.1964511
-0.3730068,0.4557949,0.1964511
-0.3240471,0.4557949,0.1420637
-0.379126,0.4557949,0.1910129
-0.3742315,0.4557949,0.1420637
-0.379126,0.4557949,0.1469581
-0.317928,1.907349E-08,0.1475019
-0.317928,1.907349E-08,0.1910129
-0.3240471,1.907349E-08,0.1420637
-0.3742315,1.907349E-08,0.1420637
-0.3240471,1.907349E-08,0.1964511
-0.379126,1.907349E-08,0.1469581
-0.3730068,1.907349E-08,0.1964511
-0.379126,1.907349E-08,0.1910129
-0.317928,1.907349E-08,0.1910129
-0.317928,0.4557949,0.1910129
-0.3240471,1.907349E-08,0.1964511
-0.3240471,0.4557949,0.1964511
-0.3730068,1.907349E-08,0.1964511
-0.3730068,0.4557949,0.1964511
-0.379126,1.907349E-08,0.1910129
-0.379126,0.4557949,0.1910129
-0.317928,0.4557949,0.1475019
-0.317928,1.907349E-08,0.1475019
-0.3240471,0.4557949,0.1420637
-0.3240471,1.907349E-08,0.1420637
-0.3742315,0.4557949,0.1420637
-0.3742315,1.907349E-08,0.1420637
-0.379126,0.4557949,0.1469581
-0.379126,1.907349E-08,0.1469581
-0.3240471,0.4557949,-0.1391702
-0.3730068,0.4557949,-0.1391702
-0.3240471,1.907349E-08,-0.1391702
-0.3730068,1.907349E-08,-0.1391702
-0.3240471,1.907349E-08,-0.1935576
-0.3742315,1.907349E-08,-0.1935576
-0.3240471,0.4557949,-0.1935576
-0.3742315,0.4557949,-0.1935576
-0.379126,0.4557949,-0.1446083
-0.379126,0.4557949,-0.1886632
-0.379126,1.907349E-08,-0.1446083
-0.379126,1.907349E-08,-0.1886632
-0.317928,0.4557949,-0.1881194
-0.317928,0.4557949,-0.1446083
-0.317928,1.907349E-08,-0.1881194
-0.317928,1.907349E-08,-0.1446083
-0.317928,0.4557949,-0.1446083
-0.317928,0.4557949,-0.1881194
-0.3240471,0.4557949,-0.1391702
-0.3730068,0.4557949,-0.1391702
-0.3240471,0.4557949,-0.1935576
-0.379126,0.4557949,-0.1446083
-0.3742315,0.4557949,-0.1935576
-0.379126,0.4557949,-0.1886632
-0.317928,1.907349E-08,-0.1881194
-0.317928,1.907349E-08,-0.1446083
-0.3240471,1.907349E-08,-0.1935576
-0.3742315,1.907349E-08,-0.1935576
-0.3240471,1.907349E-08,-0.1391702
-0.379126,1.907349E-08,-0.1886632
-0.3730068,1.907349E-08,-0.1391702
-0.379126,1.907349E-08,-0.1446083
-0.317928,1.907349E-08,-0.1446083
-0.317928,0.4557949,-0.1446083
-0.3240471,1.907349E-08,-0.1391702
-0.3240471,0.4557949,-0.1391702
-0.3730068,1.907349E-08,-0.1391702
-0.3730068,0.4557949,-0.1391702
-0.379126,1.907349E-08,-0.1446083
-0.379126,0.4557949,-0.1446083
-0.317928,0.4557949,-0.1881194
-0.317928,1.907349E-08,-0.1881194
-0.3240471,0.4557949,-0.1935576
-0.3240471,1.907349E-08,-0.1935576
-0.3742315,0.4557949,-0.1935576
-0.3742315,1.907349E-08,-0.1935576
-0.379126,0.4557949,-0.1886632
-0.379126,1.907349E-08,-0.1886632
0.3367981,0.1832576,-0.1908758
0.3367981,0.1832576,0.1908758
-0.3367981,0.1832576,-0.1908758
-0.3367981,0.1832576,0.1908758
0.3367981,0.2027655,0.1908758
0.3367981,0.2027655,-0.1908758
0.3332221,0.2092673,0.1876313
0.3332221,0.2092673,-0.1876313
0.3332221,0.2092673,0.1876313
-0.3332221,0.2092673,0.1876313
0.3367981,0.2027655,0.1908758
-0.3367981,0.2027655,0.1908758
-0.3332221,0.2092673,0.1876313
-0.3332221,0.2092673,-0.1876313
-0.3367981,0.2027655,0.1908758
-0.3367981,0.2027655,-0.1908758
0.3367981,0.2027655,-0.1908758
-0.3367981,0.2027655,-0.1908758
0.3332221,0.2092673,-0.1876313
-0.3332221,0.2092673,-0.1876313
0.3367981,0.1832576,0.1908758
0.3367981,0.2027655,0.1908758
-0.3367981,0.1832576,0.1908758
-0.3367981,0.2027655,0.1908758
0.3332221,0.2092673,0.1876313
0.3332221,0.2092673,-0.1876313
-0.3332221,0.2092673,0.1876313
-0.3332221,0.2092673,-0.1876313
0.3367981,0.2027655,-0.1908758
0.3367981,0.1832576,-0.1908758
-0.3367981,0.2027655,-0.1908758
-0.3367981,0.1832576,-0.1908758
-0.3367981,0.1832576,0.1908758
-0.3367981,0.2027655,0.1908758
-0.3367981,0.1832576,-0.1908758
-0.3367981,0.2027655,-0.1908758
0.3367981,0.1832576,-0.1908758
0.3367981,0.2027655,-0.1908758
0.3367981,0.1832576,0.1908758
0.3367981,0.2027655,0.1908758
272
0.9855809,0.325465
0.9855809,0.02527332
0.4558969,0.3254653
0.4558964,0.0252738
0.4441153,0.01850116
0.4441153,0.3221083
0.4476944,0.02276021
0.4476944,0.317849
0.4476944,0.02276021
0.9717545,0.02276099
0.4441153,0.01850116
0.9761004,0.01935577
0.9717545,0.02276099
0.9717545,0.3178495
0.9761004,0.01935577
0.9753335,0.3221085
0.4441153,0.3221083
0.9753335,0.3221085
0.4476944,0.317849
0.9717545,0.3178495
0.4448823,0.002307415
0.4441153,0.01850116
0.9745666,0.002308309
0.9761004,0.01935577
0.4476944,0.02276021
0.4476944,0.317849
0.9717545,0.02276099
0.9717545,0.3178495
0.4441153,0.3221083
0.4448823,0.3383018
0.9753335,0.3221085
0.9745666,0.3383026
0.9922073,0.02020931
0.9761004,0.01935577
0.9922071,0.3204011
0.9753335,0.3221085
0.4272417,0.3204007
0.4441153,0.3221083
0.4272414,0.02020907
0.4441153,0.01850116
0.9247115,0.253382
0.9247115,0.2088402
0.5100442,0.253382
0.5100443,0.20884
0.5072607,0.1092513
0.5097969,0.1549074
0.9274946,0.1092512
0.9249586,0.1549076
0.9247116,0.2038923
0.9247113,0.1638131
0.5100442,0.2038926
0.5100443,0.163813
0.9247112,0.1043037
0.9247119,0.06471899
0.5100444,0.1043037
0.5100442,0.0647191
0.9247119,0.06471899
0.9247112,0.1043037
0.9274952,0.05977163
0.9748209,0.05977276
0.9274946,0.1092512
0.9803881,0.06472018
0.9756868,0.1092526
0.980387,0.1048001
0.5100444,0.1043037
0.5100442,0.0647191
0.5072607,0.1092513
0.4590685,0.1092514
0.5072608,0.05977169
0.4543685,0.1047987
0.4599352,0.05977169
0.4543683,0.06471929
0.5100442,0.0647191
0.9247119,0.06471899
0.5072608,0.05977169
0.9274952,0.05977163
0.5100443,0.20884
0.9247115,0.2088402
0.5100442,0.2038926
0.9247116,0.2038923
0.9247112,0.1043037
0.5100444,0.1043037
0.9274946,0.1092512
0.5072607,0.1092513
0.9249586,0.1549076
0.5097969,0.1549074
0.9247113,0.1638131
0.5100443,0.163813
0.9247116,0.2533822
0.9247115,0.2088402
0.5100442,0.2533821
0.5100442,0.2088402
0.5072607,0.1092514
0.5097969,0.1549074
0.9274946,0.1092515
0.9249586,0.1549074
0.9247116,0.2038928
0.9247113,0.1638132
0.5100442,0.2038929
0.5100441,0.1638132
0.9247111,0.1043041
0.9247119,0.06471899
0.5100442,0.1043042
0.5100441,0.06471901
0.9247119,0.06471899
0.9247111,0.1043041
0.9274952,0.05977163
0.9748209,0.05977234
0.9274946,0.1092515
0.9803881,0.06472018
0.9756868,0.1092526
0.9803868,0.1048001
0.5100442,0.1043042
0.5100441,0.06471901
0.5072607,0.1092514
0.4590685,0.1092517
0.5072608,0.05977169
0.4543684,0.1047988
0.4599352,0.05977189
0.4543683,0.06471901
0.5100441,0.06471901
0.9247119,0.06471899
0.5072608,0.05977169
0.9274952,0.05977163
0.5100442,0.2088402
0.9247115,0.2088402
0.5100442,0.2038929
0.9247116,0.2038928
0.9247111,0.1043041
0.5100442,0.1043042
0.9274946,0.1092515
0.5072607,0.1092514
0.9249586,0.1549074
0.5097969,0.1549074
0.9247113,0.1638132
0.5100441,0.1638132
0.9247119,0.2533821
0.9247119,0.2088404
0.5100442,0.253382
0.5100443,0.2088404
0.507261,0.1092515
0.509797,0.1549076
0.9274948,0.1092516
0.9249586,0.1549076
0.9247119,0.2038929
0.9247119,0.1638134
0.5100443,0.2038929
0.5100442,0.1638133
0.9247112,0.104304
0.924712,0.06471908
0.5100444,0.1043041
0.5100442,0.0647191
0.924712,0.06471908
0.9247112,0.104304
0.9274952,0.0597716
0.9748209,0.05977267
0.9274948,0.1092516
0.9803881,0.06472045
0.9756868,0.1092526
0.980387,0.1048
0.5100444,0.1043041
0.5100442,0.0647191
0.507261,0.1092515
0.4590687,0.1092518
0.5072608,0.0597716
0.4543686,0.104799
0.4599354,0.05977189
0.4543684,0.06471939
0.5100442,0.0647191
0.924712,0.06471908
0.5072608,0.0597716
0.9274952,0.0597716
0.5100443,0.2088404
0.9247119,0.2088404
0.5100443,0.2038929
0.9247119,0.2038929
0.9247112,0.104304
0.5100444,0.1043041
0.9274948,0.1092516
0.507261,0.1092515
0.9249586,0.1549076
0.509797,0.1549076
0.9247119,0.1638134
0.5100442,0.1638133
0.925795,0.2383778
0.9257951,0.1938363
0.5111278,0.2383777
0.5111278,0.1938357
0.5083443,0.09424719
0.5108807,0.1399033
0.9285784,0.09424719
0.9260425,0.1399033
0.9257951,0.1888886
0.9257951,0.148809
0.5111277,0.1888886
0.5111277,0.1488089
0.925795,0.08929983
0.9257954,0.04971474
0.5111278,0.0892998
0.5111278,0.04971477
0.9257954,0.04971474
0.925795,0.08929983
0.9285787,0.04476732
0.9759043,0.04476857
0.9285784,0.09424719
0.9814711,0.04971614
0.9767702,0.09424829
0.9814704,0.08979568
0.5111278,0.0892998
0.5111278,0.04971477
0.5083443,0.09424719
0.4601521,0.09424759
0.5083444,0.04476722
0.455452,0.08979455
0.4610189,0.0447675
0.4554518,0.04971497
0.5111278,0.04971477
0.9257954,0.04971474
0.5083444,0.04476722
0.9285787,0.04476732
0.5111278,0.1938357
0.9257951,0.1938363
0.5111277,0.1888886
0.9257951,0.1888886
0.925795,0.08929983
0.5111278,0.0892998
0.9285784,0.09424719
0.5083443,0.09424719
0.9260425,0.1399033
0.5108807,0.1399033
0.9257951,0.148809
0.5111277,0.1488089
0.5015481,0.1227592
0.5014159,0.3304344
0.8679885,0.1229923
0.8678561,0.3306677
0.8508753,0.315743
0.8510091,0.1057051
0.8484013,0.3127952
0.8485312,0.1086499
0.8484013,0.3127952
0.4858518,0.3125642
0.8508753,0.315743
0.4828436,0.314918
0.4858518,0.3125642
0.4859819,0.1084191
0.4828436,0.314918
0.4835076,0.1054713
0.8510091,0.1057051
0.4835076,0.1054713
0.8485312,0.1086499
0.4859819,0.1084191
0.8503376,0.3269458
0.8508753,0.315743
0.4838971,0.3267124
0.4828436,0.314918
0.8484013,0.3127952
0.8485312,0.1086499
0.4858518,0.3125642
0.4859819,0.1084191
0.8510091,0.1057051
0.8504858,0.0945017
0.4835076,0.1054713
0.4840453,0.09426867
0.4717012,0.3143203
0.4828436,0.314918
0.4718333,0.106645
0.4835076,0.1054713
0.8626819,0.1068939
0.8510091,0.1057051
0.8625496,0.3145693
0.8508753,0.315743
1
456
0
1
2
1
3
2
4
5
6
5
7
6
8
9
10
9
11
10
12
13
14
13
15
14
16
17
18
17
19
18
20
21
22
21
23
22
24
25
26
25
27
26
28
29
30
29
31
30
32
33
34
33
35
34
36
37
38
37
39
38
40
41
42
41
43
42
44
45
46
45
47
46
48
49
50
49
51
50
52
53
54
53
55
54
56
57
58
58
57
59
57
60
59
59
60
61
61
60
62
63
61
62
64
65
66
66
65
67
65
68
67
67
68
69
69
68
70
71
69
70
72
73
74
73
75
74
76
77
78
77
79
78
80
81
82
81
83
82
84
85
86
85
87
86
88
89
90
89
91
90
92
93
94
93
95
94
96
97
98
97
99
98
100
101
102
101
103
102
104
105
106
106
105
107
105
108
107
107
108
109
109
108
110
111
109
110
112
113
114
114
113
115
113
116
115
115
116
117
117
116
118
119
117
118
120
121
122
121
123
122
124
125
126
125
127
126
128
129
130
129
131
130
132
133
134
133
135
134
136
137
138
137
139
138
140
141
142
141
143
142
144
145
146
145
147
146
148
149
150
149
151
150
152
153
154
154
153
155
153
156
155
155
156
157
157
156
158
159
157
158
160
161
162
162
161
163
161
164
163
163
164
165
165
164
166
167
165
166
168
169
170
169
171
170
172
173
174
173
175
174
176
177
178
177
179
178
180
181
182
181
183
182
184
185
186
185
187
186
188
189
190
189
191
190
192
193
194
193
195
194
196
197
198
197
199
198
200
201
202
202
201
203
201
204
203
203
204
205
205
204
206
207
205
206
208
209
210
210
209
211
209
212
211
211
212
213
213
212
214
215
213
214
216
217
218
217
219
218
220
221
222
221
223
222
224
225
226
225
227
226
228
229
230
229
231
230
232
233
234
233
235
234
236
237
238
237
239
238
240
241
242
241
243
242
244
245
246
245
247
246
248
249
250
249
251
250
252
253
254
253
255
254
256
257
258
257
259
258
260
261
262
261
263
262
264
265
266
265
267
266
268
269
270
269
271
270
