MESH3
PFB_Fridge
280
0.4150742,1.925009,0.4188456
0.4150742,1.925009,0.3815794
-0.3849258,1.925009,0.4188456
-0.3849258,1.925009,0.3815794
0.4150742,1.925009,-0.475963
-0.3849258,1.925009,-0.475963
0.4150742,0.0250095,0.3815794
0.4150742,0.0250095,0.4188456
-0.3849258,0.0250095,0.3815794
-0.3849258,0.0250095,0.4188456
-0.3849258,0.0250095,0.4188456
-0.3849258,0.7534246,0.4188456
-0.3849258,0.0250095,0.3815794
-0.3849258,0.7534246,0.3815794
-0.3849258,0.7610359,0.4188456
-0.3849258,0.7534246,-0.475963
-0.3849258,0.0250095,-0.475963
-0.3849258,0.7610359,-0.475963
-0.3849258,0.7610359,0.3815794
-0.3849258,1.925009,0.4188456
-0.3849258,1.925009,-0.475963
-0.3849258,1.925009,0.3815794
0.4150742,0.0250095,-0.475963
0.4150742,0.7534246,-0.475963
0.4150742,0.0250095,0.3815794
0.4150742,0.7534246,0.3815794
0.4150742,0.0250095,0.4188456
0.4150742,0.7610359,-0.475963
0.4150742,0.7534246,0.4188456
0.4150742,0.7610359,0.3815794
0.4150742,1.925009,-0.475963
0.4150742,0.7610359,0.4188456
0.4150742,1.925009,0.3815794
0.4150742,1.925009,0.4188456
0.4150742,8.243412E-05,-0.475963
0.4150742,8.243412E-05,0.3815794
-0.3849258,8.243412E-05,-0.475963
-0.3849258,8.243412E-05,0.3815794
0.4150742,1.925009,-0.475963
0.4150742,0.7610359,-0.475963
-0.3849258,1.925009,-0.475963
-0.3849258,0.7610359,-0.475963
0.4150742,0.7534246,-0.475963
-0.3849258,0.7534246,-0.475963
0.4150742,0.0250095,-0.475963
-0.3849258,0.0250095,-0.475963
0.4150742,8.243412E-05,-0.475963
-0.3849258,8.243412E-05,-0.475963
0.4150742,0.7534246,0.4188456
0.4150742,0.7610359,0.4188456
-0.3849258,0.7534246,0.4188456
-0.3849258,0.7610359,0.4188456
-0.3953069,0.0250095,0.4188456
-0.3953069,0.0250095,0.4360169
-0.3953069,0.7534246,0.4188456
-0.3953069,0.7534246,0.4360169
0.4254555,0.7534246,0.4188456
0.4254555,0.7534246,0.4360169
0.4254555,0.0250095,0.4188456
0.4254555,0.0250095,0.4360169
-0.3953069,0.7610359,0.4188456
-0.3953069,0.7610359,0.4360169
-0.3953069,1.925009,0.4188456
-0.3953069,1.925009,0.4360169
-0.3849258,1.935665,0.4188456
-0.3849258,1.935665,0.4360169
0.4150742,1.935665,0.4188456
0.4150742,1.935665,0.4360169
0.4254555,1.925009,0.4188456
0.4254555,1.925009,0.4360169
0.4254555,0.7610359,0.4188456
0.4254555,0.7610359,0.4360169
-0.3849258,0.0250095,0.4188456
-0.3953069,0.0250095,0.4188456
-0.3849258,0.7534246,0.4188456
-0.3953069,0.7534246,0.4188456
-0.3953069,0.7534246,0.4188456
-0.3953069,0.7534246,0.4360169
-0.3849258,0.7534246,0.4360169
-0.3849258,0.7534246,0.4188456
0.4150742,0.7534246,0.4188456
0.4150742,0.7534246,0.4360169
0.4254555,0.7534246,0.4360169
0.4254555,0.7534246,0.4188456
-0.3953069,0.7534246,0.4360169
-0.3953069,0.0250095,0.4360169
-0.3849258,0.0250095,0.4360169
-0.3849258,0.7534246,0.4360169
0.4150742,0.7534246,0.4360169
0.4150742,0.0250095,0.4360169
0.4254555,0.0250095,0.4360169
0.4254555,0.7534246,0.4360169
-0.3953069,0.0250095,0.4360169
-0.3953069,0.0250095,0.4188456
-0.3849258,0.0250095,0.4188456
-0.3849258,0.0250095,0.4360169
0.4150742,0.0250095,0.4360169
0.4150742,0.0250095,0.4188456
0.4254555,0.0250095,0.4188456
0.4254555,0.0250095,0.4360169
0.4150742,0.7534246,0.4188456
0.4254555,0.7534246,0.4188456
0.4150742,0.0250095,0.4188456
0.4254555,0.0250095,0.4188456
-0.3849258,0.7610359,0.4188456
-0.3953069,0.7610359,0.4188456
-0.3849258,1.925009,0.4188456
-0.3953069,1.925009,0.4188456
-0.3849258,1.935665,0.4188456
0.4150742,1.925009,0.4188456
0.4150742,1.935665,0.4188456
0.4254555,1.925009,0.4188456
0.4150742,0.7610359,0.4188456
0.4254555,0.7610359,0.4188456
-0.3953069,1.925009,0.4360169
-0.3953069,0.7610359,0.4360169
-0.3849258,0.7610359,0.4360169
-0.3849258,1.925009,0.4360169
-0.3849258,1.935665,0.4360169
0.4150742,1.935665,0.4360169
0.4150742,1.925009,0.4360169
0.4150742,0.7610359,0.4360169
0.4254555,1.925009,0.4360169
0.4254555,0.7610359,0.4360169
-0.3953069,0.7610359,0.4360169
-0.3953069,0.7610359,0.4188456
-0.3849258,0.7610359,0.4188456
-0.3849258,0.7610359,0.4360169
0.4150742,0.7610359,0.4360169
0.4150742,0.7610359,0.4188456
0.4254555,0.7610359,0.4188456
0.4254555,0.7610359,0.4360169
-0.3849258,1.935665,0.4188456
-0.3953069,1.925009,0.4188456
-0.3849258,1.935665,0.4360169
-0.3953069,1.925009,0.4360169
0.4150742,1.935665,0.4360169
0.4254555,1.925009,0.4360169
0.4150742,1.935665,0.4188456
0.4254555,1.925009,0.4188456
-0.3849258,0.0250095,-0.475963
-0.3849258,8.243412E-05,-0.475963
-0.3849258,0.0250095,0.3815794
-0.3849258,8.243412E-05,0.3815794
-0.3849258,0.0250095,0.3815794
-0.3849258,8.243412E-05,0.3815794
0.4150742,0.0250095,0.3815794
0.4150742,8.243412E-05,0.3815794
0.4150742,0.0250095,0.3815794
0.4150742,8.243412E-05,0.3815794
0.4150742,0.0250095,-0.475963
0.4150742,8.243412E-05,-0.475963
0.3812485,1.849335,0.4729174
0.3482384,1.849335,0.4729174
0.3812485,1.841372,0.475963
0.3482384,1.841372,0.475963
0.3812485,0.8170343,0.475963
0.3482384,0.8170342,0.475963
0.3812485,0.8090715,0.4729175
0.3482384,0.8090714,0.4729175
0.3482384,1.849335,0.43467
0.3812485,1.849335,0.43467
0.3482384,1.841373,0.4346701
0.3812485,1.841373,0.4346701
0.3482384,1.841373,0.4615069
0.3812485,1.841373,0.4615069
0.3482384,0.8170343,0.4615069
0.3812485,0.8170343,0.4615069
0.3482384,0.8170343,0.4346701
0.3812485,0.8170343,0.4346701
0.3482384,0.8090715,0.4346702
0.3812485,0.8090715,0.4346702
0.3812485,0.8090715,0.4729175
0.3482384,0.8090714,0.4729175
0.3812485,0.8090715,0.4629175
0.3482384,0.8090714,0.4629175
0.3482384,0.8090715,0.4346702
0.3812485,0.8090715,0.4346702
0.3482384,1.849335,0.4629174
0.3482384,1.849335,0.4729174
0.3812485,1.849335,0.4729174
0.3812485,1.849335,0.4629174
0.3812485,1.849335,0.43467
0.3482384,1.849335,0.43467
0.3482384,1.849335,0.43467
0.3482384,1.841373,0.4346701
0.3482384,1.841373,0.4615069
0.3482384,1.849335,0.4629174
0.3482384,1.849335,0.4729174
0.3482384,1.841372,0.475963
0.3482384,0.8170342,0.475963
0.3482384,0.8170343,0.4615069
0.3482384,0.8090714,0.4729175
0.3482384,0.8090714,0.4629175
0.3482384,0.8090715,0.4346702
0.3482384,0.8170343,0.4346701
0.3482384,1.841373,0.4615069
0.3482384,1.841373,0.4346701
0.3812485,1.841373,0.4615069
0.3812485,1.841373,0.4346701
0.3812485,1.841373,0.4615069
0.3812485,1.841373,0.4346701
0.3812485,1.849335,0.43467
0.3812485,1.849335,0.4629174
0.3812485,1.849335,0.4729174
0.3812485,1.841372,0.475963
0.3812485,0.8170343,0.4615069
0.3812485,0.8170343,0.475963
0.3812485,0.8090715,0.4729175
0.3812485,0.8090715,0.4629175
0.3812485,0.8090715,0.4346702
0.3812485,0.8170343,0.4346701
0.3812485,0.8170343,0.4615069
0.3812485,0.8170343,0.4346701
0.3482384,0.8170343,0.4615069
0.3482384,0.8170343,0.4346701
0.3812485,0.697218,0.4729174
0.3482384,0.697218,0.4729174
0.3812485,0.6892552,0.4759629
0.3482384,0.6892551,0.4759629
0.3812485,0.1688672,0.4759629
0.3482384,0.1688672,0.4759629
0.3812485,0.1609045,0.4729174
0.3482384,0.1609045,0.4729174
0.3482384,0.697218,0.4346699
0.3812485,0.697218,0.4346699
0.3482384,0.6892552,0.4346701
0.3812485,0.6892552,0.4346701
0.3482384,0.6892552,0.4615069
0.3812485,0.6892552,0.4615069
0.3482384,0.1688673,0.4615069
0.3812485,0.1688673,0.4615069
0.3482384,0.1688673,0.4346701
0.3812485,0.1688673,0.4346701
0.3482384,0.1609045,0.4346702
0.3812485,0.1609045,0.4346702
0.3812485,0.1609045,0.4729174
0.3482384,0.1609045,0.4729174
0.3812485,0.1609045,0.4629174
0.3482384,0.1609045,0.4629174
0.3482384,0.1609045,0.4346702
0.3812485,0.1609045,0.4346702
0.3482384,0.697218,0.4629174
0.3482384,0.697218,0.4729174
0.3812485,0.697218,0.4729174
0.3812485,0.697218,0.4629174
0.3812485,0.697218,0.4346699
0.3482384,0.697218,0.4346699
0.3482384,0.697218,0.4346699
0.3482384,0.6892552,0.4346701
0.3482384,0.6892552,0.4615069
0.3482384,0.697218,0.4629174
0.3482384,0.697218,0.4729174
0.3482384,0.6892551,0.4759629
0.3482384,0.1688672,0.4759629
0.3482384,0.1688673,0.4615069
0.3482384,0.1609045,0.4729174
0.3482384,0.1609045,0.4629174
0.3482384,0.1609045,0.4346702
0.3482384,0.1688673,0.4346701
0.3482384,0.6892552,0.4615069
0.3482384,0.6892552,0.4346701
0.3812485,0.6892552,0.4615069
0.3812485,0.6892552,0.4346701
0.3812485,0.6892552,0.4615069
0.3812485,0.6892552,0.4346701
0.3812485,0.697218,0.4346699
0.3812485,0.697218,0.4629174
0.3812485,0.697218,0.4729174
0.3812485,0.6892552,0.4759629
0.3812485,0.1688673,0.4615069
0.3812485,0.1688672,0.4759629
0.3812485,0.1609045,0.4729174
0.3812485,0.1609045,0.4629174
0.3812485,0.1609045,0.4346702
0.3812485,0.1688673,0.4346701
0.3812485,0.1688673,0.4615069
0.3812485,0.1688673,0.4346701
0.3482384,0.1688673,0.4615069
0.3482384,0.1688673,0.4346701
280
0.03314614,0.4154677
0.03799087,0.4154678
0.03314626,0.3114604
0.03799093,0.3114604
0.1494794,0.4154676
0.1494796,0.3114603
0.185361,0.3817813
0.1853611,0.3769363
0.08135372,0.3817813
0.08135378,0.3769363
0.03052264,0.4161033
0.1252235,0.4161031
0.03052256,0.4112583
0.1252233,0.4112582
0.126213,0.4161031
0.1252232,0.2997699
0.03052288,0.2997698
0.126213,0.29977
0.1262127,0.4112582
0.2775402,0.4161032
0.2775401,0.29977
0.2775402,0.4112582
0.03773957,0.4176433
0.1324401,0.4176432
0.03773952,0.3061548
0.1324401,0.3061549
0.03773952,0.3013099
0.1334293,0.4176432
0.1324401,0.3013099
0.1334293,0.3061548
0.284757,0.4176433
0.1334293,0.3013099
0.2847567,0.3061548
0.2847567,0.3013099
0.03314596,0.4115251
0.1446345,0.411525
0.0331459,0.3075177
0.1446345,0.3075177
0.02087292,0.4115606
0.1722004,0.4115605
0.02087282,0.3075531
0.1722003,0.3075531
0.1731898,0.4115605
0.1731897,0.3075531
0.2678906,0.4115604
0.2678906,0.3075531
0.2711312,0.4115605
0.2711312,0.3075531
0.1888564,0.360724
0.1888563,0.3597344
0.08484903,0.360724
0.08484909,0.3597344
0.084849,0.3426986
0.08484906,0.3449309
0.1795498,0.3426987
0.1795498,0.3449309
0.1795498,0.3396667
0.1795498,0.3374343
0.08484909,0.3396667
0.08484906,0.3374344
0.1167951,0.295334
0.116795,0.2975665
0.2681226,0.295334
0.2681225,0.2975664
0.084849,0.3541046
0.08484909,0.3563371
0.1888564,0.3541046
0.1888567,0.3563371
0.2681226,0.3025609
0.2681226,0.3003283
0.1167951,0.3025609
0.1167951,0.3003284
0.1795498,0.3344023
0.1795498,0.3330528
0.08484888,0.3344024
0.08484888,0.3330527
0.08000404,0.3690202
0.08000401,0.3712527
0.08135369,0.3712527
0.08135378,0.3690202
0.185361,0.3690202
0.1853611,0.3712528
0.1867107,0.3712527
0.1867108,0.3690202
0.06032193,0.3132106
0.06032196,0.4079113
0.06167162,0.4079114
0.06167156,0.3132106
0.1656789,0.3132106
0.1656789,0.4079115
0.1670287,0.4079115
0.1670287,0.3132107
0.0800041,0.3747038
0.08000404,0.3769363
0.08135378,0.3769363
0.08135372,0.3747038
0.1853611,0.3747041
0.1853611,0.3769363
0.186711,0.3769363
0.1867107,0.3747038
0.08484903,0.3286657
0.084849,0.3300154
0.1795498,0.3286658
0.1795498,0.3300154
0.2695079,0.3066725
0.2695079,0.3053229
0.1181806,0.3066725
0.1181805,0.3053229
0.116795,0.3066725
0.1181806,0.4106801
0.116795,0.4106801
0.1181805,0.4120297
0.2695078,0.4106799
0.2695079,0.4120297
0.189394,0.3039581
0.03806651,0.3039581
0.03806645,0.3053078
0.1893939,0.3053078
0.1907791,0.3053077
0.1907793,0.4093152
0.1893941,0.4093151
0.03806669,0.4093151
0.189394,0.4106648
0.03806651,0.4106648
0.08484888,0.363756
0.084849,0.3659884
0.08619857,0.3659885
0.08619863,0.363756
0.190206,0.363756
0.1902062,0.3659883
0.1915557,0.3659883
0.1915559,0.363756
0.2695078,0.295334
0.2681226,0.295334
0.2695077,0.2975664
0.2681225,0.2975664
0.2695078,0.3003284
0.2681226,0.3003283
0.2695078,0.3025609
0.2681226,0.3025609
0.03052288,0.2997698
0.02728164,0.2997698
0.03052256,0.4112583
0.02728188,0.4112583
0.08484903,0.347832
0.084849,0.3510728
0.1888564,0.347832
0.1888564,0.3510728
0.03773952,0.3061548
0.03449869,0.3061549
0.03773957,0.4176433
0.03449863,0.4176433
0.571452,0.410482
0.571452,0.4013511
0.569403,0.4101393
0.5694029,0.4016451
0.3058209,0.4101392
0.3058209,0.4016449
0.303772,0.4104818
0.3037719,0.4013511
0.5609081,0.4228121
0.5704271,0.4217893
0.5609085,0.4207635
0.5694027,0.4207649
0.569403,0.3979253
0.569403,0.389431
0.3058209,0.3979252
0.3058209,0.3894312
0.314315,0.4207646
0.3058209,0.4207646
0.3143151,0.4228135
0.3047963,0.4217891
0.303772,0.4104818
0.3037719,0.4013511
0.3011987,0.4099432
0.3020565,0.4003954
0.2939301,0.401449
0.2939302,0.4099431
0.5731674,0.4003955
0.571452,0.4013511
0.571452,0.410482
0.574025,0.4099432
0.5812936,0.4099433
0.5812939,0.4014493
0.571452,0.3910196
0.5694029,0.3910196
0.569403,0.3979253
0.5731674,0.4003955
0.571452,0.4013511
0.5694029,0.4016451
0.3058209,0.4016449
0.3058209,0.3979252
0.3037719,0.4013511
0.3020565,0.4003954
0.303772,0.3910195
0.3058209,0.3910196
0.5609093,0.4138581
0.5609085,0.4207635
0.5694031,0.4138591
0.5694027,0.4207649
0.5694031,0.4138591
0.5694027,0.4207649
0.5704271,0.4217893
0.571452,0.4134961
0.571452,0.410482
0.569403,0.4101393
0.3058209,0.4138589
0.3058209,0.4101392
0.303772,0.4104818
0.3037719,0.4134959
0.3047963,0.4217891
0.3058209,0.4207646
0.3058209,0.4138589
0.3058209,0.4207646
0.3143151,0.4138589
0.314315,0.4207646
0.5378734,0.3631669
0.5378733,0.3480991
0.5345454,0.3625306
0.5345454,0.3487355
0.3170708,0.3625306
0.3170708,0.3487353
0.3137431,0.3631669
0.3137431,0.3480991
0.5207512,0.3831165
0.5345466,0.3831149
0.5207508,0.3797888
0.534546,0.3797872
0.5345455,0.342694
0.5345455,0.3288988
0.3170708,0.342694
0.3170708,0.3288988
0.3308661,0.3797872
0.3170708,0.3797872
0.3308661,0.3831149
0.3170708,0.3831149
0.3137431,0.3631669
0.3137431,0.3480991
0.309564,0.3625306
0.3095639,0.3487353
0.2977594,0.3487353
0.2977594,0.3625306
0.5420522,0.3487353
0.5378733,0.3480991
0.5378734,0.3631669
0.5420525,0.3625305
0.5538574,0.3625302
0.5538571,0.3487351
0.5378733,0.3314787
0.5345457,0.3314787
0.5345455,0.342694
0.5378732,0.3432835
0.5378733,0.3480991
0.5345454,0.3487355
0.3170708,0.3487353
0.3170708,0.342694
0.3137431,0.3480991
0.3137431,0.3432835
0.3137432,0.3314788
0.3170708,0.3314788
0.5207498,0.3685734
0.5207508,0.3797888
0.5345452,0.3685718
0.534546,0.3797872
0.5345452,0.3685718
0.534546,0.3797872
0.5378733,0.3797872
0.5378733,0.3679824
0.5378734,0.3631669
0.5345454,0.3625306
0.3170708,0.3685718
0.3170708,0.3625306
0.3137431,0.3631669
0.3137431,0.3679824
0.3137432,0.3797872
0.3170708,0.3797872
0.3170708,0.3685718
0.3170708,0.3797872
0.3308661,0.3685718
0.3308661,0.3797872
1
588
0
1
2
1
3
2
1
4
3
4
5
3
6
7
8
7
9
8
10
11
12
11
13
12
11
14
13
13
15
12
15
16
12
17
15
13
14
18
13
18
17
13
14
19
18
20
17
18
19
21
18
21
20
18
22
23
24
23
25
24
24
25
26
23
27
25
25
28
26
27
29
25
25
29
28
27
30
29
29
31
28
30
32
29
29
32
31
32
33
31
34
35
36
35
37
36
38
39
40
39
41
40
39
42
41
42
43
41
42
44
43
44
45
43
44
46
45
46
47
45
48
49
50
49
51
50
52
53
54
53
55
54
56
57
58
57
59
58
60
61
62
61
63
62
64
65
66
65
67
66
68
69
70
69
71
70
72
73
74
73
75
74
76
77
78
79
76
78
79
78
80
78
81
80
81
82
80
82
83
80
84
85
86
87
84
86
88
87
86
89
88
86
89
90
88
90
91
88
92
93
94
95
92
94
96
95
94
97
96
94
97
98
96
98
99
96
100
101
102
101
103
102
104
105
106
105
107
106
108
106
107
106
108
109
108
110
109
110
111
109
109
111
112
111
113
112
114
115
116
117
114
116
118
114
117
119
118
117
120
117
116
120
119
117
121
120
116
119
120
122
121
123
120
123
122
120
124
125
126
127
124
126
128
127
126
129
128
126
129
130
128
130
131
128
132
133
134
133
135
134
136
137
138
137
139
138
140
141
142
141
143
142
144
145
146
145
147
146
148
149
150
149
151
150
152
153
154
153
155
154
154
155
156
155
157
156
156
157
158
157
159
158
160
161
162
161
163
162
164
165
166
165
167
166
168
169
170
169
171
170
172
173
174
173
175
174
175
176
174
176
177
174
178
179
180
181
178
180
181
182
178
182
183
178
184
185
186
187
184
186
188
187
186
189
188
186
189
186
190
186
191
190
190
191
192
191
193
192
193
191
194
191
195
194
196
197
198
197
199
198
200
201
202
203
200
202
203
204
200
204
205
200
200
205
206
205
207
206
206
207
208
209
206
208
209
210
206
210
211
206
212
213
214
213
215
214
216
217
218
217
219
218
218
219
220
219
221
220
220
221
222
221
223
222
224
225
226
225
227
226
228
229
230
229
231
230
232
233
234
233
235
234
236
237
238
237
239
238
239
240
238
240
241
238
242
243
244
245
242
244
245
246
242
246
247
242
248
249
250
251
248
250
252
251
250
253
252
250
253
250
254
250
255
254
254
255
256
255
257
256
257
255
258
255
259
258
260
261
262
261
263
262
264
265
266
267
264
266
267
268
264
268
269
264
264
269
270
269
271
270
270
271
272
273
270
272
273
274
270
274
275
270
276
277
278
277
279
278
