MESH3
PFB_CurtainSmall
566
0.8410939,0.7147567,0.03858749
0.8183992,0.7147567,0.03858749
0.8410939,0.7147567,0.01742722
0.8183992,0.7147567,0.01742722
-0.8159974,0.7147568,0.03858749
0.8183992,0.7147567,-0.06621658
0.8410939,0.7147567,-0.06621658
-0.8159974,0.7147568,0.01742722
-0.8410939,0.7147568,0.03858749
-0.8410939,0.7147568,0.01742722
-0.8410939,0.7147568,-0.06621658
-0.8159974,0.7147568,-0.06621658
0.8410939,0.7147567,-0.06621658
0.8183992,0.7147567,-0.06621658
0.8410939,0.7348815,-0.07275528
0.8183992,0.7348815,-0.07275528
0.8410939,0.7348815,0.01088852
0.8183992,0.7348815,0.01088852
0.8410939,0.7473192,0.02800766
0.8183992,0.7473194,0.02800766
-0.8159974,0.7348815,0.01088852
-0.8159974,0.7473191,0.02800766
-0.8159974,0.7147568,0.01742722
0.8183992,0.7147567,0.01742722
-0.8410939,0.7348815,0.01088852
-0.8410939,0.7473191,0.02800766
0.8410939,0.7473192,0.02800766
0.8183992,0.7473194,0.02800766
0.8410939,0.7348815,0.04512619
0.8183992,0.7348815,0.04512619
0.8410939,0.7147567,0.03858749
-0.8159974,0.7473191,0.02800766
0.8183992,0.7147567,0.03858749
-0.8159974,0.7348815,0.04512619
-0.8410939,0.7473191,0.02800766
-0.8159974,0.7147568,0.03858749
-0.8410939,0.7348815,0.04512619
-0.8410939,0.7147568,0.03858749
-0.8159974,0.7147568,-0.06621658
-0.8410939,0.7147568,-0.06621658
-0.8159974,0.7348815,-0.07275528
-0.8410939,0.7348815,-0.07275528
0.8410939,0.7147567,-0.06621658
0.8410939,0.7348815,-0.07275528
0.8410939,0.7348815,0.01088852
0.8410939,0.7147567,0.01742722
0.8410939,0.729319,0.02800766
0.8410939,0.7473192,0.02800766
0.8410939,0.7147567,0.03858749
0.8410939,0.7348815,0.04512619
0.8410939,0.7348815,0.01088852
0.8410939,0.7348815,-0.07275528
0.8183992,0.7348815,0.01088852
0.8183992,0.7348815,-0.07275528
0.8183992,0.7147567,0.01742722
0.8183992,0.7348815,0.01088852
0.8183992,0.7147567,-0.06621658
0.8183992,0.7348815,-0.07275528
-0.8159974,0.7147568,0.01742722
-0.8159974,0.7147568,-0.06621658
-0.8159974,0.7348815,0.01088852
-0.8159974,0.7348815,-0.07275528
-0.8159974,0.7348815,0.01088852
-0.8159974,0.7348815,-0.07275528
-0.8410939,0.7348815,0.01088852
-0.8410939,0.7348815,-0.07275528
-0.8410939,0.7348815,0.01088852
-0.8410939,0.7348815,-0.07275528
-0.8410939,0.7147568,-0.06621658
-0.8410939,0.7147568,0.01742722
-0.8410939,0.729319,0.02800766
-0.8410939,0.7147568,0.03858749
-0.8410939,0.7473191,0.02800766
-0.8410939,0.7348815,0.04512619
-0.8229561,0.6526263,0.03938004
-0.8256178,0.7387795,0.04211319
-0.7941252,0.7416619,0.04132462
-0.7845716,0.6454275,0.02937271
-0.8193843,0.4661799,0.03363052
-0.7619493,0.6659985,0.04951675
-0.7720888,0.7449505,0.04162002
-0.7503108,0.7480828,0.04134049
-0.7745937,0.4523697,0.01833023
-0.8194795,0.2707935,0.03064102
-0.7437385,0.4873502,0.05151138
-0.7402107,0.6669759,0.04904556
-0.7280464,0.7509398,0.04159927
-0.7796498,0.2532353,0.01275406
-0.8170601,0.08571388,0.03052994
-0.7526417,0.2922935,0.04821793
-0.7187001,0.4862522,0.04843277
-0.7141481,0.6578087,0.03781876
-0.7792628,0.0691114,0.01193253
-0.8110164,-0.09029838,0.02916885
-0.7519118,0.1060658,0.04848648
-0.7294587,0.2905482,0.04527359
-0.7723961,-0.105108,0.01409927
-0.8008845,-0.2701397,0.02959732
-0.7495072,-0.07384056,0.04646622
-0.7581398,-0.2852874,0.01410294
-0.7931972,-0.4530035,0.02869034
-0.6869105,0.6652251,0.0436586
-0.6968913,0.7528295,0.0414772
-0.6608455,0.7541406,0.041194
-0.6961488,0.4678653,0.02866348
-0.7282002,0.106561,0.046642
-0.7350007,-0.2551702,0.04708999
-0.7524992,-0.4706277,0.01304703
-0.7954851,-0.6469572,0.02833511
-0.6750816,0.4939851,0.05317154
-0.6531147,0.6590505,0.03639053
-0.7076799,0.2711655,0.0253212
-0.724571,-0.07456657,0.04508682
-0.7285029,-0.4372851,0.04805557
-0.6846907,0.3005619,0.05278091
-0.7046846,0.08244484,0.01902481
-0.7108064,-0.2587752,0.04544571
-0.6497072,0.4594526,0.02105606
-0.6846083,0.1138425,0.05009048
-0.6983302,-0.0977404,0.02070694
-0.6605433,0.267595,0.02047379
-0.6771584,-0.06896904,0.04926773
-0.6543177,0.0848542,0.01997574
-0.7042763,-0.4428945,0.04574356
-0.685298,-0.286588,0.01903946
-0.6716609,-0.2582094,0.04918106
-0.6455623,-0.1002779,0.0200734
-0.7345143,-0.6310357,0.04726334
-0.7610188,-0.6628736,0.01389664
-0.8017915,-0.7286426,0.02756119
-0.7702076,-0.7271585,0.02796158
-0.7379335,-0.7144831,0.0476857
-0.7127662,-0.6361504,0.04478653
-0.7199559,-0.7216478,0.04470718
-0.6835005,-0.4750118,0.01735
-0.6943312,-0.6656013,0.01854019
-0.7056382,-0.7312536,0.03312698
-0.6798039,-0.7253862,0.03927078
-0.6659227,-0.44565,0.04853897
-0.6733451,-0.6369926,0.04799942
-0.6479509,-0.2904147,0.02029922
-0.649597,-0.668541,0.02045425
-0.6593587,-0.7354638,0.03431961
-0.6177171,-0.7375507,0.0413002
-0.6458907,-0.4784264,0.02034805
-0.6151826,-0.6490946,0.04091202
-0.5682197,-0.7265803,0.05393387
-0.6135048,-0.4601275,0.04098648
-0.6168205,-0.2707867,0.04128189
-0.5697432,-0.6264941,0.06290054
-0.6129491,-0.08096123,0.04119888
-0.5746724,-0.4392315,0.06261734
-0.5390059,-0.6591317,0.02801407
-0.5266933,-0.7373735,0.02754166
-0.6190474,0.1059763,0.04136124
-0.5824394,-0.2478912,0.06409317
-0.5456825,-0.4733739,0.02917984
-0.5178462,-0.6700781,0.01381973
-0.4970814,-0.7418941,0.02001114
-0.4812559,-0.7412209,0.0221785
-0.5259755,-0.4856005,0.01512466
-0.5529118,-0.2844076,0.02817642
-0.5784267,-0.06080894,0.06375869
-0.6228145,0.2895484,0.04125381
-0.5052699,-0.6504744,0.0292189
-0.5252773,-0.2985723,0.01416519
-0.5518922,-0.09669365,0.02741837
-0.5829463,0.127121,0.0641066
-0.6154906,0.4801563,0.04151871
-0.4893825,-0.6624538,0.01438614
-0.4642665,-0.7473058,0.02065323
-0.4549599,-0.7407759,0.02455582
-0.47813,-0.6485588,0.02494888
-0.4460616,-0.7312699,0.03490494
-0.5000905,-0.4788729,0.0149147
-0.5546293,0.09015327,0.02746475
-0.5854121,0.3127674,0.06369278
-0.6126436,0.6658882,0.04268326
-0.6175364,0.7552782,0.04192764
-0.5763856,0.5004456,0.06368057
-0.5721712,0.6710696,0.04740738
-0.5749263,0.7562172,0.04244888
-0.5336806,0.7562951,0.04196915
-0.5362233,0.6622567,0.03887344
-0.505475,0.7564275,0.04172867
-0.5555177,0.2773173,0.02789688
-0.5496132,0.4644465,0.02788712
-0.5101891,0.6595153,0.03584854
-0.5232795,0.4515507,0.0143483
-0.5294429,0.264011,0.0136232
-0.4916261,0.6649075,0.04116837
-0.4908476,0.7560033,0.04167618
-0.4795283,0.7543145,0.04110367
-0.5034547,0.4677268,0.03007462
-0.4793513,0.6636525,0.03992203
-0.4681148,0.7516488,0.04085464
-0.5089961,0.2817387,0.03010757
-0.5284809,0.0764164,0.01318863
-0.4907472,0.4525483,0.0137709
-0.509652,0.09750465,0.03156875
-0.5249724,-0.1109536,0.01287125
-0.5034126,-0.09058586,0.03184707
-0.4938991,0.2668232,0.01368668
-0.5058229,-0.2792272,0.03123428
-0.4972905,0.08189461,0.01293961
-0.5124483,-0.4683691,0.02897232
-0.488279,-0.1059081,0.01247452
-0.4937983,-0.2941671,0.01396133
-0.487715,-0.4652007,0.02502579
-0.480041,-0.2801922,0.02457047
-0.4761803,-0.0920089,0.02353531
-0.4833534,0.0959217,0.0237941
-0.4637996,-0.6205068,0.05026138
-0.4699098,-0.436889,0.05057144
-0.4553779,-0.248276,0.05350113
-0.4451021,-0.632342,0.03812271
-0.4296696,-0.7256918,0.03769546
-0.4536006,-0.447918,0.03758072
-0.4183168,-0.6457857,0.02464859
-0.4041081,-0.7284073,0.02349991
-0.4812785,0.2781443,0.02433609
-0.4544563,-0.06064842,0.05461563
-0.4431166,-0.2631854,0.03797134
-0.4262703,-0.4596975,0.02385513
-0.4103728,-0.6472554,0.02732559
-0.3982365,-0.7343943,0.0266127
-0.477867,0.4634016,0.02411392
-0.4424727,-0.07494743,0.03783584
-0.4137501,-0.2764272,0.02419937
-0.4196516,-0.4607033,0.02683975
-0.4102882,-0.6485009,0.03117081
-0.3970302,-0.7356594,0.03060196
-0.4021278,-0.7311731,0.03111099
-0.4196303,-0.4619555,0.03064346
-0.4083876,-0.2773098,0.02760757
-0.4097441,-0.08612663,0.02442032
-0.4181072,-0.6483324,0.03205337
-0.4082789,-0.2786208,0.03139786
-0.4050002,-0.08686638,0.02794693
-0.4044939,-0.08813865,0.0317189
-0.420428,0.1000794,0.02401504
-0.4151649,0.09925392,0.02749771
-0.4145839,0.0979673,0.0313002
-0.44907,0.1123804,0.03751846
-0.4607747,0.1265485,0.05322891
-0.4602443,0.3056586,0.05258438
-0.4486955,0.2905735,0.03768326
-0.4193263,0.2768503,0.02366959
-0.4126277,0.2758295,0.02694961
-0.4123143,0.2745814,0.03074234
-0.4544404,0.4927918,0.05400772
-0.4447737,0.4758451,0.03754776
-0.4140007,0.4625489,0.02383072
-0.4094594,0.4617484,0.0273439
-0.4091988,0.4604728,0.03115127
-0.4681374,0.6642571,0.0407399
-0.4557426,0.6676116,0.04464126
-0.4541768,0.749482,0.04089126
-0.4360844,0.7479638,0.0411525
-0.439015,0.6614299,0.03956924
-0.4104512,0.7452508,0.04140274
-0.4147505,0.6563421,0.03456924
-0.412155,0.6562203,0.03883926
-0.4076793,0.7472741,0.04587906
-0.411179,0.6559206,0.04363297
-0.4064741,0.7472765,0.05068619
-0.4084657,0.7452374,0.05240616
-0.4133565,0.6556692,0.04397598
-0.4139674,0.4598319,0.03118301
-0.4191139,0.2742255,0.03097183
-0.4197795,0.09737404,0.03134903
-0.4092635,-0.08880821,0.0317189
-0.41395,-0.2791823,0.03150894
-0.4263881,-0.4622811,0.03118423
-0.4419197,0.4742829,0.0461232
-0.4455324,0.2889274,0.04618667
-0.4456703,0.1106348,0.04606705
-0.4391328,-0.07656853,0.04635635
-0.440154,-0.2649953,0.04646255
-0.4515883,-0.4495153,0.04608414
-0.4429811,-0.6338693,0.04670425
-0.4371919,0.6608831,0.04914322
-0.4269288,-0.7273539,0.04643936
-0.4245827,-0.7412937,0.04585464
-0.3970302,-0.7356594,0.03060196
-0.4261418,-0.7408094,0.04130997
-0.3982365,-0.7343943,0.0266127
-0.4041081,-0.7284073,0.02349991
-0.4296696,-0.7256918,0.03769546
-0.4460616,-0.7312699,0.03490494
-0.4420482,-0.7323615,0.0445961
-0.4425252,-0.7452815,0.03972427
-0.4549599,-0.7407759,0.02455582
-0.440395,-0.745441,0.04463516
-0.4516988,-0.7536159,0.02839126
-0.4642665,-0.7473058,0.02065323
-0.4512379,-0.7537831,0.03322647
-0.460475,-0.6208681,0.05999161
-0.4541789,-0.7414151,0.03386123
-0.4664912,-0.4373604,0.06024795
-0.4775099,-0.6490912,0.03436905
-0.4501225,-0.2493307,0.06292496
-0.4869173,-0.465729,0.03444839
-0.4488539,-0.06160789,0.06398453
-0.4787334,-0.2807903,0.03404556
-0.4553377,0.1255427,0.06273209
-0.4751613,-0.09255485,0.0330751
-0.4547597,0.3049341,0.06212662
-0.4821266,0.09533699,0.03331558
-0.4491493,0.4921967,0.06361587
-0.4801637,0.2775477,0.03382706
-0.4769447,0.4628193,0.03360122
-0.4940062,-0.2953841,0.02271866
-0.4885487,-0.1072256,0.02107925
-0.4975356,0.08057044,0.02159317
-0.4941185,0.2655921,0.02243057
-0.4911385,0.4513297,0.02254288
-0.5002864,-0.4799221,0.02376114
-0.4896272,-0.6635767,0.02318375
-0.4641566,-0.7486383,0.02916885
-0.4602522,-0.759366,0.02846085
-0.4603529,-0.7588022,0.02401382
-0.4775288,-0.7519088,0.02672317
-0.4812559,-0.7412209,0.0221785
-0.4770961,-0.7517589,0.03186966
-0.480486,-0.7412859,0.0321199
-0.5047352,-0.6504585,0.03919205
-0.4944594,-0.7513015,0.02345596
-0.4970814,-0.7418941,0.02001114
-0.4943269,-0.7518532,0.02791397
-0.5252125,-0.7454146,0.03159073
-0.5266933,-0.7373735,0.02754166
-0.5679219,-0.7338679,0.05791092
-0.5682197,-0.7265803,0.05393387
-0.6177171,-0.7375507,0.0413002
-0.5250068,-0.7454673,0.03655411
-0.496844,-0.743202,0.02855484
-0.5180656,-0.6712564,0.02257339
-0.5263191,-0.7376648,0.03720718
-0.5677449,-0.7345497,0.06226273
-0.6178642,-0.7435474,0.04554214
-0.6178645,-0.7436669,0.05042984
-0.66045,-0.7424399,0.03751907
-0.6593587,-0.7354638,0.03431961
-0.6812706,-0.7332132,0.04308548
-0.6798039,-0.7253862,0.03927078
-0.7056382,-0.7312536,0.03312698
-0.6604689,-0.7433647,0.04163528
-0.5387754,-0.6593658,0.03774795
-0.5678352,-0.7282442,0.06272781
-0.6177345,-0.7379924,0.05090103
-0.6594539,-0.7374986,0.04231277
-0.681787,-0.7336636,0.04771439
-0.5260018,-0.4866881,0.02394546
-0.5114732,-0.4684359,0.03882828
-0.5040175,-0.2793786,0.04116226
-0.5250932,-0.2998388,0.02291275
-0.5451741,-0.4736758,0.03878921
-0.5018483,-0.09059563,0.04202164
-0.5249867,-0.1122878,0.02149918
-0.5078245,0.09742134,0.04164444
-0.5693672,-0.6276836,0.07181533
-0.5519578,-0.284678,0.03796524
-0.5285038,0.07506721,0.02184219
-0.5076607,0.2817377,0.04025406
-0.5743715,-0.4402379,0.07165542
-0.6154066,-0.6498612,0.05021743
-0.5513225,-0.09705254,0.03720352
-0.529435,0.2627308,0.02235611
-0.5811583,-0.2496065,0.07275162
-0.6139284,-0.4608877,0.05029556
-0.6495814,-0.6707355,0.02840591
-0.5539379,0.08984291,0.03729507
-0.5775746,-0.06248527,0.07248062
-0.6168116,-0.2716528,0.05063125
-0.6460078,-0.4806609,0.02822891
-0.6807988,-0.7265301,0.04840897
-0.6130571,-0.08193229,0.05055435
-0.6478313,-0.2926553,0.02819717
-0.674341,-0.6378779,0.05728409
-0.6456813,-0.1025292,0.02798477
-0.667253,-0.4466244,0.05781997
-0.6732081,-0.2591988,0.05851455
-0.7058983,-0.7322672,0.04194046
-0.6943159,-0.6663327,0.0277504
-0.683556,-0.4757668,0.02650772
-0.6855122,-0.2872469,0.02834122
-0.7079988,-0.740196,0.04146194
-0.7078523,-0.7397612,0.03690872
-0.721226,-0.7312888,0.04883804
-0.7199559,-0.7216478,0.04470718
-0.7391011,-0.7246549,0.05188492
-0.7379335,-0.7144831,0.0476857
-0.7702076,-0.7271585,0.02796158
-0.7220143,-0.7314724,0.05370498
-0.7214064,-0.7222298,0.05432998
-0.7147252,-0.6365629,0.05457168
-0.7402015,-0.7249883,0.05661758
-0.77368,-0.7371594,0.03152603
-0.8017915,-0.7286426,0.02756119
-0.8052309,-0.731095,0.0327565
-0.7735981,-0.7375873,0.03606949
-0.80602,-0.731144,0.03784439
-0.803011,-0.728958,0.03731338
-0.7399189,-0.7154482,0.05704117
-0.7699266,-0.7281735,0.03669571
-0.7062001,-0.4433288,0.05561905
-0.759936,-0.6635743,0.02302017
-0.7373512,-0.631587,0.05694107
-0.7968205,-0.6470875,0.03816666
-0.80602,-0.731144,0.03784439
-0.7520848,-0.471502,0.02209244
-0.7311049,-0.4379067,0.05778335
-0.7130079,-0.2592983,0.05526504
-0.6985957,-0.09822471,0.03028213
-0.678441,-0.07010674,0.05854507
-0.6543477,0.08266914,0.02787247
-0.6189711,0.1050269,0.05073257
-0.5820411,0.1253892,0.07275528
-0.5549012,0.27697,0.03765274
-0.523387,0.4503495,0.02313858
-0.5019649,0.4678376,0.04030411
-0.4781068,0.6636776,0.05002945
-0.4667244,0.664225,0.05080337
-0.4535896,0.6673388,0.05448623
-0.4674788,0.751733,0.05285904
-0.4350725,0.747867,0.05269669
-0.4533998,0.7493938,0.05279556
-0.4336995,0.7539901,0.05051895
-0.4064741,0.7472765,0.05068619
-0.4076793,0.7472741,0.04587906
-0.4524699,0.7550405,0.05013809
-0.434355,0.754023,0.04639908
-0.4104512,0.7452508,0.04140274
-0.4360844,0.7479638,0.0411525
-0.4529249,0.7549831,0.04593399
-0.4541768,0.749482,0.04089126
-0.467043,0.7565084,0.04997818
-0.4674287,0.7563088,0.04613174
-0.4681148,0.7516488,0.04085464
-0.4795283,0.7543145,0.04110367
-0.4789985,0.7543667,0.05280533
-0.4790913,0.7577163,0.04612076
-0.4908476,0.7560033,0.04167618
-0.4787678,0.7579601,0.04950943
-0.4904033,0.664916,0.05124527
-0.4904158,0.7559655,0.05257828
-0.4902595,0.7588515,0.04985001
-0.4905427,0.7585308,0.04599014
-0.5097258,0.6596154,0.04596817
-0.505024,0.7593102,0.04995377
-0.5052314,0.7590294,0.04579727
-0.505475,0.7564275,0.04172867
-0.5051491,0.7564406,0.05260757
-0.5490358,0.4640928,0.03758804
-0.5334596,0.7593001,0.04636978
-0.5336806,0.7562951,0.04196915
-0.5333748,0.759366,0.0499733
-0.5359132,0.6623208,0.0489479
-0.5845015,0.3112748,0.07245377
-0.5747994,0.7592791,0.04673721
-0.5749263,0.7562172,0.04244888
-0.5747554,0.7593243,0.05042252
-0.6176201,0.7584038,0.05040665
-0.5335042,0.7563204,0.05280166
-0.6176375,0.7584578,0.04677628
-0.6175364,0.7552782,0.04192764
-0.6608455,0.7541406,0.041194
-0.6612346,0.757484,0.04707535
-0.6968913,0.7528295,0.0414772
-0.5748317,0.7563726,0.05360977
-0.5720472,0.670772,0.0571669
-0.6973957,0.7562768,0.04804336
-0.7280464,0.7509398,0.04159927
-0.6613103,0.7573979,0.05078873
-0.6175502,0.7555388,0.05348404
-0.5758924,0.4990546,0.07244644
-0.7285854,0.7545137,0.04792862
-0.7503108,0.7480828,0.04134049
-0.6609737,0.7544985,0.05351212
-0.6127126,0.6657742,0.05260391
-0.6151686,0.4793955,0.05083511
-0.6975172,0.7560021,0.05150284
-0.7509322,0.752643,0.04812393
-0.7720888,0.7449505,0.04162002
-0.6970689,0.753275,0.05365127
-0.6531669,0.6589138,0.04624893
-0.6226967,0.2886915,0.05056656
-0.7287148,0.7539559,0.05163833
-0.7732149,0.7505651,0.04790054
-0.7941252,0.7416619,0.04132462
-0.6498891,0.4578718,0.02934708
-0.6606089,0.2656763,0.02859756
-0.6858143,0.1129166,0.05945938
-0.6859163,0.3001411,0.06241714
-0.6753712,0.4935242,0.06283462
-0.7048622,0.08167732,0.02827652
-0.7079445,0.2706306,0.03482193
-0.7265367,-0.07517876,0.05482681
-0.6872636,0.6651046,0.05354873
-0.6966057,0.4678473,0.03850357
-0.7298964,0.1061881,0.05649918
-0.7377516,-0.2558181,0.05681778
-0.7282698,0.7513106,0.05327164
-0.7143874,0.6579186,0.0479335
-0.7310951,0.2902509,0.05506119
-0.7520485,-0.07444725,0.0562001
-0.7578712,-0.2860406,0.02324722
-0.7197884,0.4860175,0.05828751
-0.7414656,0.6665648,0.05876968
-0.7540864,0.1055982,0.05819107
-0.7711195,-0.1054797,0.02351456
-0.7949781,-0.4532311,0.03861099
-0.7550874,0.2919773,0.05801162
-0.7785228,0.06825782,0.02099136
-0.8027052,-0.2701769,0.03968521
-0.8025746,-0.6438099,0.04079849
-0.7456584,0.4869672,0.06120376
-0.7788948,0.2523215,0.02184952
-0.8131294,-0.09029838,0.03927505
-0.80059,-0.4504815,0.04077774
-0.8013799,-0.6438313,0.03565933
-0.8052309,-0.731095,0.0327565
-0.7954851,-0.6469572,0.02833511
-0.8017915,-0.7286426,0.02756119
-0.7931972,-0.4530035,0.02869034
-0.7993507,-0.4504174,0.03563736
-0.8008845,-0.2701397,0.02959732
-0.8058369,-0.2682793,0.03605484
-0.8110164,-0.09029838,0.02916885
-0.8068513,-0.2682943,0.04118424
-0.8156755,-0.0885424,0.03542374
-0.8170601,0.08571388,0.03052994
-0.817057,-0.08851707,0.04059097
-0.8194627,0.08674507,0.03595108
-0.8194795,0.2707935,0.03064102
-0.8184218,0.08592598,0.0406691
-0.8202189,0.08689552,0.04108169
-0.8224837,0.2722391,0.03638443
-0.8193843,0.4661799,0.03363052
-0.8206755,0.2709992,0.04075699
-0.8231633,0.2723948,0.04151627
-0.8224956,0.4672745,0.03912735
-0.8229561,0.6526263,0.03938004
-0.773896,0.452103,0.02797256
-0.8208546,0.4664591,0.04387711
-0.8232679,0.4674244,0.0442897
-0.8254133,0.653044,0.04434341
-0.8256178,0.7387795,0.04211319
-0.8278154,0.7406698,0.04634171
-0.8261858,0.6530578,0.0494545
-0.8289058,0.7408755,0.05085709
-0.8268464,0.7389413,0.0521315
-0.8242598,0.6526534,0.04952896
-0.7844453,0.6456356,0.03963394
-0.7949025,0.7417938,0.0532521
-0.7637458,0.6655626,0.05931289
-0.7506407,0.7487521,0.05379288
-0.7726362,0.7454491,0.05417984
-0.7510774,0.7520455,0.05168961
-0.773365,0.7500838,0.05160782
-0.7957121,0.7476354,0.05102554
-0.8289058,0.7408755,0.05085709
-0.8278154,0.7406698,0.04634171
-0.7952181,0.7477053,0.04680557
-0.8256178,0.7387795,0.04211319
566
0.5110294,0.03384086
0.5043246,0.03382549
0.5110151,0.04009266
0.5043102,0.04007728
0.02146333,0.03271753
0.5042535,0.06478859
0.5109584,0.06480397
0.02144897,0.03896934
0.01404876,0.03270054
0.01403442,0.03895229
0.01397771,0.06366366
0.02139229,0.06368065
0.5005182,0.06177648
0.4938133,0.0617611
0.5005045,0.06772213
0.4937997,0.06770676
0.5109367,0.07428001
0.5042319,0.07426463
0.5109283,0.07795462
0.5042235,0.07793924
0.02137065,0.07315665
0.02136222,0.07683128
0.0213843,0.06721097
0.5042455,0.06831896
0.01395607,0.07313967
0.01394767,0.07681429
0.01405618,0.02952194
0.02076107,0.02953732
0.01406461,0.02584732
0.02076954,0.02586269
0.01407826,0.01990193
0.5036223,0.03064528
0.02078316,0.01991731
0.5036308,0.02697065
0.5110368,0.03066228
0.5036444,0.02102524
0.5110452,0.02698766
0.5110589,0.02104224
0.5005389,0.0526992
0.4931245,0.05268218
0.5005254,0.05864485
0.4931109,0.05862784
0.4065387,0.06550808
0.408484,0.05956708
0.3837726,0.05951038
0.3818272,0.06545138
0.3787112,0.06114207
0.3787234,0.05582416
0.3755756,0.06543703
0.3736575,0.05948716
0.4437926,0.0596208
0.4685041,0.05967748
0.443808,0.05291614
0.4685195,0.05297282
0.4146264,0.05454357
0.4165444,0.06049369
0.4393378,0.05460025
0.4412559,0.06055038
0.4418834,0.04978022
0.4665949,0.04983688
0.4438288,0.04383859
0.4685403,0.04389527
0.4758354,0.04916447
0.5005468,0.04922115
0.4758524,0.04174992
0.5005639,0.0418066
0.4165736,0.04778539
0.4412851,0.04784209
0.439367,0.04189223
0.4146555,0.04183554
0.4115197,0.04613038
0.4084039,0.04182116
0.4115076,0.05144839
0.4064586,0.04776217
0.5451133,0.3429515
0.5451133,0.3647349
0.5581833,0.3647349
0.5581833,0.3429515
0.5451133,0.2993848
0.5712532,0.3429515
0.5712532,0.3647349
0.5843233,0.3647349
0.5581833,0.2993848
0.5451132,0.255818
0.5712532,0.2993848
0.5843233,0.3429515
0.5973934,0.3647349
0.5581833,0.255818
0.5451132,0.2122512
0.5712532,0.255818
0.5843233,0.2993848
0.5973934,0.3429515
0.5581832,0.2122512
0.5451132,0.1686845
0.5712532,0.2122512
0.5843233,0.255818
0.5581832,0.1686845
0.5451132,0.1251178
0.5712532,0.1686845
0.5581832,0.1251178
0.5451132,0.08155099
0.6104634,0.3429515
0.6104634,0.3647349
0.6235335,0.3647349
0.5973934,0.2993848
0.5843233,0.2122512
0.5712532,0.1251178
0.5581832,0.08155099
0.5451132,0.03798431
0.6104634,0.2993848
0.6235335,0.3429515
0.5973933,0.255818
0.5843233,0.1686845
0.5712533,0.08155099
0.6104634,0.255818
0.5973933,0.2122512
0.5843233,0.1251178
0.6235335,0.2993848
0.6104634,0.2122512
0.5973933,0.1686845
0.6235335,0.255818
0.6104634,0.1686845
0.6235335,0.2122512
0.5843233,0.08155099
0.5973933,0.1251178
0.6104634,0.1251178
0.6235334,0.1686845
0.5712533,0.03798422
0.5581832,0.03798425
0.5451132,0.0162009
0.5581832,0.01620084
0.5712533,0.01620084
0.5843233,0.03798422
0.5843233,0.01620084
0.5973933,0.08155099
0.5973933,0.03798422
0.5973933,0.01620084
0.6104634,0.01620084
0.6104634,0.08155099
0.6104634,0.03798422
0.6235334,0.1251178
0.6235334,0.03798422
0.6235334,0.01620084
0.6366034,0.01620084
0.6235334,0.08155099
0.6366034,0.03798422
0.6496735,0.01620084
0.6366034,0.08155099
0.6366034,0.1251178
0.6496735,0.03798422
0.6366034,0.1686845
0.6496735,0.08155099
0.6627434,0.03798422
0.6627434,0.01620084
0.6366034,0.2122512
0.6496735,0.1251178
0.6627434,0.08155099
0.6758136,0.03798422
0.6758136,0.01620084
0.6888835,0.01620084
0.6758136,0.08155099
0.6627434,0.1251178
0.6496735,0.1686845
0.6366034,0.255818
0.6888835,0.03798422
0.6758136,0.1251178
0.6627434,0.1686845
0.6496735,0.2122512
0.6366034,0.2993848
0.7019535,0.03798422
0.7019535,0.01620084
0.7150236,0.01620084
0.7150236,0.03798422
0.7280936,0.01620084
0.7019535,0.08155099
0.6627434,0.2122512
0.6496735,0.255818
0.6366034,0.3429515
0.6366035,0.3647349
0.6496735,0.2993848
0.6496735,0.3429515
0.6496735,0.3647349
0.6627436,0.3647349
0.6627436,0.3429515
0.6758136,0.3647349
0.6627434,0.255818
0.6627434,0.2993848
0.6758136,0.3429515
0.6758136,0.2993848
0.6758136,0.255818
0.6888835,0.3429515
0.6888835,0.3647349
0.7019535,0.3647349
0.6888835,0.2993848
0.7019535,0.3429515
0.7150236,0.3647349
0.6888835,0.255818
0.6758136,0.2122512
0.7019535,0.2993848
0.6888835,0.2122512
0.6758136,0.1686845
0.6888835,0.1686845
0.7019535,0.255818
0.6888835,0.1251178
0.7019535,0.2122512
0.6888835,0.08155099
0.7019535,0.1686845
0.7019535,0.1251178
0.7150236,0.08155099
0.7150236,0.1251178
0.7150236,0.1686845
0.7150236,0.2122512
0.7280936,0.03798422
0.7280936,0.08155093
0.7280936,0.1251177
0.7411637,0.03798422
0.7411637,0.01620084
0.7411637,0.08155093
0.7542335,0.03798422
0.7542335,0.01620081
0.7150236,0.255818
0.7280936,0.1686845
0.7411637,0.1251177
0.7542335,0.08155093
0.7552502,0.03798422
0.7552501,0.01620084
0.7150236,0.2993848
0.7411637,0.1686845
0.7542335,0.1251177
0.7552502,0.08155099
0.7564119,0.03798425
0.756412,0.01620084
0.7565571,0.0162009
0.7564119,0.08155099
0.7552502,0.1251178
0.7542335,0.1686845
0.7565572,0.03798431
0.7564119,0.1251178
0.7552502,0.1686845
0.7564119,0.1686845
0.7542335,0.2122512
0.7552502,0.2122512
0.7564119,0.2122512
0.7411637,0.2122512
0.7280936,0.2122512
0.7280936,0.255818
0.7411637,0.255818
0.7542335,0.255818
0.7552502,0.2558181
0.7564119,0.2558181
0.7280936,0.2993848
0.7411637,0.2993848
0.7542335,0.2993848
0.7552502,0.2993848
0.7564119,0.2993848
0.7150236,0.3429515
0.7280936,0.3429515
0.7280936,0.3647349
0.7411637,0.3647349
0.7411637,0.3429515
0.7542335,0.3647349
0.7542335,0.3429515
0.7552502,0.3429516
0.7552502,0.3647349
0.7564119,0.3429516
0.7564119,0.3647349
0.7565571,0.3647349
0.7565572,0.3429516
0.7565572,0.2993848
0.7565572,0.2558181
0.7565572,0.2122512
0.7565572,0.1686845
0.7565572,0.1251178
0.7565572,0.08155099
0.7696272,0.2993848
0.7696272,0.2558181
0.7696272,0.2122512
0.7696272,0.1686845
0.7696272,0.1251178
0.7696272,0.08155099
0.7696272,0.03798431
0.7696272,0.3429516
0.7696272,0.01620093
0.7696272,0.01605561
0.7565571,0.01605561
0.7696272,0.01489392
0.7565571,0.01489392
0.7565571,0.01387736
0.7696272,0.01387736
0.7826973,0.01387736
0.7826973,0.01620093
0.7826973,0.01489392
0.7957673,0.01387736
0.7826973,0.01605561
0.7957673,0.01489392
0.8088374,0.01387739
0.7957673,0.01605561
0.7826973,0.03798431
0.7957673,0.01620093
0.7826973,0.08155099
0.7957673,0.03798431
0.7826973,0.1251178
0.7957673,0.08155099
0.7826973,0.1686845
0.7957673,0.1251178
0.7826973,0.2122512
0.7957673,0.1686845
0.7826973,0.2558181
0.7957673,0.2122512
0.7826973,0.2993848
0.7957671,0.2558181
0.7957671,0.2993848
0.8088374,0.1251178
0.8088374,0.1686845
0.8088374,0.2122512
0.8088374,0.2558181
0.8088374,0.2993848
0.8088374,0.08155099
0.8088374,0.03798431
0.8088374,0.01620093
0.8088374,0.01605561
0.8088374,0.01489392
0.8219074,0.01489392
0.8219074,0.01387736
0.8219074,0.01605561
0.8219074,0.01620093
0.8219074,0.03798431
0.8349773,0.01489392
0.8349773,0.01387736
0.8349773,0.01605561
0.8480475,0.01489392
0.8480475,0.01387736
0.8611176,0.01489392
0.8611176,0.01387736
0.8741875,0.01387736
0.8480475,0.01605561
0.8349773,0.01620093
0.8349773,0.03798431
0.8480475,0.01620093
0.8611176,0.01605561
0.8741875,0.01489392
0.8741875,0.01605561
0.8872575,0.01489392
0.8872575,0.01387736
0.9003277,0.01489392
0.9003277,0.01387736
0.9133976,0.0138773
0.8872575,0.01605561
0.8480475,0.03798431
0.8611176,0.01620093
0.8741875,0.01620093
0.8872575,0.01620093
0.9003277,0.01605561
0.8349773,0.08155099
0.8219074,0.08155099
0.8219074,0.1251178
0.8349773,0.1251178
0.8480475,0.08155099
0.8219074,0.1686845
0.8349773,0.1686845
0.8219074,0.2122512
0.8611176,0.03798431
0.8480475,0.1251178
0.8349773,0.2122512
0.8219074,0.2558181
0.8611176,0.08155099
0.8741875,0.03798431
0.8480475,0.1686845
0.8349773,0.2558181
0.8611176,0.1251178
0.8741875,0.08155099
0.8872575,0.03798431
0.8480475,0.2122512
0.8611176,0.1686845
0.8741876,0.1251178
0.8872572,0.08155099
0.9003277,0.01620093
0.8741876,0.1686845
0.8872572,0.1251178
0.9003277,0.03798431
0.8872572,0.1686845
0.9003277,0.08155099
0.9003277,0.1251178
0.9133976,0.01620093
0.9133976,0.03798431
0.9133976,0.08155099
0.9133976,0.1251178
0.9133976,0.01605561
0.9133976,0.01489392
0.9264677,0.01489392
0.9264677,0.01387733
0.9395376,0.01489392
0.9395376,0.01387733
0.9526076,0.01387733
0.9264677,0.01605561
0.9264677,0.01620093
0.9264677,0.03798431
0.9395376,0.01605561
0.9526076,0.01489392
0.9656776,0.01387733
0.9656776,0.01489386
0.9526078,0.01605561
0.9656776,0.01605561
0.9656776,0.01620093
0.9395376,0.01620093
0.9526078,0.01620093
0.9264677,0.08155099
0.9526078,0.03798431
0.9395376,0.03798431
0.9656776,0.03798431
0.9658231,0.01620093
0.9526076,0.08155099
0.9395376,0.08155099
0.9264677,0.1251178
0.9133976,0.1686845
0.9003274,0.1686845
0.8872572,0.2122512
0.8741876,0.2122512
0.8611176,0.2122512
0.8480475,0.2558181
0.8349773,0.2993848
0.8219072,0.2993848
0.8088374,0.3429516
0.7957671,0.3429516
0.7826973,0.3429516
0.7957671,0.3647349
0.7696272,0.3647349
0.7826973,0.3647349
0.7696272,0.3648801
0.7565572,0.3648801
0.7565572,0.3660419
0.7826973,0.3648801
0.7696272,0.3660419
0.7565572,0.3670584
0.7696272,0.3670584
0.7826973,0.3660419
0.7826973,0.3670584
0.7957671,0.3648801
0.7957671,0.3660419
0.7957671,0.3670584
0.8088374,0.3670584
0.8088374,0.3647349
0.8088374,0.3660419
0.8219072,0.3670584
0.8088374,0.3648801
0.8219072,0.3429516
0.8219072,0.3647349
0.8219072,0.3648801
0.8219072,0.3660419
0.8349773,0.3429516
0.8349773,0.3648801
0.8349773,0.3660419
0.8349773,0.3670584
0.8349773,0.3647349
0.8480475,0.2993848
0.8480473,0.3660419
0.8480473,0.3670584
0.8480473,0.3648801
0.8480473,0.3429516
0.8611176,0.2558181
0.8611174,0.3660419
0.8611174,0.3670584
0.8611174,0.3648801
0.8741874,0.3648801
0.8480473,0.3647349
0.8741874,0.3660419
0.8741874,0.3670584
0.8872573,0.3670584
0.8872573,0.3660419
0.9003274,0.3670584
0.8611174,0.3647349
0.8611174,0.3429516
0.9003274,0.3660419
0.9133973,0.3670584
0.8872573,0.3648801
0.8741874,0.3647349
0.8611174,0.2993848
0.9133973,0.3660419
0.9264675,0.3670584
0.8872573,0.3647349
0.8741874,0.3429516
0.8741876,0.2993848
0.9003274,0.3648801
0.9264675,0.3660419
0.9395375,0.3670584
0.9003274,0.3647349
0.8872573,0.3429516
0.8741876,0.2558181
0.9133973,0.3648801
0.9395375,0.3660419
0.9526074,0.3670584
0.8872573,0.2993848
0.8872572,0.2558181
0.9003274,0.2122512
0.9003274,0.2558181
0.9003274,0.2993848
0.9133976,0.2122512
0.9133976,0.2558181
0.9264677,0.1686845
0.9003274,0.3429516
0.9133973,0.2993848
0.9264674,0.2122512
0.9395376,0.1251178
0.9133973,0.3647349
0.9133973,0.3429516
0.9264674,0.2558181
0.9395376,0.1686845
0.9526076,0.1251178
0.9264674,0.2993848
0.9264674,0.3429516
0.9395376,0.2122512
0.9526076,0.1686845
0.9656776,0.08155099
0.9395376,0.2558181
0.9526076,0.2122512
0.9656776,0.1251178
0.9658228,0.03798431
0.9395376,0.2993848
0.9526076,0.2558181
0.9656776,0.1686845
0.9658228,0.08155099
0.9669846,0.03798431
0.9669846,0.01620093
0.9680012,0.03798431
0.9680012,0.01620093
0.9680012,0.08155107
0.9669846,0.08155102
0.9680012,0.1251178
0.9669846,0.1251178
0.968001,0.1686846
0.9658228,0.1251178
0.9669846,0.1686845
0.968001,0.2122514
0.9658228,0.1686845
0.9669846,0.2122514
0.9680012,0.2558181
0.9656776,0.2122512
0.9658228,0.2122512
0.9669844,0.2558181
0.9680012,0.2993849
0.9656776,0.2558181
0.9658228,0.2558181
0.9669844,0.2993848
0.9680012,0.3429517
0.9526076,0.2993848
0.9656776,0.2993848
0.9658228,0.2993848
0.9669844,0.3429516
0.968001,0.364735
0.9669844,0.364735
0.9658228,0.3429516
0.9658228,0.3647349
0.9656774,0.3647349
0.9656776,0.3429516
0.9526076,0.3429516
0.9526076,0.3647349
0.9395375,0.3429516
0.9264675,0.3647349
0.9395375,0.3647349
0.9264675,0.3648801
0.9395375,0.3648801
0.9526076,0.3648801
0.9656774,0.3648801
0.9656774,0.3660419
0.9526074,0.3660419
0.9656774,0.3670584
1
2796
0
1
2
1
3
2
1
4
3
3
5
2
5
6
2
4
7
3
4
8
7
8
9
7
9
10
7
10
11
7
12
13
14
13
15
14
16
17
18
17
19
18
17
20
19
20
21
19
22
20
17
23
22
17
20
24
21
24
25
21
26
27
28
27
29
28
28
29
30
27
31
29
29
32
30
31
33
29
29
33
32
31
34
33
33
35
32
34
36
33
33
36
35
36
37
35
38
39
40
39
41
40
42
43
44
45
42
44
44
46
45
47
46
44
45
46
48
49
46
47
48
46
49
50
51
52
51
53
52
54
55
56
55
57
56
58
59
60
59
61
60
62
63
64
63
65
64
66
67
68
69
66
68
69
70
66
71
70
69
66
70
72
73
70
71
72
70
73
74
75
76
77
74
76
78
74
77
77
76
79
76
80
79
79
80
81
82
78
77
83
78
82
77
79
84
82
77
84
85
79
81
84
79
85
85
81
86
87
83
82
88
83
87
82
84
89
87
82
89
90
84
85
89
84
90
91
85
86
90
85
91
92
88
87
93
88
92
87
89
94
92
87
94
95
89
90
94
89
95
96
93
92
97
93
96
92
94
98
96
92
98
99
97
96
100
97
99
91
86
101
86
102
101
101
102
103
104
90
91
95
90
104
105
94
95
98
94
105
96
98
106
99
96
106
107
100
99
108
100
107
91
101
109
104
91
109
110
101
103
109
101
110
111
95
104
105
95
111
112
98
105
106
98
112
99
106
113
107
99
113
104
109
114
111
104
114
115
105
111
112
105
115
116
106
112
113
106
116
117
109
110
114
109
117
111
114
118
115
111
118
119
112
115
116
112
119
120
114
117
118
114
120
115
118
121
119
115
121
122
118
120
121
118
122
123
113
116
124
116
119
123
116
124
119
121
125
124
119
125
126
121
122
125
121
126
127
113
123
107
113
127
128
107
127
128
108
107
129
108
128
130
129
128
130
128
131
128
127
131
131
127
132
132
127
123
133
131
132
132
123
134
134
123
124
133
132
135
135
132
134
136
133
135
136
135
137
134
124
138
124
125
138
135
134
139
135
139
137
134
138
139
138
125
140
140
125
126
137
139
141
142
137
141
142
141
143
139
138
144
141
139
144
144
138
140
141
145
143
141
144
145
143
145
146
144
140
147
144
147
145
140
126
148
140
148
147
145
149
146
145
147
149
126
150
148
126
122
150
147
148
151
147
151
149
146
149
152
153
146
152
122
154
150
122
120
154
148
150
155
148
155
151
151
156
149
156
152
149
153
152
157
158
153
157
158
157
159
157
152
160
152
156
160
161
156
151
155
161
151
150
162
155
150
154
162
120
163
154
120
117
163
157
164
159
157
160
164
160
156
165
156
161
165
166
161
155
162
166
155
154
167
162
154
163
167
117
168
163
117
110
168
159
164
169
170
159
169
170
169
171
169
172
171
171
172
173
169
164
174
169
174
172
162
167
175
166
162
175
163
176
167
163
168
176
110
177
168
110
103
177
103
178
177
168
177
179
168
179
176
177
178
180
177
180
179
178
181
180
180
181
182
183
180
182
179
180
183
183
182
184
167
176
185
175
167
185
176
179
186
186
179
183
185
176
186
187
183
184
186
183
187
185
186
188
188
186
187
175
185
189
189
185
188
187
184
190
184
191
190
190
191
192
188
187
193
187
190
193
194
190
192
193
190
194
194
192
195
188
193
196
189
188
196
197
175
189
166
175
197
198
193
194
196
193
198
189
196
199
197
189
199
200
166
197
161
166
200
165
161
200
200
197
201
197
199
201
199
196
202
202
196
198
165
200
203
200
201
203
201
199
204
204
199
202
165
203
205
160
165
205
160
205
164
164
205
174
203
201
206
206
201
204
205
203
207
174
205
207
207
203
206
174
207
208
174
208
172
207
206
209
207
209
208
206
204
210
206
210
209
204
202
211
204
211
210
172
208
212
172
212
173
208
209
213
208
213
212
209
210
214
209
214
213
173
212
215
216
173
215
212
213
217
215
212
217
216
215
218
219
216
218
202
220
211
202
198
220
210
211
221
210
221
214
213
214
222
217
213
222
215
217
223
218
215
223
218
224
219
224
225
219
198
226
220
198
194
226
214
221
227
222
214
227
217
222
228
223
217
228
223
229
218
229
224
218
224
230
225
230
231
225
231
230
232
233
230
224
229
233
224
234
229
223
228
234
223
228
222
235
222
227
235
230
236
232
230
233
236
234
237
229
237
233
229
238
234
228
235
238
228
239
237
234
238
239
234
235
227
240
241
238
235
240
241
235
239
238
242
238
241
242
227
243
240
227
221
243
221
244
243
211
244
221
211
220
244
220
245
244
220
226
245
243
244
246
244
245
246
240
243
247
243
246
247
248
241
240
247
248
240
242
241
249
241
248
249
226
250
245
246
245
251
245
250
251
247
246
252
246
251
252
253
248
247
252
253
247
249
248
254
248
253
254
226
255
250
194
255
226
255
194
195
255
195
256
255
256
250
195
257
256
256
257
258
250
256
259
259
256
258
251
250
259
259
258
260
251
259
261
261
259
260
252
251
261
262
261
260
261
262
252
262
253
252
263
262
260
253
262
264
264
262
263
265
264
263
254
253
264
264
265
266
254
264
267
267
264
266
268
254
267
249
254
268
269
249
268
242
249
269
270
242
269
239
242
270
271
239
270
237
239
271
272
237
271
233
237
272
273
233
272
233
273
236
274
268
267
275
269
268
274
275
268
276
270
269
275
276
269
277
271
270
276
277
270
278
272
271
277
278
271
279
273
272
278
279
272
280
236
273
279
280
273
281
274
267
281
267
266
280
282
236
282
232
236
282
283
232
283
284
232
283
285
284
285
286
284
286
285
287
285
288
287
289
288
285
290
282
280
282
290
283
291
289
285
292
289
291
283
293
285
290
293
283
293
291
285
294
292
291
295
292
294
293
296
291
296
294
291
297
290
280
297
280
279
290
298
293
298
296
293
299
297
279
299
279
278
297
300
290
300
298
290
301
299
278
301
278
277
299
302
297
302
300
297
303
301
277
303
277
276
301
304
299
304
302
299
305
303
276
305
276
275
303
306
301
306
304
301
307
305
275
307
275
274
305
308
303
308
306
303
309
307
274
309
274
281
307
310
305
310
308
305
309
311
307
311
310
307
304
312
302
304
306
313
312
304
313
308
314
306
314
313
306
310
315
308
315
314
308
311
316
310
316
315
310
312
317
302
302
317
300
317
318
300
300
318
298
318
319
298
298
319
296
319
320
296
296
320
294
320
321
294
321
295
294
321
322
295
322
321
320
322
323
295
324
320
319
324
322
320
325
319
318
325
324
319
326
318
317
326
325
318
322
327
323
327
328
323
324
329
322
329
327
322
329
324
325
327
330
328
330
327
329
330
331
328
330
332
331
332
333
331
334
333
332
335
330
329
332
330
335
336
329
325
335
329
336
337
336
325
326
337
325
338
335
336
338
336
337
339
332
335
339
335
338
340
334
332
339
341
332
341
340
332
340
342
334
342
343
334
342
344
343
344
345
343
346
345
344
347
342
340
341
347
340
344
342
347
348
338
337
349
339
338
349
338
348
350
341
339
349
350
339
351
347
341
350
351
341
352
344
347
352
347
351
348
337
353
353
337
326
354
353
326
354
326
317
354
317
312
355
354
312
355
312
313
356
353
354
355
356
354
357
348
353
357
353
356
358
355
313
358
313
314
359
356
355
358
359
355
360
358
314
360
314
315
361
348
357
361
349
348
362
357
356
362
356
359
363
359
358
360
363
358
364
360
315
364
315
316
365
361
357
365
357
362
361
366
349
366
350
349
367
362
359
367
359
363
368
363
360
364
368
360
369
365
362
369
362
367
365
370
361
370
366
361
366
371
350
371
351
350
372
367
363
372
363
368
373
369
367
373
367
372
369
374
365
374
370
365
370
375
366
375
371
366
376
351
371
376
352
351
373
377
369
377
374
369
374
378
370
378
375
370
379
371
375
379
376
371
377
380
374
380
378
374
381
375
378
381
379
375
382
378
380
382
381
378
376
383
352
379
384
376
384
383
376
381
385
379
385
384
379
382
386
381
386
385
381
383
387
352
352
387
344
387
388
344
388
346
344
388
389
346
389
388
387
389
390
346
389
391
390
391
392
390
393
392
391
394
389
387
394
387
383
391
389
394
395
394
383
395
383
384
396
384
385
396
395
384
397
394
395
397
391
394
398
393
391
399
393
398
400
399
398
401
398
391
400
398
401
397
401
391
402
400
401
403
402
401
404
397
395
404
395
396
405
401
397
405
403
401
404
405
397
406
396
385
406
385
386
403
405
407
407
405
404
408
404
396
408
396
406
408
407
404
409
403
407
403
409
410
411
407
408
409
407
411
412
408
406
412
411
408
413
406
386
412
406
413
413
386
414
386
382
414
382
415
414
415
382
380
415
380
416
416
380
377
417
416
377
417
377
373
418
417
373
418
373
372
418
372
419
419
372
368
419
368
420
420
368
364
421
420
364
421
364
316
421
316
422
316
311
422
311
423
422
423
311
309
424
423
309
424
309
281
422
423
425
425
423
424
424
281
426
426
281
266
427
425
424
427
424
426
428
426
266
429
428
266
428
429
430
431
427
426
428
431
426
425
427
431
432
428
430
431
428
432
432
430
433
434
432
433
435
432
434
435
431
432
436
435
434
437
425
431
437
431
435
438
435
436
438
437
435
439
438
436
439
440
438
441
425
437
441
422
425
440
442
438
440
443
442
444
437
438
444
441
437
442
444
438
445
422
441
445
421
422
446
441
444
446
445
441
447
444
442
447
446
444
443
448
442
448
447
442
445
449
421
449
420
421
447
450
446
450
447
448
451
448
443
451
450
448
452
451
443
446
453
445
450
453
446
453
449
445
454
420
449
454
419
420
455
451
452
456
455
452
457
450
451
450
457
453
455
457
451
458
449
453
458
454
449
459
419
454
459
418
419
460
455
456
461
460
456
462
457
455
460
462
455
463
462
460
457
464
453
457
462
464
464
458
453
465
460
461
465
463
460
466
465
461
466
467
465
467
468
465
465
468
463
467
469
468
462
470
464
462
463
470
471
458
464
470
471
464
469
472
468
469
473
472
468
474
463
468
472
474
463
475
470
470
475
471
471
476
458
476
454
458
476
459
454
473
477
472
473
478
477
479
475
463
474
479
463
475
480
471
471
480
476
475
479
480
476
481
459
480
481
476
472
482
474
472
477
482
478
483
477
478
484
483
485
479
474
482
485
474
479
486
480
480
486
481
481
487
459
459
487
418
487
417
418
477
488
482
477
483
488
484
489
483
484
490
489
481
491
487
486
491
481
487
492
417
491
492
487
492
416
417
493
416
492
493
415
416
494
492
491
494
493
492
495
491
486
495
494
491
493
496
415
496
414
415
494
497
493
497
496
493
498
414
496
498
413
414
499
495
486
499
486
479
485
499
479
495
500
494
500
497
494
501
496
497
501
498
496
502
413
498
502
412
413
485
503
499
503
485
482
488
503
482
495
499
504
500
495
504
503
504
499
505
497
500
505
501
497
506
498
501
506
502
498
502
507
412
507
411
412
508
500
504
508
505
500
509
504
503
509
508
504
510
501
505
510
506
501
506
511
502
511
507
502
512
411
507
512
409
411
513
505
508
513
510
505
510
514
506
514
511
506
515
507
511
515
512
507
409
512
516
409
516
410
517
513
508
517
508
509
513
518
510
518
514
510
519
511
514
519
515
511
512
515
520
512
520
516
516
521
410
521
522
410
521
523
522
523
524
522
525
523
521
526
521
516
526
525
521
520
526
516
525
526
527
526
528
527
528
526
520
527
528
529
515
530
520
530
528
520
515
519
530
528
531
529
531
528
530
529
531
532
519
533
530
533
531
530
531
534
532
531
533
534
532
534
535
519
536
533
536
519
514
536
514
518
533
537
534
536
537
533
534
538
535
538
534
537
535
538
539
540
536
518
536
540
537
541
538
537
540
541
537
538
542
539
538
541
542
539
542
543
540
518
544
544
518
513
517
544
513
540
545
541
545
540
544
541
546
542
545
546
541
542
547
543
542
546
547
543
547
548
547
549
548
547
550
549
546
550
547
550
551
549
552
551
550
553
550
546
545
553
546
553
552
550
545
544
554
553
545
554
554
544
517
552
553
555
553
554
555
556
554
517
555
554
556
556
517
509
556
509
557
557
509
503
557
503
488
558
556
557
558
555
556
559
557
488
558
557
559
483
559
488
483
489
559
560
558
559
555
558
560
489
560
559
552
555
561
561
555
560
562
552
561
563
562
561
489
564
560
564
561
560
564
563
561
490
564
489
565
563
564
490
565
564
