MESH3
PFB_Carpet
20
-1.252462,-0.004148796,0.7515706
1.252462,-0.004148796,0.7515706
-1.249043,-0.001543583,0.7511384
1.250957,-0.001543583,0.7511384
1.252462,-0.004148796,-0.7515706
1.252462,-0.004148796,0.7515706
-1.252462,-0.004148796,-0.7515706
-1.252462,-0.004148796,0.7515706
1.252462,-0.004148796,-0.7515706
1.250957,-0.001543584,-0.7488616
1.252462,-0.004148796,0.7515706
1.250957,-0.001543583,0.7511384
-1.249043,-0.001543584,-0.7488616
-1.252462,-0.004148796,-0.7515706
-1.252462,-0.004148796,0.7515706
-1.249043,-0.001543583,0.7511384
1.235311,0.004148796,-0.7376692
1.235311,0.004148796,0.7399462
-1.233398,0.004148796,0.7399462
-1.233398,0.004148796,-0.7376692
20
0.001992034,0.00163355
0.001992034,0.8184083
0.002841514,0.002748403
0.002841514,0.8179174
0.01365072,0.9913718
0.5037763,0.9913717
0.01365072,0.174597
0.5037763,0.174597
0.5037764,0.9913718
0.5028931,0.9908808
0.0136507,0.9913718
0.01379161,0.9908808
0.5028931,0.1757118
0.5037764,0.174597
0.0136507,0.174597
0.01379161,0.1757118
0.4992436,0.9857793
0.01744102,0.9857793
0.01744102,0.1808133
0.4992436,0.1808133
1
60
0
1
2
1
3
2
4
5
6
5
7
6
8
9
10
9
11
10
9
8
12
8
13
12
13
14
12
14
15
12
9
16
11
11
17
15
16
17
11
17
18
15
15
18
12
17
16
18
16
9
19
9
12
19
16
19
18
18
19
12
