MESH3
PFB_FreestandMirror
184
0.2562752,0.1433977,0.2412028
0.2562752,1.654197,-0.1354818
-0.2562752,0.1433977,0.2412028
-0.2562752,1.654197,-0.1354818
0.33,1.022403,0.0007850265
0.33,1.033495,-0.04370251
-0.33,1.022403,0.0007850265
-0.33,1.033495,-0.04370251
-0.2562735,0.0001443893,-0.3017707
-0.33,0.0001443893,-0.3017707
-0.2562735,0.08917867,-0.2791469
-0.33,0.08917867,-0.2791469
-0.2562752,0.1580331,-0.2629229
-0.2562752,0.9644591,-0.06185833
-0.33,1.033495,-0.04370251
-0.2562735,2.532788E-05,-0.2517967
-0.33,2.532788E-05,-0.2517967
-0.2562735,0.0001443893,-0.3017707
-0.33,0.0001443893,-0.3017707
-0.33,0.0001443893,-0.3017707
-0.33,2.532788E-05,-0.2517967
-0.33,0.08917867,-0.2791469
-0.33,0.07808668,-0.2346594
-0.33,1.022403,0.0007850265
-0.33,1.033495,-0.04370251
0.33,0.0001443893,-0.3017707
0.33,0.08917867,-0.2791469
0.33,2.532788E-05,-0.2517967
0.33,0.07808668,-0.2346594
0.33,1.033495,-0.04370251
0.33,1.022403,0.0007850265
-0.33,1.022403,0.0007850265
-0.2562752,0.9531457,-0.01648266
0.33,1.022403,0.0007850265
0.2562752,0.9531457,-0.01648266
-0.33,2.532788E-05,-0.2517967
-0.2562735,2.532788E-05,-0.2517967
-0.2562735,0.07808668,-0.2346594
-0.33,0.07808668,-0.2346594
-0.2562752,0.1467196,-0.2175473
-0.2562752,0.9531457,-0.01648266
-0.33,1.022403,0.0007850265
0.2562752,0.1467196,-0.2175473
0.2562752,0.1580331,-0.2629229
-0.2562752,0.1467196,-0.2175473
-0.2562752,0.1580331,-0.2629229
-0.2562752,0.1467196,-0.2175473
-0.2562752,0.1580331,-0.2629229
-0.2562752,0.9531457,-0.01648266
-0.2562752,0.9644591,-0.06185833
-0.2562752,0.9531457,-0.01648266
-0.2562752,0.9644591,-0.06185833
0.2562752,0.9531457,-0.01648266
0.2562752,0.9644591,-0.06185833
0.2562752,0.9531457,-0.01648266
0.2562752,0.9644591,-0.06185833
0.2562752,0.1467196,-0.2175473
0.2562752,0.1580331,-0.2629229
0.2562732,2.532788E-05,-0.2517967
0.33,2.532788E-05,-0.2517967
0.2562732,0.07808668,-0.2346594
0.33,0.07808668,-0.2346594
0.2562752,0.1467196,-0.2175473
0.2562752,0.9531457,-0.01648266
0.33,1.022403,0.0007850265
0.33,0.0001443893,-0.3017707
0.33,2.532788E-05,-0.2517967
0.2562732,0.0001443893,-0.3017707
0.2562732,2.532788E-05,-0.2517967
0.33,0.0001443893,-0.3017707
0.2562732,0.0001443893,-0.3017707
0.2562732,0.08917867,-0.2791469
0.33,0.08917867,-0.2791469
0.2562752,0.1580331,-0.2629229
0.2562752,0.9644591,-0.06185833
0.33,1.033495,-0.04370251
-0.2562752,0.1467196,-0.2175473
-0.2562735,0.07808668,-0.2346594
0.2562752,0.1467196,-0.2175473
0.2562732,0.07808668,-0.2346594
-0.2562735,0.07808668,-0.2346594
-0.2562735,0.08917867,-0.2791469
0.2562732,0.07808668,-0.2346594
0.2562732,0.08917867,-0.2791469
0.2562732,0.07808668,-0.2346594
0.2562732,0.08917867,-0.2791469
0.2562732,2.532788E-05,-0.2517967
0.2562732,0.0001443893,-0.3017707
-0.2562735,0.07808668,-0.2346594
-0.2562735,2.532788E-05,-0.2517967
-0.2562735,0.08917867,-0.2791469
-0.2562735,0.0001443893,-0.3017707
0.33,1.033495,-0.04370251
0.2562752,0.9644591,-0.06185833
-0.33,1.033495,-0.04370251
-0.2562752,0.9644591,-0.06185833
0.2562752,0.1580331,-0.2629229
0.2562732,0.08917867,-0.2791469
-0.2562752,0.1580331,-0.2629229
-0.2562735,0.08917867,-0.2791469
0.33,1.729195,-0.1297229
0.33,1.718103,-0.1742104
-0.33,1.729195,-0.1297229
-0.33,1.718103,-0.1742104
-0.2562735,0.0006796104,0.2539913
-0.33,0.0006796104,0.2539913
-0.2562735,0.06941397,0.236854
-0.33,0.06941397,0.236854
-0.33,1.718103,-0.1742104
0.2562732,0.06941397,0.236854
0.33,0.06941397,0.236854
0.33,1.718103,-0.1742104
0.33,0.0006796104,0.2539913
0.2562732,0.0006796104,0.2539913
-0.2562735,0.0007986683,0.3017707
-0.33,0.0007986683,0.3017707
-0.2562735,0.0006796104,0.2539913
-0.33,0.0006796104,0.2539913
-0.33,0.0007986683,0.3017707
-0.33,0.08050596,0.2813415
-0.33,0.0006796104,0.2539913
-0.33,0.06941397,0.236854
-0.33,1.729195,-0.1297229
-0.33,1.718103,-0.1742104
0.33,0.0007986683,0.3017707
0.33,0.0006796104,0.2539913
0.33,0.08050596,0.2813415
0.33,0.06941397,0.236854
0.33,1.718103,-0.1742104
0.33,1.729195,-0.1297229
-0.33,1.729195,-0.1297229
-0.2562752,1.659938,-0.1124552
0.33,1.729195,-0.1297229
0.2562752,1.659938,-0.1124552
-0.33,0.0007986683,0.3017707
-0.2562735,0.0007986683,0.3017707
-0.2562735,0.08050596,0.2813415
-0.33,0.08050596,0.2813415
-0.2562752,0.1491389,0.2642294
-0.2562752,1.659938,-0.1124552
-0.33,1.729195,-0.1297229
0.2562752,0.1491389,0.2642294
0.2562752,0.1433977,0.2412028
-0.2562752,0.1491389,0.2642294
-0.2562752,0.1433977,0.2412028
-0.2562752,0.1491389,0.2642294
-0.2562752,0.1433977,0.2412028
-0.2562752,1.659938,-0.1124552
-0.2562752,1.654197,-0.1354818
-0.2562752,1.659938,-0.1124552
-0.2562752,1.654197,-0.1354818
0.2562752,1.659938,-0.1124552
0.2562752,1.654197,-0.1354818
0.2562752,1.659938,-0.1124552
0.2562752,1.654197,-0.1354818
0.2562752,0.1491389,0.2642294
0.2562752,0.1433977,0.2412028
0.2562732,0.0007986683,0.3017707
0.33,0.0007986683,0.3017707
0.2562732,0.08050596,0.2813415
0.33,0.08050596,0.2813415
0.2562752,0.1491389,0.2642294
0.2562752,1.659938,-0.1124552
0.33,1.729195,-0.1297229
0.33,0.0006796104,0.2539913
0.33,0.0007986683,0.3017707
0.2562732,0.0006796104,0.2539913
0.2562732,0.0007986683,0.3017707
-0.2562752,0.1491389,0.2642294
-0.2562735,0.08050596,0.2813415
0.2562752,0.1491389,0.2642294
0.2562732,0.08050596,0.2813415
-0.2562735,0.08050596,0.2813415
-0.2562735,0.06941397,0.236854
0.2562732,0.08050596,0.2813415
0.2562732,0.06941397,0.236854
0.2562732,0.0007986683,0.3017707
0.2562732,0.08050596,0.2813415
0.2562732,0.0006796104,0.2539913
0.2562732,0.06941397,0.236854
-0.2562735,0.0007986683,0.3017707
-0.2562735,0.0006796104,0.2539913
-0.2562735,0.08050596,0.2813415
-0.2562735,0.06941397,0.236854
184
0.8130112,0.0229014
0.8130112,0.4808164
0.9683626,0.0229014
0.9683626,0.4808164
0.6838832,0.4550787
0.6950183,0.4550787
0.6838832,0.2898839
0.6950183,0.2898839
0.6229334,0.2836995
0.6413867,0.2835243
0.6229329,0.2610611
0.6413867,0.2612384
0.6229336,0.2440044
0.6229336,0.04216
0.6413867,0.02488088
0.62293,0.2960292
0.6413834,0.2960338
0.6229334,0.2836995
0.6413867,0.2835243
0.7176473,0.0251595
0.7055032,0.02815657
0.7175438,0.04815233
0.7060683,0.04996118
0.7060683,0.2899366
0.7175441,0.2917455
0.7196243,0.02458974
0.7197275,0.04758242
0.7317681,0.02758675
0.7312033,0.04939148
0.7197275,0.2911759
0.7312036,0.2893669
0.6838832,0.2898839
0.6665485,0.3083369
0.6838832,0.4550787
0.6665485,0.4366258
0.7060683,0.03223174
0.6876147,0.03223174
0.6876147,0.05177015
0.7060683,0.04996118
0.6876149,0.06740378
0.6876156,0.2723379
0.7060683,0.2899366
0.6272622,0.3809901
0.6386193,0.3809901
0.6272622,0.2527012
0.6386198,0.2527012
0.6876149,0.06740378
0.6759098,0.06585914
0.6876156,0.2723379
0.6759107,0.2738828
0.6665485,0.3083369
0.6551912,0.3083369
0.6665485,0.4366258
0.6551912,0.4366258
0.7496562,0.2717681
0.7613614,0.273313
0.7496562,0.06683406
0.7613614,0.06528921
0.7496569,0.03166195
0.7312033,0.03166195
0.7496569,0.05120039
0.7312033,0.04939148
0.7496562,0.06683406
0.7496562,0.2717681
0.7312036,0.2893669
0.6433589,0.2838424
0.6433566,0.2963499
0.6618123,0.284021
0.6618099,0.2963533
0.6433589,0.2838424
0.6618123,0.284021
0.6618123,0.2613817
0.6433589,0.2615584
0.6618118,0.2443245
0.6618118,0.04248011
0.6433589,0.02520087
0.684167,0.2527013
0.6669887,0.2527017
0.684167,0.3809903
0.6669885,0.3809897
0.6669887,0.2527017
0.6558539,0.2527016
0.6669885,0.3809897
0.6558534,0.3809896
0.6732883,0.2611534
0.6618123,0.2613817
0.6739426,0.2811464
0.6618123,0.284021
0.6114569,0.2608328
0.6108031,0.2808258
0.6229329,0.2610611
0.6229334,0.2836995
0.6950183,0.4550787
0.7122972,0.4366258
0.6950183,0.2898839
0.7122974,0.3083369
0.6386193,0.3809901
0.6558534,0.3809896
0.6386198,0.2527012
0.6558539,0.2527016
0.7474356,0.4530547
0.7585707,0.4530547
0.7474353,0.28786
0.7585704,0.28786
0.6108611,0.05651964
0.5924077,0.0565218
0.6108611,0.07372475
0.5924075,0.07372472
0.5924075,0.4863833
0.7391488,0.07372477
0.7576025,0.07372475
0.7576025,0.4863833
0.7576025,0.05652221
0.7391489,0.05651944
0.6108582,0.04455976
0.5924051,0.04456408
0.6108611,0.05651964
0.5924077,0.0565218
0.6310595,0.0366264
0.6311945,0.06037933
0.6426705,0.03949058
0.6426705,0.05722111
0.6311945,0.4793544
0.6426705,0.4825127
0.6574765,0.0365243
0.6458656,0.03938854
0.6573416,0.06027728
0.6458656,0.05711901
0.6458656,0.4824106
0.6573416,0.4792523
0.7474353,0.28786
0.7301011,0.3063129
0.7474356,0.4530547
0.7301011,0.4346017
0.6311945,0.04358721
0.6127411,0.04358721
0.6127411,0.0635376
0.6311945,0.06037933
0.6127416,0.07782203
0.6127416,0.4617557
0.6311945,0.4793544
0.6452556,0.4490437
0.6510189,0.4490437
0.6452556,0.3207548
0.6510191,0.3207548
0.6127416,0.07782203
0.6068016,0.07492799
0.6127416,0.4617557
0.6068016,0.4646497
0.7301011,0.3063129
0.7243376,0.3063129
0.7301011,0.4346017
0.7243373,0.4346017
0.6757942,0.4616535
0.6817344,0.4645476
0.6757942,0.07771999
0.6817342,0.07482582
0.675795,0.04348522
0.6573416,0.04348522
0.675795,0.06343549
0.6573416,0.06027728
0.6757942,0.07771999
0.6757942,0.4616535
0.6573416,0.4792523
0.7576025,0.05652221
0.7576058,0.04456474
0.7391489,0.05651944
0.7391527,0.04455906
0.6452556,0.3207548
0.6281621,0.3207542
0.6452556,0.4490437
0.6281621,0.4490432
0.6281621,0.3207542
0.6168568,0.3207564
0.6281621,0.4490432
0.6168568,0.449043
0.628381,0.4696382
0.6281621,0.4490432
0.6167705,0.4667733
0.6168568,0.449043
0.6283748,0.3001583
0.616765,0.3030269
0.6281621,0.3207542
0.6168568,0.3207564
1
324
0
1
2
1
3
2
4
5
6
5
7
6
8
9
10
9
11
10
10
11
12
12
11
13
14
13
11
15
16
17
16
18
17
19
20
21
20
22
21
22
23
21
23
24
21
25
26
27
26
28
27
26
29
28
29
30
28
31
32
33
32
34
33
35
36
37
38
35
37
37
39
38
39
40
38
41
38
40
42
43
44
43
45
44
46
47
48
47
49
48
50
51
52
51
53
52
54
55
56
55
57
56
58
59
60
59
61
60
60
61
62
62
61
63
64
63
61
65
66
67
66
68
67
69
70
71
72
69
71
71
73
72
73
74
72
75
72
74
76
77
78
77
79
78
80
81
82
81
83
82
84
85
86
85
87
86
88
89
90
89
91
90
92
93
94
93
95
94
96
97
98
97
99
98
100
101
102
101
103
102
104
105
106
105
107
106
107
108
106
108
109
106
110
109
108
111
110
108
110
112
109
112
113
109
114
115
116
115
117
116
118
119
120
119
121
120
119
122
121
122
123
121
124
125
126
125
127
126
127
128
126
128
129
126
130
131
132
131
133
132
134
135
136
137
134
136
136
138
137
138
139
137
140
137
139
141
142
143
142
144
143
145
146
147
146
148
147
149
150
151
150
152
151
153
154
155
154
156
155
157
158
159
158
160
159
159
160
161
161
160
162
163
162
160
164
165
166
165
167
166
168
169
170
169
171
170
172
173
174
173
175
174
176
177
178
177
179
178
180
181
182
181
183
182
