MESH3
PFB_TV
132
-0.15,-1.354873E-05,0.05250333
-0.15,-1.354873E-05,-0.02754458
0.15,-1.354873E-05,0.05250333
-0.15,-1.354873E-05,-0.02754458
0.15,-1.354873E-05,-0.02754458
0.15,-1.354873E-05,0.05250333
-0.15,0.006211898,0.05250333
0.15,0.006211898,0.05250333
-0.15,0.006211898,-0.02754458
0.15,0.006211898,0.05250333
0.15,0.006211898,-0.02754458
-0.15,0.006211898,-0.02754458
0.15,0.01658343,-0.04632998
0.15,0.1481425,-0.04618975
-0.15,0.01658343,-0.04632998
0.15,0.1481425,-0.04618975
-0.15,0.1481425,-0.04618975
-0.15,0.01658343,-0.04632998
-0.15,0.01658999,-0.05250333
-0.15,0.1481491,-0.05236309
0.15,0.01658999,-0.05250333
-0.15,0.1481491,-0.05236309
0.15,0.1481491,-0.05236309
0.15,0.01658999,-0.05250333
0.6299229,0.08428016,-0.02408644
0.6299229,0.7626588,-0.02408644
-0.6299229,0.08428016,-0.02408644
-0.6299229,0.7626588,-0.02408644
0.65,0.7734694,-0.01653918
0.65,0.7734694,-0.04653918
-0.65,0.7734694,-0.01653918
-0.65,0.7734694,-0.04653918
0.65,0.7734694,-0.04653918
0.65,0.07346939,-0.04653918
-0.65,0.7734694,-0.04653918
-0.65,0.07346939,-0.04653918
0.65,0.07346939,-0.04653918
0.65,0.07346939,-0.01653918
-0.65,0.07346939,-0.04653918
-0.65,0.07346939,-0.01653918
-0.65,0.07346939,-0.01653918
-0.65,0.7734694,-0.01653918
-0.65,0.07346939,-0.04653918
-0.65,0.7734694,-0.04653918
0.65,0.07346939,-0.04653918
0.65,0.7734694,-0.04653918
0.65,0.07346939,-0.01653918
0.65,0.7734694,-0.01653918
0.65,0.07346939,-0.01653918
0.6299229,0.08428016,-0.01653918
-0.65,0.07346939,-0.01653918
-0.6299229,0.08428016,-0.01653918
-0.65,0.07346939,-0.01653918
-0.6299229,0.08428016,-0.01653918
-0.65,0.7734694,-0.01653918
-0.6299229,0.7626588,-0.01653918
-0.65,0.7734694,-0.01653918
-0.6299229,0.7626588,-0.01653918
0.65,0.7734694,-0.01653918
0.6299229,0.7626588,-0.01653918
0.65,0.7734694,-0.01653918
0.6299229,0.7626588,-0.01653918
0.65,0.07346939,-0.01653918
0.6299229,0.08428016,-0.01653918
0.6299229,0.08428016,-0.01653918
0.6299229,0.08428016,-0.02408644
-0.6299229,0.08428016,-0.01653918
-0.6299229,0.08428016,-0.02408644
-0.6299229,0.08428016,-0.01653918
-0.6299229,0.08428016,-0.02408644
-0.6299229,0.7626588,-0.01653918
-0.6299229,0.7626588,-0.02408644
-0.6299229,0.7626588,-0.01653918
-0.6299229,0.7626588,-0.02408644
0.6299229,0.7626588,-0.01653918
0.6299229,0.7626588,-0.02408644
0.6299229,0.7626588,-0.01653918
0.6299229,0.7626588,-0.02408644
0.6299229,0.08428016,-0.01653918
0.6299229,0.08428016,-0.02408644
0.15,-1.354873E-05,0.05250333
0.15,0.006211898,0.05250333
-0.15,-1.354873E-05,0.05250333
-0.15,0.006211898,0.05250333
0.15,0.1481425,-0.04618975
0.15,0.1481491,-0.05236309
-0.15,0.1481425,-0.04618975
-0.15,0.1481491,-0.05236309
0.15,-1.354873E-05,0.05250333
0.15,-1.354873E-05,-0.02754458
0.15,0.006211898,0.05250333
0.15,0.006211898,-0.02754458
0.15,0.007550879,-0.0374384
0.15,0.001241372,-0.03899782
0.15,0.005379266,-0.04858284
0.15,0.01086678,-0.04510664
-0.15,-1.354873E-05,0.05250333
-0.15,0.006211898,0.05250333
-0.15,-1.354873E-05,-0.02754458
-0.15,0.006211898,-0.02754458
-0.15,0.007550879,-0.0374384
-0.15,0.001241372,-0.03899782
-0.15,0.005379266,-0.04858284
-0.15,0.01086678,-0.04510664
-0.15,-1.354873E-05,-0.02754458
-0.15,0.001241372,-0.03899782
0.15,-1.354873E-05,-0.02754458
0.15,0.001241372,-0.03899782
-0.15,0.005379266,-0.04858284
0.15,0.005379266,-0.04858284
-0.15,0.01658999,-0.05250333
0.15,0.01658999,-0.05250333
-0.15,0.006211898,-0.02754458
0.15,0.006211898,-0.02754458
-0.15,0.007550879,-0.0374384
0.15,0.007550879,-0.0374384
0.15,0.01086678,-0.04510664
-0.15,0.01086678,-0.04510664
-0.15,0.01658343,-0.04632998
0.15,0.01658343,-0.04632998
0.15,0.005379266,-0.04858284
0.15,0.01658999,-0.05250333
0.15,0.01086678,-0.04510664
0.15,0.01658343,-0.04632998
0.15,0.1481491,-0.05236309
0.15,0.1481425,-0.04618975
-0.15,0.005379266,-0.04858284
-0.15,0.01086678,-0.04510664
-0.15,0.01658999,-0.05250333
-0.15,0.01658343,-0.04632998
-0.15,0.1481425,-0.04618975
-0.15,0.1481491,-0.05236309
132
0.4032097,0.01877418
0.3694607,0.01877418
0.4032097,0.1452571
0.3682537,0.02360189
0.3682537,0.1500848
0.4020027,0.1500848
0.3732472,0.01032564
0.3732472,0.1368085
0.4069962,0.01032564
0.3660056,0.1452571
0.3997546,0.1452571
0.3997546,0.01877418
0.3600848,0.1524986
0.4155513,0.1524986
0.3600849,0.02601576
0.4153381,0.1371285
0.4153382,0.01064557
0.3598717,0.01064557
0.4150039,0.03084347
0.3595373,0.03084359
0.4150039,0.1573264
0.3607442,0.006704956
0.3607442,0.1331877
0.4162108,0.1331877
0.07735229,0.519141
0.3471446,0.519141
0.07735229,0.01809829
0.3471446,0.01809829
0.02363992,0.6664478
0.05290329,0.6664479
0.02363992,0.004789598
0.05290341,0.00478933
0.6516107,0.5043016
0.6516104,0.3447715
0.3553403,0.5043015
0.3553402,0.3447714
0.01957566,0.6675093
0.04883915,0.6675094
0.01957542,0.005850721
0.04883915,0.005850542
0.0252358,0.3942867
0.02523625,0.06599784
0.0123654,0.3802922
0.01236632,0.07999241
0.06385607,0.6305131
0.06385639,0.3302135
0.05098647,0.6445077
0.05098614,0.3162188
0.04883915,0.6675094
0.05390912,0.6321036
0.04883915,0.005850542
0.05390948,0.04125645
0.0252358,0.3942867
0.06064171,0.3892164
0.02523625,0.06599784
0.06064153,0.07106781
0.02363992,0.004789598
0.01856995,0.04019488
0.02363992,0.6664478
0.01856995,0.6310422
0.05098614,0.3162188
0.01558062,0.3212888
0.05098647,0.6445077
0.01558065,0.6394377
0.05390912,0.6321036
0.05714685,0.6069167
0.05390948,0.04125645
0.05714732,0.06644343
0.06064171,0.3892164
0.03869265,0.3756544
0.06064153,0.07106781
0.03869224,0.08463025
0.01856995,0.04019488
0.01533222,0.06538186
0.01856995,0.6310422
0.01533222,0.6058552
0.01558062,0.3212888
0.03752978,0.3348512
0.01558065,0.6394377
0.03752977,0.6258753
0.3863126,0.1706026
0.3889373,0.1706026
0.3863126,0.04411975
0.3889373,0.04411975
0.3708948,0.1573264
0.3734977,0.1573264
0.370895,0.0308435
0.3734977,0.0308435
0.3820357,0.1015685
0.3820714,0.06781957
0.3794109,0.1015656
0.3794468,0.06781685
0.3788867,0.06364492
0.3815475,0.06299022
0.3798078,0.05839464
0.3774921,0.06041041
0.4086128,0.06256697
0.405988,0.06256974
0.408649,0.09631592
0.4060243,0.09631872
0.4054642,0.1004906
0.408125,0.1011453
0.4063859,0.1062936
0.4040696,0.1037251
0.3911855,0.01877418
0.3863567,0.01877418
0.3911855,0.1452571
0.3863567,0.1452571
0.382315,0.0182215
0.3823144,0.1463623
0.377589,0.01877415
0.377589,0.1452571
0.3997546,0.03446427
0.3997546,0.1609472
0.4039259,0.03446427
0.4039259,0.1609472
0.4071589,0.1609472
0.407159,0.03446427
0.4095692,0.03446427
0.4095691,0.1609472
0.3825938,0.0646399
0.3811222,0.07093188
0.385278,0.06772336
0.3845877,0.07093191
0.3811222,0.1447885
0.384588,0.1447885
0.387645,0.04528138
0.3850764,0.04759771
0.3881977,0.05000731
0.3855948,0.05000731
0.3855951,0.1054739
0.3881978,0.1054739
1
216
0
1
2
3
4
5
6
7
8
9
10
11
12
13
14
15
16
17
18
19
20
21
22
23
24
25
26
25
27
26
28
29
30
29
31
30
32
33
34
33
35
34
36
37
38
37
39
38
40
41
42
41
43
42
44
45
46
45
47
46
48
49
50
49
51
50
52
53
54
53
55
54
56
57
58
57
59
58
60
61
62
61
63
62
64
65
66
65
67
66
68
69
70
69
71
70
72
73
74
73
75
74
76
77
78
77
79
78
80
81
82
81
83
82
84
85
86
85
87
86
88
89
90
89
91
90
91
89
92
89
93
92
93
94
92
94
95
92
96
97
98
97
99
98
98
99
100
101
98
100
101
100
102
100
103
102
104
105
106
105
107
106
105
108
107
108
109
107
108
110
109
110
111
109
112
113
114
113
115
114
115
116
114
116
117
114
117
116
118
116
119
118
120
121
122
121
123
122
121
124
123
124
125
123
126
127
128
127
129
128
129
130
128
130
131
128
