MESH3
PFB_DiningChair (3)
170
0.2375341,0.002414093,0.2804897
0.2375341,0.5266854,0.2804897
0.176318,0.002414093,0.2804897
0.176318,0.5266854,0.2804897
-0.176318,0.002414093,0.2804897
-0.176318,0.5266854,0.2804897
-0.2375341,0.002414093,0.2804897
-0.2375341,0.5266854,0.2804897
0.1825267,1.209377,-0.2804897
0.1584722,1.223323,-0.2804897
0.1825267,1.209377,-0.2376676
0.1584722,1.223323,-0.2376675
0.1584722,1.223323,-0.2804897
0.1825267,1.209377,-0.2804897
0.1989177,1.182197,-0.2804897
-0.1989204,1.185718,-0.2804897
-0.1609797,1.223295,-0.2804897
-0.1825257,1.20956,-0.2804897
0.1515378,0.5795984,-0.219582
0.2375341,0.5795984,-0.219582
-0.1515378,0.5795984,-0.219582
-0.2375341,0.5795984,-0.219582
0.176318,0.5390755,-0.219582
0.2375341,0.5390755,-0.219582
-0.176318,0.5390755,-0.219582
-0.2375341,0.5390755,-0.219582
0.2375341,0.5390755,-0.219582
0.2375341,0.002414093,-0.2642638
0.176318,0.5390755,-0.219582
0.176318,0.002414093,-0.2642638
-0.176318,0.5390755,-0.219582
-0.176318,0.002414093,-0.2642638
-0.2375341,0.5390755,-0.219582
-0.2375341,0.002414093,-0.2642638
0.2375341,0.002414093,-0.2642638
0.2375341,0.002414093,-0.2172974
0.176318,0.002414093,-0.2642638
0.176318,0.002414093,-0.2172974
-0.176318,0.002414093,-0.2642638
-0.176318,0.002414093,-0.2172974
-0.2375341,0.002414093,-0.2642638
-0.2375341,0.002414093,-0.2172974
0.2375341,0.002414093,0.2335233
0.2375341,0.002414093,0.2804897
0.176318,0.002414093,0.2335233
0.176318,0.002414093,0.2804897
-0.176318,0.002414093,0.2335233
-0.176318,0.002414093,0.2804897
-0.2375341,0.002414093,0.2335233
-0.2375341,0.002414093,0.2804897
-0.2375341,0.002414093,-0.2642638
-0.2375341,0.002414093,-0.2172974
-0.2375341,0.5390755,-0.219582
-0.2375341,0.5390754,-0.1640099
-0.2375341,0.002414093,0.2804897
-0.2375341,0.5266854,0.2804897
-0.2375341,0.002414093,0.2335233
-0.2375341,0.5266854,0.2335233
-0.2375341,0.5709211,-0.1767598
-0.1989204,1.185718,-0.2376675
-0.2375341,0.5795984,-0.219582
-0.1989204,1.185718,-0.2804897
-0.1825257,1.20956,-0.2376675
-0.1825257,1.20956,-0.2804897
0.2375341,0.002414093,-0.2642638
0.2375341,0.5390755,-0.219582
0.2375341,0.002414093,-0.2172974
0.2375341,0.5390754,-0.1640099
0.2375341,0.002414093,0.2335233
0.2375341,0.5266854,0.2335233
0.2375341,0.002414093,0.2804897
0.2375341,0.5266854,0.2804897
0.2375341,0.5709211,-0.1767598
0.2375341,0.5795984,-0.219582
0.1989177,1.182197,-0.2376676
0.1989177,1.182197,-0.2804897
0.1825267,1.209377,-0.2376676
0.1825267,1.209377,-0.2804897
0.1515378,0.5627612,0.2688603
0.2125919,0.5568372,0.2647086
0.2181746,0.5627612,0.1971207
-0.1515378,0.5627612,0.2688603
-0.2181746,0.5627612,0.1971207
-0.2125919,0.5568372,0.2647086
0.2375341,0.5709211,-0.1767598
-0.2375341,0.5709211,-0.1767598
-0.1609797,1.223295,-0.2376675
-0.1825257,1.20956,-0.2376675
-0.1989204,1.185718,-0.2376675
0.1584722,1.223323,-0.2376675
0.1989177,1.182197,-0.2376676
0.1825267,1.209377,-0.2376676
-0.2375341,0.5709211,-0.1767598
0.2375341,0.5709211,-0.1767598
0.2375341,0.5266854,0.2804897
0.2125919,0.5568372,0.2647086
0.176318,0.5266854,0.2804897
0.1515378,0.5627612,0.2688603
-0.176318,0.5266854,0.2804897
-0.1515378,0.5627612,0.2688603
-0.2125919,0.5568372,0.2647086
-0.2375341,0.5266854,0.2804897
0.2375341,0.5266854,0.2804897
0.2375341,0.5266854,0.2335233
0.2125919,0.5568372,0.2647086
0.2181746,0.5627612,0.1971207
0.2375341,0.5390754,-0.1640099
0.2375341,0.5709211,-0.1767598
0.2375341,0.5390755,-0.219582
0.2375341,0.5795984,-0.219582
-0.2375341,0.5709211,-0.1767598
-0.2375341,0.5795984,-0.219582
-0.2375341,0.5390755,-0.219582
-0.2375341,0.5390754,-0.1640099
-0.2181746,0.5627612,0.1971207
-0.2375341,0.5266854,0.2335233
-0.2125919,0.5568372,0.2647086
-0.2375341,0.5266854,0.2804897
0.2375341,0.002414093,-0.2172974
0.2375341,0.5390754,-0.1640099
0.176318,0.002414093,-0.2172974
0.176318,0.53907,-0.1640099
-0.176318,0.002414093,-0.2172974
-0.176318,0.53907,-0.1640099
-0.2375341,0.002414093,-0.2172974
-0.2375341,0.5390754,-0.1640099
0.2375341,0.002414093,0.2335233
0.176318,0.002414093,0.2335233
0.2375341,0.5266854,0.2335233
0.176318,0.53907,0.2335233
-0.2375341,0.002414093,0.2335233
-0.2375341,0.5266854,0.2335233
-0.176318,0.002414093,0.2335233
-0.176318,0.53907,0.2335233
0.176318,0.002414093,-0.2642638
0.176318,0.002414093,-0.2172974
0.176318,0.5390755,-0.219582
0.176318,0.53907,-0.1640099
-0.176318,0.002414093,-0.2642638
-0.176318,0.5390755,-0.219582
-0.176318,0.002414093,-0.2172974
-0.176318,0.53907,-0.1640099
0.176318,0.002414093,0.2804897
0.176318,0.5266854,0.2804897
0.176318,0.002414093,0.2335233
0.176318,0.53907,0.2335233
-0.176318,0.002414093,0.2804897
-0.176318,0.002414093,0.2335233
-0.176318,0.5266854,0.2804897
-0.176318,0.53907,0.2335233
0.176318,0.5266854,0.2804897
-0.176318,0.5266854,0.2804897
0.176318,0.53907,0.2335233
-0.176318,0.53907,0.2335233
-0.176318,0.53907,-0.1640099
-0.2375341,0.5266854,0.2335233
-0.2375341,0.5390754,-0.1640099
0.176318,0.53907,-0.1640099
-0.176318,0.5390755,-0.219582
0.176318,0.5390755,-0.219582
0.2375341,0.5390754,-0.1640099
0.2375341,0.5266854,0.2335233
0.1584722,1.223323,-0.2804897
-0.1609797,1.223295,-0.2804897
0.1584722,1.223323,-0.2376675
-0.1609797,1.223295,-0.2376675
-0.1609797,1.223295,-0.2804897
-0.1825257,1.20956,-0.2804897
-0.1609797,1.223295,-0.2376675
-0.1825257,1.20956,-0.2376675
170
0.5889995,0.04250124
0.5889995,0.3510924
0.6235939,0.04250124
0.6235939,0.3510924
0.9262722,0.04969251
0.9262722,0.3582836
0.9608665,0.04969251
0.9608665,0.3582836
0.5209099,0.2947184
0.5276237,0.2994413
0.5348336,0.2749255
0.5415474,0.2796485
0.1022071,0.119862
0.09872325,0.1329244
0.102496,0.148204
0.2390961,0.01411838
0.2128858,0.01322533
0.2251262,0.01098863
0.3284448,0.3498244
0.2986529,0.3785336
0.4334404,0.2486449
0.4632324,0.2199358
0.3339506,0.372719
0.3127434,0.3931555
0.4561156,0.2549942
0.4773228,0.2345577
0.6664121,0.06137463
0.6664121,0.3772585
0.7010065,0.06137463
0.7010065,0.3772585
0.8159235,0.05829412
0.8159235,0.3741781
0.8505179,0.05829412
0.8505179,0.3741781
0.7302701,0.1510197
0.7568119,0.1510197
0.7302701,0.1149874
0.7568119,0.1149874
0.7784812,0.2020507
0.805023,0.2020507
0.7784812,0.1660182
0.805023,0.1660182
0.7313721,0.2022993
0.7579138,0.2022993
0.7313721,0.1662671
0.7579138,0.1662671
0.7734458,0.1513824
0.7999871,0.1513824
0.7734458,0.1153503
0.7999871,0.1153503
0.6955767,0.04027227
0.6690353,0.04027227
0.6703263,0.3561561
0.6389214,0.3561561
0.5667905,0.05212674
0.5667905,0.3607176
0.5933322,0.05212674
0.5933322,0.3607176
0.1656846,0.1444584
0.4814653,0.3245164
0.1837857,0.1276045
0.4953889,0.3047237
0.4929433,0.3325908
0.5068669,0.3127981
0.7089146,0.04410341
0.7341653,0.3599874
0.7354563,0.04410341
0.76557,0.3599873
0.7190076,0.05589756
0.7190076,0.3644886
0.7455494,0.05589756
0.7455494,0.3644886
0.247271,0.03055069
0.2375247,0.05328219
0.5217482,0.2657203
0.5078245,0.2855132
0.5348336,0.2749255
0.5209099,0.2947184
0.3812943,0.2512274
0.4060421,0.225064
0.3824714,0.1948299
0.2505236,0.3725662
0.194196,0.369526
0.2225842,0.3952899
0.247112,0.03219561
0.04213012,0.2223931
0.4475064,0.2764811
0.4500836,0.2641091
0.4472552,0.2498472
0.3364712,0.386187
0.3077024,0.3851852
0.3231217,0.3893977
0.2407888,0.01399358
0.07564914,0.1771266
0.1961035,0.343853
0.2187292,0.3425358
0.2160076,0.3155586
0.2414326,0.3163226
0.3306671,0.1525669
0.3399777,0.1762379
0.3569773,0.1460122
0.3505715,0.1242722
0.3280092,0.07977648
0.3127379,0.101485
0.3373936,0.09728225
0.3182694,0.1305282
0.1894453,0.2894244
0.2006307,0.3061028
0.1713761,0.3151105
0.1908846,0.3288341
0.2960145,0.09232726
0.3141157,0.07547314
0.2946071,0.06174946
0.276538,0.08743529
0.1705193,0.262375
0.1413151,0.2669831
0.1456912,0.2916085
0.1260441,0.2886913
0.6175733,0.05023786
0.6175733,0.3661216
0.6521679,0.05023786
0.6521679,0.3661184
0.7952632,0.04231384
0.7952632,0.3581944
0.8298575,0.04231384
0.8298575,0.3581977
0.7206758,0.3765768
0.7552704,0.3765768
0.7206758,0.06798595
0.7552704,0.0606963
0.7948126,0.3765797
0.7948126,0.06798881
0.7602183,0.3765797
0.7602183,0.06069916
0.8914611,0.04231384
0.8649195,0.04231384
0.8662105,0.3581977
0.8348057,0.3581944
0.8960963,0.04231384
0.9213468,0.3581977
0.922638,0.04231384
0.9527517,0.3581944
0.757505,0.05289838
0.757505,0.3614891
0.7840467,0.05289838
0.7840467,0.3687789
0.9112302,0.04676497
0.8846885,0.04676497
0.9112302,0.355356
0.8846885,0.3626456
0.3302104,0.3794732
0.488656,0.2586089
0.3134438,0.3574931
0.4718894,0.2366288
0.3299735,0.05058604
0.4993945,0.2156475
0.3574787,0.02960473
0.1715279,0.1714503
0.3101347,0.02457857
0.1516891,0.1454429
0.1440226,0.1924318
0.2859384,0.3784746
0.3668571,0.1853456
0.2130657,0.07715832
0.3529334,0.2051384
0.199142,0.09695119
0.5134795,0.3174499
0.5068669,0.3127981
0.499556,0.3372425
0.4929433,0.3325908
1
324
0
1
2
1
3
2
4
5
6
5
7
6
8
9
10
9
11
10
12
13
14
14
15
12
15
16
12
15
17
16
14
18
15
19
18
14
18
20
15
21
15
20
18
19
22
18
22
20
19
23
22
22
24
20
20
24
21
24
25
21
26
27
28
27
29
28
30
31
32
31
33
32
34
35
36
35
37
36
38
39
40
39
41
40
42
43
44
43
45
44
46
47
48
47
49
48
50
51
52
51
53
52
54
55
56
55
57
56
58
59
60
59
61
60
59
62
61
62
63
61
64
65
66
65
67
66
68
69
70
69
71
70
72
73
74
73
75
74
74
75
76
75
77
76
78
79
80
81
78
80
82
81
80
82
83
81
82
80
84
85
82
84
86
87
88
86
88
89
88
90
89
90
91
89
88
92
90
92
93
90
94
95
96
95
97
96
96
97
98
97
99
98
98
99
100
101
98
100
102
103
104
103
105
104
103
106
105
106
107
105
106
108
107
108
109
107
110
111
112
113
110
112
114
110
113
115
114
113
116
114
115
117
116
115
118
119
120
119
121
120
122
123
124
123
125
124
126
127
128
127
129
128
130
131
132
131
133
132
134
135
136
135
137
136
138
139
140
139
141
140
142
143
144
143
145
144
146
147
148
147
149
148
150
151
152
151
153
152
153
154
152
153
155
154
155
156
154
154
157
152
154
158
157
158
159
157
157
160
152
160
161
152
162
163
164
163
165
164
166
167
168
167
169
168
