MESH3
Pick Up_11 BL Tire
467
-0.08173738,0.04948942,0.02857271
-0.08173739,0.05714541,1.300981E-07
-0.08173738,0.04948941,-0.0285725
0.17488,-0.3499643,0.202052
0.17488,-0.4041039,-2.832256E-09
0.17488,-0.3499643,-0.202052
0.17488,-0.202052,0.3499642
0.17488,-0.202052,-0.3499642
0.1748801,-8.769194E-08,0.4041039
0.1748801,-8.769194E-08,-0.4041039
0.1748801,0.2020518,0.3499642
0.1748801,0.2020518,-0.3499642
0.1748801,0.3499642,0.202052
0.1748801,0.3499642,-0.202052
0.1748801,0.4041038,-2.832256E-09
-0.08173741,-0.04948919,-0.02857256
-0.08173741,-0.05714525,1.336603E-07
-0.08173741,-0.04948919,0.02857286
-0.08173743,-0.02857259,0.04948947
-0.08173743,-0.02857258,-0.04948916
-0.08173743,3.026805E-09,0.05714545
-0.08173743,8.802508E-08,-0.05714519
-0.08173744,0.02857274,0.04948938
-0.08173744,0.02857275,-0.04948917
-0.08173738,0.04948942,0.02857271
-0.08173738,0.04948941,-0.0285725
-0.1012662,-0.1341574,-2.832256E-09
-0.1012662,-0.2358106,0.1361454
-0.1012662,-0.1161837,0.06707878
-0.1012662,-0.2722907,-2.832256E-09
-0.1012662,-0.1161836,-0.06707873
-0.1012662,-0.2358106,-0.1361454
-0.1012662,-0.0670787,-0.1161837
-0.1012662,-0.1361453,-0.2358106
-0.1012662,-2.674999E-08,-0.1341573
-0.1012662,-3.740477E-08,-0.2722906
-0.1012662,0.06707866,-0.1161837
-0.1012662,0.1361453,-0.2358106
-0.1012661,0.1161837,-0.06707861
-0.1012661,0.2358107,-0.1361452
-0.1012661,0.1341573,-2.832256E-09
-0.1012661,0.2722906,-2.832256E-09
-0.1012661,0.1161837,0.06707856
-0.1012661,0.2358107,0.1361452
-0.1012662,0.06707866,0.1161836
-0.1012662,0.1361453,0.2358105
-0.1012662,-9.366552E-08,0.1341573
-0.1012662,1.288233E-08,0.2722906
-0.1012662,-0.06707871,0.1161837
-0.1012662,-0.1361453,0.2358107
-0.1012662,-0.1161837,0.06707878
-0.1012662,-0.2358106,0.1361454
-0.08474485,0.2205377,-0.02739004
-0.08474485,0.1937785,-0.007948397
-0.1177934,0.1937786,-0.007948397
-0.1177934,0.2205377,-0.02739004
-0.08474485,0.1937785,-0.007948397
-0.08474485,0.2039996,0.02350884
-0.1177934,0.2039996,0.02350884
-0.1177934,0.1937786,-0.007948397
-0.08474485,0.2039996,0.02350884
-0.08474485,0.2370757,0.02350884
-0.1177934,0.2370757,0.02350884
-0.1177934,0.2039996,0.02350884
-0.1177934,0.2205377,-0.02739004
-0.1177934,0.1937786,-0.007948397
-0.1177934,0.2039996,0.02350884
-0.1177934,0.2370757,0.02350884
-0.1177934,0.2472968,-0.007948397
-0.08474485,0.2370757,0.02350884
-0.08474485,0.2472968,-0.007948397
-0.1177934,0.2472968,-0.007948397
-0.1177934,0.2370757,0.02350884
-0.08474485,0.2472968,-0.007948397
-0.08474485,0.2205377,-0.02739004
-0.1177934,0.2205377,-0.02739004
-0.1177934,0.2472968,-0.007948397
-0.08474485,0.2039996,0.02350884
-0.08474485,0.1937785,-0.007948397
-0.08474485,0.2205377,-0.02739004
-0.08474485,0.2370757,0.02350884
-0.08474485,0.2472968,-0.007948397
-0.08474485,0.02739083,0.2205378
-0.08474485,0.007949203,0.1937786
-0.1177934,0.007949195,0.1937787
-0.1177934,0.02739083,0.2205378
-0.08474485,0.007949203,0.1937786
-0.08474485,-0.02350803,0.2039997
-0.1177934,-0.02350803,0.2039997
-0.1177934,0.007949195,0.1937787
-0.08474485,-0.02350803,0.2039997
-0.08474485,-0.02350803,0.2370758
-0.1177934,-0.02350803,0.2370758
-0.1177934,-0.02350803,0.2039997
-0.1177934,0.007949195,0.1937787
-0.1177934,-0.02350803,0.2039997
-0.1177934,-0.02350803,0.2370758
-0.1177934,0.007949212,0.2472969
-0.1177934,0.02739083,0.2205378
-0.08474485,-0.02350803,0.2370758
-0.08474485,0.007949195,0.2472969
-0.1177934,0.007949212,0.2472969
-0.1177934,-0.02350803,0.2370758
-0.08474485,0.007949195,0.2472969
-0.08474485,0.02739083,0.2205378
-0.1177934,0.02739083,0.2205378
-0.1177934,0.007949212,0.2472969
-0.08474485,-0.02350803,0.2370758
-0.08474485,-0.02350803,0.2039997
-0.08474485,0.007949203,0.1937786
-0.08474485,0.007949195,0.2472969
-0.08474485,0.02739083,0.2205378
-0.08474485,-0.1842602,0.1510151
-0.08474485,-0.169244,0.1804861
-0.1177934,-0.169244,0.1804861
-0.1177934,-0.1842602,0.1510151
-0.08474485,-0.1608718,0.1276267
-0.08474485,-0.1842602,0.1510151
-0.1177934,-0.1842602,0.1510151
-0.1177934,-0.1608718,0.1276267
-0.08474485,-0.1314008,0.142643
-0.08474485,-0.1608718,0.1276267
-0.1177934,-0.1608718,0.1276267
-0.1177934,-0.1314009,0.142643
-0.1177934,-0.1608718,0.1276267
-0.1177934,-0.1842602,0.1510151
-0.1177934,-0.169244,0.1804861
-0.1177934,-0.1365751,0.1753119
-0.1177934,-0.1314009,0.142643
-0.08474485,-0.169244,0.1804861
-0.08474485,-0.1365751,0.1753119
-0.1177934,-0.1365751,0.1753119
-0.1177934,-0.169244,0.1804861
-0.08474485,-0.1365751,0.1753119
-0.08474485,-0.1314008,0.142643
-0.1177934,-0.1314009,0.142643
-0.1177934,-0.1365751,0.1753119
-0.08474485,-0.169244,0.1804861
-0.08474485,-0.1842602,0.1510151
-0.08474485,-0.1608718,0.1276267
-0.08474485,-0.1365751,0.1753119
-0.08474485,-0.1314008,0.142643
-0.08474485,-0.2472961,0.007949293
-0.08474485,-0.220537,0.02739093
-0.1177934,-0.220537,0.02739093
-0.1177934,-0.2472961,0.007949308
-0.08474485,-0.1937778,0.007949308
-0.08474485,-0.2039989,-0.02350795
-0.1177934,-0.2039989,-0.02350795
-0.1177934,-0.1937779,0.007949293
-0.08474485,-0.2039989,-0.02350795
-0.08474485,-0.237075,-0.02350793
-0.1177934,-0.237075,-0.02350793
-0.1177934,-0.2039989,-0.02350795
-0.1177934,-0.237075,-0.02350793
-0.1177934,-0.2472961,0.007949308
-0.1177934,-0.220537,0.02739093
-0.1177934,-0.2039989,-0.02350795
-0.1177934,-0.1937779,0.007949293
-0.08474485,-0.220537,0.02739093
-0.08474485,-0.1937778,0.007949308
-0.1177934,-0.1937779,0.007949293
-0.1177934,-0.220537,0.02739093
-0.08474485,-0.237075,-0.02350793
-0.08474485,-0.2472961,0.007949293
-0.1177934,-0.2472961,0.007949308
-0.1177934,-0.237075,-0.02350793
-0.08474485,-0.220537,0.02739093
-0.08474485,-0.2472961,0.007949293
-0.08474485,-0.237075,-0.02350793
-0.08474485,-0.2039989,-0.02350795
-0.08474485,-0.1937778,0.007949308
-0.08474485,-0.1753111,-0.136575
-0.08474485,-0.1426422,-0.1314007
-0.1177934,-0.1426422,-0.1314008
-0.1177934,-0.1753111,-0.136575
-0.08474485,-0.127626,-0.1608718
-0.08474485,-0.1510143,-0.1842601
-0.1177934,-0.1510143,-0.1842601
-0.1177934,-0.127626,-0.1608718
-0.08474485,-0.1426422,-0.1314007
-0.08474485,-0.127626,-0.1608718
-0.1177934,-0.127626,-0.1608718
-0.1177934,-0.1426422,-0.1314008
-0.1177934,-0.1510143,-0.1842601
-0.1177934,-0.1804854,-0.1692439
-0.1177934,-0.1753111,-0.136575
-0.1177934,-0.1426422,-0.1314008
-0.1177934,-0.127626,-0.1608718
-0.08474485,-0.1510143,-0.1842601
-0.08474485,-0.1804853,-0.1692439
-0.1177934,-0.1804854,-0.1692439
-0.1177934,-0.1510143,-0.1842601
-0.08474485,-0.1804853,-0.1692439
-0.08474485,-0.1753111,-0.136575
-0.1177934,-0.1753111,-0.136575
-0.1177934,-0.1804854,-0.1692439
-0.08474485,-0.1753111,-0.136575
-0.08474485,-0.1804853,-0.1692439
-0.08474485,-0.1510143,-0.1842601
-0.08474485,-0.1426422,-0.1314007
-0.08474485,-0.127626,-0.1608718
-0.08474485,0.02350875,-0.2370749
-0.08474485,-0.007948493,-0.247296
-0.1177934,-0.007948509,-0.247296
-0.1177934,0.02350875,-0.2370749
-0.08474485,-0.007948501,-0.1937778
-0.08474485,0.02350874,-0.2039988
-0.1177934,0.02350874,-0.2039988
-0.1177934,-0.007948493,-0.1937778
-0.08474485,0.02350874,-0.2039988
-0.08474485,0.02350875,-0.2370749
-0.1177934,0.02350875,-0.2370749
-0.1177934,0.02350874,-0.2039988
-0.1177934,-0.007948509,-0.247296
-0.1177934,-0.02739012,-0.2205369
-0.1177934,-0.007948493,-0.1937778
-0.1177934,0.02350875,-0.2370749
-0.1177934,0.02350874,-0.2039988
-0.08474485,-0.007948493,-0.247296
-0.08474485,-0.02739012,-0.2205369
-0.1177934,-0.02739012,-0.2205369
-0.1177934,-0.007948509,-0.247296
-0.08474485,-0.02739012,-0.2205369
-0.08474485,-0.007948501,-0.1937778
-0.1177934,-0.007948493,-0.1937778
-0.1177934,-0.02739012,-0.2205369
-0.08474485,-0.007948501,-0.1937778
-0.08474485,-0.02739012,-0.2205369
-0.08474485,-0.007948493,-0.247296
-0.08474485,0.02350874,-0.2039988
-0.08474485,0.02350875,-0.2370749
-0.08474485,0.1692446,-0.1804852
-0.08474485,0.1365758,-0.175311
-0.1177934,0.1365758,-0.175311
-0.1177934,0.1692447,-0.1804852
-0.08474485,0.1608726,-0.1276259
-0.08474485,0.1842609,-0.1510142
-0.1177934,0.1842609,-0.1510142
-0.1177934,0.1608726,-0.1276259
-0.08474485,0.1314016,-0.1426421
-0.08474485,0.1608726,-0.1276259
-0.1177934,0.1608726,-0.1276259
-0.1177934,0.1314016,-0.1426421
-0.1177934,0.1365758,-0.175311
-0.1177934,0.1314016,-0.1426421
-0.1177934,0.1608726,-0.1276259
-0.1177934,0.1692447,-0.1804852
-0.1177934,0.1842609,-0.1510142
-0.08474485,0.1365758,-0.175311
-0.08474485,0.1314016,-0.1426421
-0.1177934,0.1314016,-0.1426421
-0.1177934,0.1365758,-0.175311
-0.08474485,0.1842609,-0.1510142
-0.08474485,0.1692446,-0.1804852
-0.1177934,0.1692447,-0.1804852
-0.1177934,0.1842609,-0.1510142
-0.08474485,0.1608726,-0.1276259
-0.08474485,0.1314016,-0.1426421
-0.08474485,0.1365758,-0.175311
-0.08474485,0.1692446,-0.1804852
-0.08474485,0.1842609,-0.1510142
-0.1246004,-0.07632709,0.04406769
-0.1012662,-0.06707871,0.1161837
-0.1246004,-0.04406747,0.07632732
-0.1012662,-0.1161837,0.06707878
-0.1246004,-0.08813499,9.570631E-08
-0.1012662,-0.1341574,-2.832256E-09
-0.1246004,-0.07632709,-0.04406746
-0.1012662,-0.1161836,-0.06707873
-0.1246004,-0.04406746,-0.07632709
-0.1012662,-0.0670787,-0.1161837
-0.1246004,5.629193E-08,-0.08813494
-0.1012662,-2.674999E-08,-0.1341573
-0.1246004,0.04406758,-0.07632709
-0.1012662,0.06707866,-0.1161837
-0.1246004,5.629193E-08,-0.08813494
-0.1246004,-0.04406747,0.07632732
-0.1012662,-9.366552E-08,0.1341573
-0.1246004,-1.385388E-08,0.08813512
-0.1012662,0.06707866,0.1161836
-0.1246004,0.04406758,0.07632721
-0.1246004,0.04406758,0.07632721
-0.1012661,0.1161837,0.06707856
-0.1246004,0.07632729,0.04406752
-0.1246004,0.07632729,0.04406752
-0.1012661,0.1161837,0.06707856
-0.1012661,0.1341573,-2.832256E-09
-0.1246004,0.08813509,9.407536E-08
-0.1012661,0.1161837,-0.06707861
-0.1246004,0.07632727,-0.04406738
-0.1012662,0.06707866,-0.1161837
-0.1246004,0.04406758,-0.07632709
-0.08474485,0.1753118,0.1365759
-0.08474485,0.1426429,0.1314016
-0.1177934,0.1426429,0.1314017
-0.1177934,0.1753118,0.1365759
-0.08474485,0.1426429,0.1314016
-0.08474485,0.1276267,0.1608726
-0.1177934,0.1276267,0.1608726
-0.1177934,0.1426429,0.1314017
-0.08474485,0.1276267,0.1608726
-0.08474485,0.151015,0.184261
-0.1177934,0.151015,0.184261
-0.1177934,0.1276267,0.1608726
-0.1177934,0.1426429,0.1314017
-0.1177934,0.1276267,0.1608726
-0.1177934,0.151015,0.184261
-0.1177934,0.1753118,0.1365759
-0.1177934,0.180486,0.1692448
-0.08474485,0.151015,0.184261
-0.08474485,0.180486,0.1692448
-0.1177934,0.180486,0.1692448
-0.1177934,0.151015,0.184261
-0.08474485,0.180486,0.1692448
-0.08474485,0.1753118,0.1365759
-0.1177934,0.1753118,0.1365759
-0.1177934,0.180486,0.1692448
-0.08474485,0.151015,0.184261
-0.08474485,0.1276267,0.1608726
-0.08474485,0.1426429,0.1314016
-0.08474485,0.1753118,0.1365759
-0.08474485,0.180486,0.1692448
-0.08173743,3.026805E-09,0.05714545
-0.1246004,0.04406758,0.07632721
-0.08173744,0.02857274,0.04948938
-0.1246004,-1.385388E-08,0.08813512
-0.1246004,0.07632729,0.04406752
-0.08173743,-0.02857259,0.04948947
-0.08173738,0.04948942,0.02857271
-0.1246004,-0.04406747,0.07632732
-0.1246004,0.08813509,9.407536E-08
-0.08173741,-0.04948919,0.02857286
-0.08173739,0.05714541,1.300981E-07
-0.1246004,-0.07632709,0.04406769
-0.1246004,0.07632727,-0.04406738
-0.08173741,-0.05714525,1.336603E-07
-0.08173738,0.04948941,-0.0285725
-0.1246004,-0.08813499,9.570631E-08
-0.1246004,0.04406758,-0.07632709
-0.08173741,-0.04948919,-0.02857256
-0.08173744,0.02857275,-0.04948917
-0.1246004,-0.07632709,-0.04406746
-0.1246004,5.629193E-08,-0.08813494
-0.08173743,-0.02857258,-0.04948916
-0.08173743,8.802508E-08,-0.05714519
-0.1246004,-0.04406746,-0.07632709
-0.1012661,0.2358107,-0.1361452
-0.1691106,0.2614369,-0.1509406
-0.1691106,0.1509407,-0.2614368
-0.1012661,0.2722906,-2.832256E-09
-0.1012662,0.1361453,-0.2358106
-0.1691106,0.3018814,4.687362E-08
-0.1691106,5.016174E-08,-0.3018813
-0.1012661,0.2358107,0.1361452
-0.1012662,-3.740477E-08,-0.2722906
-0.1691106,0.2614369,0.1509406
-0.1691106,-0.1509406,-0.2614369
-0.1012662,0.1361453,0.2358105
-0.1012662,-0.1361453,-0.2358106
-0.1691106,0.1509407,0.261437
-0.1691106,-0.2614368,-0.1509406
-0.1012662,1.288233E-08,0.2722906
-0.1012662,-0.2358106,-0.1361454
-0.1691106,5.016174E-08,0.3018814
-0.1691106,-0.3018813,4.687362E-08
-0.1012662,-0.1361453,0.2358107
-0.1012662,-0.2722907,-2.832256E-09
-0.1691106,-0.1509406,0.261437
-0.1691106,-0.2614368,0.1509406
-0.1012662,-0.2358106,0.1361454
-0.1691106,0.2614369,-0.1509406
-0.1730121,0.3499642,-0.202052
-0.1730121,0.2020519,-0.3499642
-0.1691106,0.3018814,4.687362E-08
-0.1691106,0.1509407,-0.2614368
-0.1730121,0.4041038,-2.832256E-09
-0.1730121,1.288233E-08,-0.4041039
-0.1691106,0.2614369,0.1509406
-0.1691106,5.016174E-08,-0.3018813
-0.1730121,0.3499642,0.202052
-0.1730121,-0.2020519,-0.3499642
-0.1691106,0.1509407,0.261437
-0.1691106,-0.1509406,-0.2614369
-0.1730121,0.2020519,0.3499642
-0.1730121,-0.3499642,-0.202052
-0.1691106,5.016174E-08,0.3018814
-0.1691106,-0.2614368,-0.1509406
-0.1730121,1.288233E-08,0.4041039
-0.1730121,-0.4041038,-2.832256E-09
-0.1691106,-0.1509406,0.261437
-0.1691106,-0.3018813,4.687362E-08
-0.1730121,-0.2020519,0.3499642
-0.1730121,-0.3499642,0.202052
-0.1691106,-0.2614368,0.1509406
-0.1447529,0.2166799,-0.3753007
-0.1730121,0.2020519,-0.3499642
-0.1730121,0.3499642,-0.202052
-0.1447529,0.3753007,-0.21668
-0.1447529,1.288233E-08,-0.43336
-0.1730121,0.4041038,-2.832256E-09
-0.1730121,1.288233E-08,-0.4041039
-0.1447529,0.4333599,-2.832256E-09
-0.1447529,-0.2166799,-0.3753007
-0.1730121,0.3499642,0.202052
-0.1730121,-0.2020519,-0.3499642
-0.1447529,0.3753007,0.2166799
-0.1447529,-0.3753007,-0.21668
-0.1730121,0.2020519,0.3499642
-0.1730121,-0.3499642,-0.202052
-0.1447529,0.2166799,0.3753007
-0.1447529,-0.4333599,-2.832256E-09
-0.1730121,1.288233E-08,0.4041039
-0.1730121,-0.4041038,-2.832256E-09
-0.1447529,1.288233E-08,0.43336
-0.1447529,-0.3753007,0.2166799
-0.1730121,-0.2020519,0.3499642
-0.1730121,-0.3499642,0.202052
-0.1447529,-0.2166799,0.3753007
0.1466209,0.3753007,-0.21668
0.1748801,0.2020518,-0.3499642
0.1466209,0.2166799,-0.3753007
0.1748801,0.3499642,-0.202052
0.1748801,-8.769194E-08,-0.4041039
0.1466209,0.4333598,-2.832256E-09
0.1466209,-8.769194E-08,-0.43336
0.1748801,0.4041038,-2.832256E-09
0.17488,-0.202052,-0.3499642
0.1466209,0.3753007,0.2166799
0.1466209,-0.21668,-0.3753007
0.1748801,0.3499642,0.202052
0.17488,-0.3499643,-0.202052
0.1466209,0.2166799,0.3753007
0.1466209,-0.3753007,-0.21668
0.1748801,0.2020518,0.3499642
0.17488,-0.4041039,-2.832256E-09
0.1466209,-8.769194E-08,0.43336
0.1466209,-0.43336,-2.832256E-09
0.1748801,-8.769194E-08,0.4041039
0.17488,-0.3499643,0.202052
0.1466209,-0.21668,0.3753007
0.1466209,-0.3753007,0.2166799
0.17488,-0.202052,0.3499642
0.1466209,0.2166799,-0.3753007
-0.1447529,1.288233E-08,-0.43336
-0.1447529,0.2166799,-0.3753007
0.1466209,-8.769194E-08,-0.43336
0.1466209,0.3753007,-0.21668
-0.1447529,-0.2166799,-0.3753007
-0.1447529,0.3753007,-0.21668
0.1466209,-0.21668,-0.3753007
0.1466209,0.4333598,-2.832256E-09
-0.1447529,-0.3753007,-0.21668
-0.1447529,0.4333599,-2.832256E-09
0.1466209,-0.3753007,-0.21668
0.1466209,0.3753007,0.2166799
-0.1447529,-0.4333599,-2.832256E-09
-0.1447529,0.3753007,0.2166799
0.1466209,-0.43336,-2.832256E-09
0.1466209,0.2166799,0.3753007
-0.1447529,-0.3753007,0.2166799
-0.1447529,0.2166799,0.3753007
0.1466209,-0.3753007,0.2166799
0.1466209,-8.769194E-08,0.43336
-0.1447529,-0.2166799,0.3753007
-0.1447529,1.288233E-08,0.43336
0.1466209,-0.21668,0.3753007
467
0.2790901,0.9603667
0.2790901,0.9603668
0.2790901,0.9603667
0.1484376,0.5326324
0.1484376,0.5326324
0.1484376,0.5326324
0.1484376,0.5326324
0.1484376,0.5326324
0.1484376,0.5326324
0.1484376,0.5326324
0.1484376,0.5326324
0.1484376,0.5326324
0.1484376,0.5326324
0.1484376,0.5326324
0.1484376,0.5326324
0.2790901,0.9603669
0.2790901,0.9603669
0.2790901,0.9603667
0.2790901,0.9603668
0.2790901,0.9603668
0.2790901,0.9603667
0.2790901,0.9603667
0.2790901,0.9603667
0.2790901,0.9603667
0.2790901,0.9603667
0.2790901,0.9603667
0.2790901,0.9603668
0.2790901,0.9603668
0.2790901,0.9603667
0.2790901,0.9603668
0.2790901,0.9603668
0.2790901,0.9603668
0.2790901,0.9603669
0.2790901,0.9603668
0.2790901,0.9603668
0.2790901,0.9603668
0.2790902,0.9603669
0.2790901,0.9603668
0.2790901,0.9603669
0.2790901,0.9603668
0.2790901,0.9603668
0.2790901,0.9603668
0.2790901,0.9603668
0.2790901,0.9603668
0.2790901,0.9603668
0.2790901,0.9603668
0.2790901,0.9603668
0.2790901,0.9603668
0.2790901,0.9603668
0.2790901,0.9603668
0.2790901,0.9603667
0.2790901,0.9603668
0.1663338,0.5261338
0.1663338,0.5261338
0.1663338,0.5261338
0.1663338,0.5261338
0.1663338,0.5261338
0.1663338,0.5261338
0.1663338,0.5261338
0.1663338,0.5261338
0.1663338,0.5261338
0.1663338,0.5261338
0.1663338,0.5261338
0.1663338,0.5261338
0.1663338,0.5261338
0.1663338,0.5261338
0.1663338,0.5261338
0.1663338,0.5261338
0.1663338,0.5261338
0.1663338,0.5261338
0.1663338,0.5261338
0.1663338,0.5261338
0.1663338,0.5261338
0.1663338,0.5261338
0.1663338,0.5261338
0.1663338,0.5261338
0.1663338,0.5261338
0.1663338,0.5261338
0.1663338,0.5261338
0.1663338,0.5261338
0.1663338,0.5261338
0.1663338,0.5261338
0.1663338,0.5261338
0.1663338,0.5261338
0.1663338,0.5261338
0.1663338,0.5261338
0.1663338,0.5261338
0.1663338,0.5261338
0.1663338,0.5261338
0.1663338,0.5261338
0.1663338,0.5261338
0.1663338,0.5261338
0.1663338,0.5261338
0.1663338,0.5261338
0.1663338,0.5261338
0.1663338,0.5261338
0.1663338,0.5261338
0.1663338,0.5261338
0.1663338,0.5261338
0.1663338,0.5261338
0.1663338,0.5261338
0.1663338,0.5261338
0.1663338,0.5261338
0.1663338,0.5261338
0.1663338,0.5261338
0.1663338,0.5261338
0.1663338,0.5261338
0.1663338,0.5261338
0.1663338,0.5261338
0.1663338,0.5261338
0.1663338,0.5261338
0.1663338,0.5261338
0.1663338,0.5261338
0.1663338,0.5261338
0.1663338,0.5261338
0.1663338,0.5261338
0.1663338,0.5261338
0.1663338,0.5261338
0.1663338,0.5261338
0.1663338,0.5261338
0.1663338,0.5261338
0.1663338,0.5261338
0.1663338,0.5261338
0.1663338,0.5261338
0.1663338,0.5261338
0.1663338,0.5261338
0.1663338,0.5261338
0.1663338,0.5261338
0.1663338,0.5261338
0.1663338,0.5261338
0.1663338,0.5261338
0.1663338,0.5261338
0.1663338,0.5261338
0.1663338,0.5261338
0.1663338,0.5261338
0.1663338,0.5261338
0.1663338,0.5261338
0.1663338,0.5261338
0.1663338,0.5261338
0.1663338,0.5261338
0.1663338,0.5261338
0.1663338,0.5261338
0.1663338,0.5261338
0.1663338,0.5261338
0.1663338,0.5261338
0.1663338,0.5261338
0.1663338,0.5261338
0.1663338,0.5261338
0.1663338,0.5261338
0.1663338,0.5261338
0.1663338,0.5261338
0.1663338,0.5261338
0.1663338,0.5261338
0.1663338,0.5261338
0.1663338,0.5261338
0.1663338,0.5261338
0.1663338,0.5261338
0.1663338,0.5261338
0.1663338,0.5261338
0.1663338,0.5261338
0.1663338,0.5261338
0.1663338,0.5261338
0.1663338,0.5261338
0.1663338,0.5261338
0.1663338,0.5261338
0.1663338,0.5261338
0.1663338,0.5261338
0.1663338,0.5261338
0.1663338,0.5261338
0.1663338,0.5261338
0.1663338,0.5261338
0.1663338,0.5261338
0.1663338,0.5261338
0.1663338,0.5261338
0.1663338,0.5261338
0.1663338,0.5261338
0.1663338,0.5261338
0.1663338,0.5261338
0.1663338,0.5261338
0.1663338,0.5261338
0.1663338,0.5261338
0.1663338,0.5261338
0.1663338,0.5261338
0.1663338,0.5261338
0.1663338,0.5261338
0.1663338,0.5261338
0.1663338,0.5261338
0.1663338,0.5261338
0.1663338,0.5261338
0.1663338,0.5261338
0.1663338,0.5261338
0.1663338,0.5261338
0.1663338,0.5261338
0.1663338,0.5261338
0.1663338,0.5261338
0.1663338,0.5261338
0.1663338,0.5261338
0.1663338,0.5261338
0.1663338,0.5261338
0.1663338,0.5261338
0.1663338,0.5261338
0.1663338,0.5261338
0.1663338,0.5261338
0.1663338,0.5261338
0.1663338,0.5261338
0.1663338,0.5261338
0.1663338,0.5261338
0.1663338,0.5261338
0.1663338,0.5261338
0.1663338,0.5261338
0.1663338,0.5261338
0.1663338,0.5261338
0.1663338,0.5261338
0.1663338,0.5261338
0.1663338,0.5261338
0.1663338,0.5261338
0.1663338,0.5261338
0.1663338,0.5261338
0.1663338,0.5261338
0.1663338,0.5261338
0.1663338,0.5261338
0.1663338,0.5261338
0.1663338,0.5261338
0.1663338,0.5261338
0.1663338,0.5261338
0.1663338,0.5261338
0.1663338,0.5261338
0.1663338,0.5261338
0.1663338,0.5261338
0.1663338,0.5261338
0.1663338,0.5261338
0.1663338,0.5261338
0.1663338,0.5261338
0.1663338,0.5261338
0.1663338,0.5261338
0.1663338,0.5261338
0.1663338,0.5261338
0.1663338,0.5261338
0.1663338,0.5261338
0.1663338,0.5261338
0.1663338,0.5261338
0.1663338,0.5261338
0.1663338,0.5261338
0.1663338,0.5261338
0.1663338,0.5261338
0.1663338,0.5261338
0.1663338,0.5261338
0.1663338,0.5261338
0.1663338,0.5261338
0.1663338,0.5261338
0.1663338,0.5261338
0.1663338,0.5261338
0.1663338,0.5261338
0.1663338,0.5261338
0.1663338,0.5261338
0.1663338,0.5261338
0.1663338,0.5261338
0.1663338,0.5261338
0.1663338,0.5261338
0.1663338,0.5261338
0.1663338,0.5261338
0.1663338,0.5261338
0.2790901,0.9603667
0.2790901,0.9603668
0.2790901,0.9603668
0.2790901,0.9603667
0.2790901,0.9603668
0.2790901,0.9603668
0.2790901,0.9603668
0.2790901,0.9603668
0.2790902,0.960367
0.2790901,0.9603669
0.2790901,0.9603668
0.2790901,0.9603668
0.2790901,0.9603666
0.2790902,0.9603669
0.2790901,0.9603668
0.2790901,0.9603668
0.2790901,0.9603668
0.2790901,0.9603668
0.2790901,0.9603668
0.2790901,0.9603668
0.2790901,0.9603668
0.2790901,0.9603668
0.2790901,0.9603667
0.2790901,0.9603667
0.2790901,0.9603668
0.2790901,0.9603668
0.2790901,0.9603668
0.2790901,0.9603669
0.2790901,0.9603667
0.2790902,0.9603669
0.2790901,0.9603666
0.1663338,0.5261338
0.1663338,0.5261338
0.1663338,0.5261338
0.1663338,0.5261338
0.1663338,0.5261338
0.1663338,0.5261338
0.1663338,0.5261338
0.1663338,0.5261338
0.1663338,0.5261338
0.1663338,0.5261338
0.1663338,0.5261338
0.1663338,0.5261338
0.1663338,0.5261338
0.1663338,0.5261338
0.1663338,0.5261338
0.1663338,0.5261338
0.1663338,0.5261338
0.1663338,0.5261338
0.1663338,0.5261338
0.1663338,0.5261338
0.1663338,0.5261338
0.1663338,0.5261338
0.1663338,0.5261338
0.1663338,0.5261338
0.1663338,0.5261338
0.1663338,0.5261338
0.1663338,0.5261338
0.1663338,0.5261338
0.1663338,0.5261338
0.1663338,0.5261338
0.2790901,0.9603667
0.2790901,0.9603668
0.2790901,0.9603667
0.2790901,0.9603668
0.2790901,0.9603667
0.2790901,0.9603668
0.2790901,0.9603667
0.2790901,0.9603668
0.2790901,0.9603668
0.2790901,0.9603667
0.2790901,0.9603668
0.2790901,0.9603667
0.2790901,0.9603667
0.2790901,0.9603669
0.2790901,0.9603667
0.2790901,0.9603668
0.2790901,0.9603666
0.2790901,0.9603669
0.2790901,0.9603667
0.2790901,0.9603668
0.2790901,0.9603668
0.2790901,0.9603668
0.2790901,0.9603667
0.2790902,0.960367
0.2790901,0.9603668
0.2790901,0.9603668
0.2790901,0.9603668
0.2790901,0.9603668
0.2790901,0.9603668
0.2790901,0.9603668
0.2790901,0.9603668
0.2790901,0.9603668
0.2790901,0.9603668
0.2790901,0.9603668
0.2790901,0.9603668
0.2790901,0.9603668
0.2790901,0.9603668
0.2790901,0.9603668
0.2790901,0.9603668
0.2790901,0.9603668
0.2790901,0.9603668
0.2790901,0.9603668
0.2790901,0.9603668
0.2790901,0.9603668
0.2790901,0.9603668
0.2790901,0.9603668
0.2790901,0.9603668
0.2790901,0.9603668
0.1484376,0.5326324
0.1484376,0.5326324
0.1484376,0.5326324
0.1484376,0.5326324
0.1484376,0.5326324
0.1484376,0.5326324
0.1484376,0.5326324
0.1484376,0.5326324
0.1484376,0.5326324
0.1484376,0.5326324
0.1484376,0.5326324
0.1484376,0.5326324
0.1484376,0.5326324
0.1484376,0.5326324
0.1484376,0.5326324
0.1484376,0.5326324
0.1484376,0.5326324
0.1484376,0.5326324
0.1484376,0.5326324
0.1484376,0.5326324
0.1484376,0.5326324
0.1484376,0.5326324
0.1484376,0.5326324
0.1484376,0.5326324
0.1484376,0.5326324
0.1484376,0.5326324
0.1484376,0.5326324
0.1484376,0.5326324
0.1484376,0.5326324
0.1484376,0.5326324
0.1484376,0.5326324
0.1484376,0.5326324
0.1484376,0.5326324
0.1484376,0.5326324
0.1484376,0.5326324
0.1484376,0.5326324
0.1484376,0.5326324
0.1484376,0.5326324
0.1484376,0.5326324
0.1484376,0.5326324
0.1484376,0.5326324
0.1484376,0.5326324
0.1484376,0.5326324
0.1484376,0.5326324
0.1484376,0.5326324
0.1484376,0.5326324
0.1484376,0.5326324
0.1484376,0.5326324
0.1484376,0.5326324
0.1484376,0.5326324
0.1484376,0.5326324
0.1484376,0.5326324
0.1484376,0.5326324
0.1484376,0.5326324
0.1484376,0.5326324
0.1484376,0.5326324
0.1484376,0.5326324
0.1484376,0.5326324
0.1484376,0.5326324
0.1484376,0.5326324
0.1484376,0.5326324
0.1484376,0.5326324
0.1484376,0.5326324
0.1484376,0.5326324
0.1484376,0.5326324
0.1484376,0.5326324
0.1484376,0.5326324
0.1484376,0.5326324
0.1484376,0.5326324
0.1484376,0.5326324
0.1484376,0.5326324
0.1484376,0.5326324
0.1484376,0.5326324
0.1484376,0.5326324
0.1484376,0.5326324
0.1484376,0.5326324
0.1484376,0.5326324
0.1484376,0.5326324
0.1484376,0.5326324
0.1484376,0.5326324
0.1484376,0.5326324
0.1484376,0.5326324
0.1484376,0.5326324
0.1484376,0.5326324
0.1484376,0.5326324
0.1484376,0.5326324
0.1484376,0.5326324
0.1484376,0.5326324
0.1484376,0.5326324
0.1484376,0.5326324
0.1484376,0.5326324
0.1484376,0.5326324
0.1484376,0.5326324
0.1484376,0.5326324
0.1484376,0.5326324
0.1484376,0.5326324
1
1020
0
1
2
3
4
5
5
6
3
5
7
6
7
8
6
7
9
8
9
10
8
9
11
10
11
12
10
11
13
12
13
14
12
15
16
17
17
18
15
18
19
15
18
20
19
20
21
19
20
22
21
22
23
21
22
24
23
24
25
23
26
27
28
26
29
27
30
29
26
30
31
29
32
31
30
32
33
31
34
33
32
34
35
33
36
35
34
36
37
35
38
37
36
38
39
37
40
39
38
40
41
39
42
41
40
42
43
41
44
43
42
44
45
43
46
45
44
46
47
45
48
47
46
48
49
47
50
49
48
50
51
49
52
53
54
52
54
55
56
57
58
56
58
59
60
61
62
60
62
63
64
65
66
66
67
64
67
68
64
69
70
71
69
71
72
73
74
75
73
75
76
77
78
79
79
80
77
79
81
80
82
83
84
82
84
85
86
87
88
86
88
89
90
91
92
90
92
93
94
95
96
96
97
94
97
98
94
99
100
101
99
101
102
103
104
105
103
105
106
107
108
109
109
110
107
109
111
110
112
113
114
112
114
115
116
117
118
116
118
119
120
121
122
120
122
123
124
125
126
126
127
124
127
128
124
129
130
131
129
131
132
133
134
135
133
135
136
137
138
139
139
140
137
139
141
140
142
143
144
142
144
145
146
147
148
146
148
149
150
151
152
150
152
153
154
155
156
156
157
154
156
158
157
159
160
161
159
161
162
163
164
165
163
165
166
167
168
169
169
170
167
170
171
167
172
173
174
172
174
175
176
177
178
176
178
179
180
181
182
180
182
183
184
185
186
186
187
184
187
188
184
189
190
191
189
191
192
193
194
195
193
195
196
197
198
199
199
200
197
199
201
200
202
203
204
202
204
205
206
207
208
206
208
209
210
211
212
210
212
213
214
215
216
216
217
214
216
218
217
219
220
221
219
221
222
223
224
225
223
225
226
227
228
229
229
230
227
229
231
230
232
233
234
232
234
235
236
237
238
236
238
239
240
241
242
240
242
243
244
245
246
246
247
244
246
248
247
249
250
251
249
251
252
253
254
255
253
255
256
257
258
259
259
260
257
260
261
257
262
263
264
262
265
263
266
265
262
266
267
265
268
267
266
268
269
267
270
269
268
270
271
269
272
271
270
272
273
271
274
275
273
274
273
276
277
263
278
277
278
279
279
278
280
279
280
281
282
280
283
282
283
284
285
286
287
285
287
288
288
287
289
288
289
290
290
289
291
290
291
292
293
294
295
293
295
296
297
298
299
297
299
300
301
302
303
301
303
304
305
306
307
307
308
305
307
309
308
310
311
312
310
312
313
314
315
316
314
316
317
318
319
320
320
321
318
321
322
318
323
324
325
323
326
324
325
324
327
328
326
323
325
327
329
328
330
326
329
327
331
332
330
328
329
331
333
332
334
330
333
331
335
336
334
332
333
335
337
336
338
334
337
335
339
340
338
336
337
339
341
340
342
338
341
339
343
344
342
340
341
343
345
344
346
342
345
343
346
345
346
344
347
348
349
350
348
347
347
349
351
350
352
348
351
349
353
354
352
350
351
353
355
354
356
352
355
353
357
358
356
354
355
357
359
358
360
356
359
357
361
362
360
358
359
361
363
362
364
360
363
361
365
366
364
362
363
365
367
366
368
364
367
365
369
370
368
366
367
369
370
370
369
368
371
372
373
374
372
371
371
373
375
374
376
372
375
373
377
378
376
374
375
377
379
378
380
376
379
377
381
382
380
378
379
381
383
382
384
380
383
381
385
386
384
382
383
385
387
386
388
384
387
385
389
390
388
386
387
389
391
390
392
388
391
389
393
394
392
390
391
393
394
394
393
392
395
396
397
395
397
398
399
396
395
398
397
400
399
401
396
398
400
402
403
401
399
402
400
404
403
405
401
402
404
406
407
405
403
406
404
408
407
409
405
406
408
410
411
409
407
410
408
412
411
413
409
410
412
414
415
413
411
414
412
416
415
417
413
414
416
418
418
417
415
418
416
417
419
420
421
419
422
420
421
420
423
424
422
419
421
423
425
424
426
422
425
423
427
428
426
424
425
427
429
428
430
426
429
427
431
432
430
428
429
431
433
432
434
430
433
431
435
436
434
432
433
435
437
436
438
434
437
435
439
440
438
436
437
439
441
440
442
438
441
439
442
441
442
440
443
444
445
443
446
444
447
443
445
446
448
444
447
445
449
446
450
448
451
447
449
450
452
448
451
449
453
450
454
452
455
451
453
454
456
452
455
453
457
454
458
456
459
455
457
458
460
456
459
457
461
458
462
460
463
459
461
462
464
460
463
461
465
462
466
464
466
463
465
466
465
464
