MESH3
Pick Up_11 FR Tire
468
0.08173952,0.04948942,-0.02857108
0.08173952,0.05714542,1.582155E-06
0.08173952,0.04948943,0.02857398
-0.1748779,-0.3499643,-0.2020506
-0.1748779,-0.4041039,1.318462E-06
-0.1748779,-0.3499643,0.2020533
-0.1748779,-0.202052,-0.3499629
-0.1748779,-0.202052,0.3499655
-0.1748779,-8.007591E-08,-0.4041026
-0.1748779,-8.007591E-08,0.4041052
-0.1748779,0.2020518,-0.3499629
-0.1748779,0.2020518,0.3499655
-0.1748779,0.3499642,-0.2020506
-0.1748779,0.3499642,0.2020533
-0.1748779,0.4041038,1.318462E-06
0.08173952,-0.04948919,0.02857424
0.08173952,-0.05714524,1.582155E-06
0.08173952,-0.04948918,-0.02857108
0.08173952,-0.02857258,0.04949085
0.08173952,-0.02857257,-0.04948769
0.08173952,1.064284E-08,0.0571469
0.08173952,9.564112E-08,-0.05714373
0.08173952,0.02857275,0.04949085
0.08173952,0.02857276,-0.04948769
0.08173952,0.04948943,0.02857398
0.08173952,0.04948942,-0.02857108
0.1012683,-0.1161836,-0.06707729
0.1012683,-0.1341574,1.318462E-06
0.1012683,-0.2722907,1.318462E-06
0.1012683,-0.2358106,-0.1361441
0.1012683,-0.06707869,-0.1161824
0.1012683,-0.1361453,-0.2358093
0.1012683,-1.913395E-08,-0.1341559
0.1012683,-2.978874E-08,-0.2722893
0.1012683,0.06707868,-0.1161824
0.1012683,0.1361454,-0.2358093
0.1012682,0.1161837,-0.06707729
0.1012682,0.2358107,-0.1361439
0.1012682,0.1341573,1.318462E-06
0.1012682,0.2722906,1.318462E-06
0.1012682,0.1161837,0.06707993
0.1012682,0.2358107,0.1361465
0.1012683,0.06707866,0.116185
0.1012683,0.1361454,0.235812
0.1012683,-8.604948E-08,0.1341588
0.1012683,2.049837E-08,0.272292
0.1012683,-0.0670787,0.1161853
0.1012683,-0.1361453,0.2358122
0.1012683,-0.1161836,0.06708019
0.1012683,-0.2358106,0.1361468
0.1012683,-0.1341574,1.318462E-06
0.1012683,-0.1161836,0.06708019
0.1012683,-0.2358106,0.1361468
0.08474693,0.2205377,-0.02738868
0.1177955,0.2205377,-0.02738868
0.1177955,0.1937786,-0.007946899
0.08474693,0.1937786,-0.007946899
0.08474693,0.1937786,-0.007946899
0.1177955,0.1937786,-0.007946899
0.1177955,0.2039996,0.02351029
0.08474693,0.2039996,0.02351029
0.08474693,0.2039996,0.02351029
0.1177955,0.2039996,0.02351029
0.1177955,0.2370757,0.02351029
0.08474693,0.2370757,0.02351029
0.1177955,0.2039996,0.02351029
0.1177955,0.1937786,-0.007946899
0.1177955,0.2205377,-0.02738868
0.1177955,0.2370757,0.02351029
0.1177955,0.2472968,-0.007946899
0.08474693,0.2370757,0.02351029
0.1177955,0.2370757,0.02351029
0.1177955,0.2472968,-0.007946899
0.08474693,0.2472968,-0.007946899
0.08474693,0.2472968,-0.007946899
0.1177955,0.2472968,-0.007946899
0.1177955,0.2205377,-0.02738868
0.08474693,0.2205377,-0.02738868
0.08474693,0.2205377,-0.02738868
0.08474693,0.1937786,-0.007946899
0.08474693,0.2039996,0.02351029
0.08474693,0.2370757,0.02351029
0.08474693,0.2472968,-0.007946899
0.08474693,0.02739083,0.2205392
0.1177955,0.02739083,0.2205392
0.1177955,0.007949203,0.1937799
0.08474693,0.007949211,0.1937799
0.08474693,0.007949211,0.1937799
0.1177955,0.007949203,0.1937799
0.1177955,-0.02350803,0.2040012
0.08474693,-0.02350803,0.2040012
0.08474693,-0.02350803,0.2040012
0.1177955,-0.02350803,0.2040012
0.1177955,-0.02350802,0.2370772
0.08474693,-0.02350802,0.2370772
0.1177955,-0.02350802,0.2370772
0.1177955,-0.02350803,0.2040012
0.1177955,0.007949203,0.1937799
0.1177955,0.007949219,0.2472984
0.1177955,0.02739083,0.2205392
0.08474693,-0.02350802,0.2370772
0.1177955,-0.02350802,0.2370772
0.1177955,0.007949219,0.2472984
0.08474693,0.007949203,0.2472984
0.08474693,0.007949203,0.2472984
0.1177955,0.007949219,0.2472984
0.1177955,0.02739083,0.2205392
0.08474693,0.02739083,0.2205392
0.08474693,0.007949211,0.1937799
0.08474693,-0.02350803,0.2040012
0.08474693,-0.02350802,0.2370772
0.08474693,0.007949203,0.2472984
0.08474693,0.02739083,0.2205392
0.08474693,-0.1842602,0.1510164
0.1177955,-0.1842602,0.1510164
0.1177955,-0.169244,0.1804875
0.08474693,-0.1692439,0.1804875
0.08474693,-0.1608718,0.1276282
0.1177955,-0.1608718,0.1276282
0.1177955,-0.1842602,0.1510164
0.08474693,-0.1842602,0.1510164
0.08474693,-0.1314008,0.1426444
0.1177955,-0.1314008,0.1426444
0.1177955,-0.1608718,0.1276282
0.08474693,-0.1608718,0.1276282
0.1177955,-0.169244,0.1804875
0.1177955,-0.1842602,0.1510164
0.1177955,-0.1608718,0.1276282
0.1177955,-0.1365751,0.1753133
0.1177955,-0.1314008,0.1426444
0.08474693,-0.1692439,0.1804875
0.1177955,-0.169244,0.1804875
0.1177955,-0.1365751,0.1753133
0.08474693,-0.1365751,0.1753133
0.08474693,-0.1365751,0.1753133
0.1177955,-0.1365751,0.1753133
0.1177955,-0.1314008,0.1426444
0.08474693,-0.1314008,0.1426444
0.08474693,-0.1608718,0.1276282
0.08474693,-0.1842602,0.1510164
0.08474693,-0.1692439,0.1804875
0.08474693,-0.1365751,0.1753133
0.08474693,-0.1314008,0.1426444
0.08474693,-0.2472961,0.007950591
0.1177955,-0.2472961,0.007950591
0.1177955,-0.220537,0.02739237
0.08474693,-0.220537,0.02739237
0.08474693,-0.1937778,0.007950591
0.1177955,-0.1937779,0.007950591
0.1177955,-0.2039989,-0.0235066
0.08474693,-0.2039989,-0.0235066
0.08474693,-0.2039989,-0.0235066
0.1177955,-0.2039989,-0.0235066
0.1177955,-0.237075,-0.0235066
0.08474693,-0.237075,-0.0235066
0.1177955,-0.220537,0.02739237
0.1177955,-0.2472961,0.007950591
0.1177955,-0.237075,-0.0235066
0.1177955,-0.2039989,-0.0235066
0.1177955,-0.1937779,0.007950591
0.08474693,-0.220537,0.02739237
0.1177955,-0.220537,0.02739237
0.1177955,-0.1937779,0.007950591
0.08474693,-0.1937778,0.007950591
0.08474693,-0.237075,-0.0235066
0.1177955,-0.237075,-0.0235066
0.1177955,-0.2472961,0.007950591
0.08474693,-0.2472961,0.007950591
0.08474693,-0.237075,-0.0235066
0.08474693,-0.2472961,0.007950591
0.08474693,-0.220537,0.02739237
0.08474693,-0.2039989,-0.0235066
0.08474693,-0.1937778,0.007950591
0.08474693,-0.1753111,-0.1365737
0.1177955,-0.1753111,-0.1365737
0.1177955,-0.1426422,-0.1313993
0.08474693,-0.1426422,-0.1313993
0.08474693,-0.1276259,-0.1608703
0.1177955,-0.1276259,-0.1608703
0.1177955,-0.1510143,-0.1842588
0.08474693,-0.1510143,-0.1842588
0.08474693,-0.1426422,-0.1313993
0.1177955,-0.1426422,-0.1313993
0.1177955,-0.1276259,-0.1608703
0.08474693,-0.1276259,-0.1608703
0.1177955,-0.1753111,-0.1365737
0.1177955,-0.1804853,-0.1692426
0.1177955,-0.1510143,-0.1842588
0.1177955,-0.1426422,-0.1313993
0.1177955,-0.1276259,-0.1608703
0.08474693,-0.1510143,-0.1842588
0.1177955,-0.1510143,-0.1842588
0.1177955,-0.1804853,-0.1692426
0.08474693,-0.1804853,-0.1692426
0.08474693,-0.1804853,-0.1692426
0.1177955,-0.1804853,-0.1692426
0.1177955,-0.1753111,-0.1365737
0.08474693,-0.1753111,-0.1365737
0.08474693,-0.1510143,-0.1842588
0.08474693,-0.1804853,-0.1692426
0.08474693,-0.1753111,-0.1365737
0.08474693,-0.1426422,-0.1313993
0.08474693,-0.1276259,-0.1608703
0.08474693,0.02350875,-0.2370735
0.1177955,0.02350875,-0.2370735
0.1177955,-0.007948501,-0.2472947
0.08474693,-0.007948485,-0.2472947
0.08474693,-0.007948494,-0.1937762
0.1177955,-0.007948485,-0.1937762
0.1177955,0.02350875,-0.2039975
0.08474693,0.02350875,-0.2039975
0.08474693,0.02350875,-0.2039975
0.1177955,0.02350875,-0.2039975
0.1177955,0.02350875,-0.2370735
0.08474693,0.02350875,-0.2370735
0.1177955,-0.007948485,-0.1937762
0.1177955,-0.02739012,-0.2205355
0.1177955,-0.007948501,-0.2472947
0.1177955,0.02350875,-0.2370735
0.1177955,0.02350875,-0.2039975
0.08474693,-0.007948485,-0.2472947
0.1177955,-0.007948501,-0.2472947
0.1177955,-0.02739012,-0.2205355
0.08474693,-0.02739012,-0.2205355
0.08474693,-0.02739012,-0.2205355
0.1177955,-0.02739012,-0.2205355
0.1177955,-0.007948485,-0.1937762
0.08474693,-0.007948494,-0.1937762
0.08474693,-0.007948485,-0.2472947
0.08474693,-0.02739012,-0.2205355
0.08474693,-0.007948494,-0.1937762
0.08474693,0.02350875,-0.2039975
0.08474693,0.02350875,-0.2370735
0.08474693,0.1692447,-0.1804838
0.1177955,0.1692447,-0.1804838
0.1177955,0.1365758,-0.1753096
0.08474693,0.1365758,-0.1753096
0.08474693,0.1608726,-0.1276245
0.1177955,0.1608726,-0.1276245
0.1177955,0.1842609,-0.1510127
0.08474693,0.1842609,-0.1510127
0.08474693,0.1314016,-0.1426407
0.1177955,0.1314016,-0.1426407
0.1177955,0.1608726,-0.1276245
0.08474693,0.1608726,-0.1276245
0.1177955,0.1608726,-0.1276245
0.1177955,0.1314016,-0.1426407
0.1177955,0.1365758,-0.1753096
0.1177955,0.1692447,-0.1804838
0.1177955,0.1842609,-0.1510127
0.08474693,0.1365758,-0.1753096
0.1177955,0.1365758,-0.1753096
0.1177955,0.1314016,-0.1426407
0.08474693,0.1314016,-0.1426407
0.08474693,0.1842609,-0.1510127
0.1177955,0.1842609,-0.1510127
0.1177955,0.1692447,-0.1804838
0.08474693,0.1692447,-0.1804838
0.08474693,0.1365758,-0.1753096
0.08474693,0.1314016,-0.1426407
0.08474693,0.1608726,-0.1276245
0.08474693,0.1692447,-0.1804838
0.08474693,0.1842609,-0.1510127
0.1246025,-0.07632708,0.04406907
0.1246025,-0.04406746,0.07632868
0.1012683,-0.0670787,0.1161853
0.1012683,-0.1161836,0.06708019
0.1246025,-0.08813498,1.582155E-06
0.1012683,-0.1341574,1.318462E-06
0.1246025,-0.07632708,-0.04406617
0.1012683,-0.1161836,-0.06707729
0.1246025,-0.04406746,-0.07632577
0.1012683,-0.06707869,-0.1161824
0.1246025,6.390796E-08,-0.08813366
0.1012683,-1.913395E-08,-0.1341559
0.1246026,0.04406759,-0.07632577
0.1246025,6.390796E-08,-0.08813366
0.1012683,0.06707868,-0.1161824
0.1246025,-0.04406746,0.07632868
0.1012683,-8.604948E-08,0.1341588
0.1246025,-6.237848E-09,0.08813656
0.1012683,0.06707866,0.116185
0.1246026,0.04406758,0.07632868
0.1246026,0.04406758,0.07632868
0.1012682,0.1161837,0.06707993
0.1246025,0.07632729,0.04406881
0.1246025,0.07632729,0.04406881
0.1012682,0.1341573,1.318462E-06
0.1012682,0.1161837,0.06707993
0.1246025,0.0881351,1.582155E-06
0.1012682,0.1161837,-0.06707729
0.1246025,0.07632728,-0.04406591
0.1012683,0.06707868,-0.1161824
0.1246026,0.04406759,-0.07632577
0.08474693,0.1753118,0.1365774
0.1177955,0.1753118,0.1365774
0.1177955,0.1426429,0.131403
0.08474693,0.1426429,0.131403
0.08474693,0.1426429,0.131403
0.1177955,0.1426429,0.131403
0.1177955,0.1276267,0.160874
0.08474693,0.1276267,0.160874
0.08474693,0.1276267,0.160874
0.1177955,0.1276267,0.160874
0.1177955,0.151015,0.1842625
0.08474693,0.151015,0.1842625
0.1177955,0.151015,0.1842625
0.1177955,0.1276267,0.160874
0.1177955,0.1426429,0.131403
0.1177955,0.1753118,0.1365774
0.1177955,0.1804861,0.1692462
0.08474693,0.151015,0.1842625
0.1177955,0.151015,0.1842625
0.1177955,0.1804861,0.1692462
0.08474693,0.180486,0.1692462
0.08474693,0.180486,0.1692462
0.1177955,0.1804861,0.1692462
0.1177955,0.1753118,0.1365774
0.08474693,0.1753118,0.1365774
0.08474693,0.1426429,0.131403
0.08474693,0.1276267,0.160874
0.08474693,0.151015,0.1842625
0.08474693,0.1753118,0.1365774
0.08474693,0.180486,0.1692462
0.08173952,1.064284E-08,0.0571469
0.08173952,0.02857275,0.04949085
0.1246026,0.04406758,0.07632868
0.1246025,-6.237848E-09,0.08813656
0.1246025,0.07632729,0.04406881
0.08173952,-0.02857258,0.04949085
0.08173952,0.04948943,0.02857398
0.1246025,-0.04406746,0.07632868
0.1246025,0.0881351,1.582155E-06
0.08173952,-0.04948919,0.02857424
0.08173952,0.05714542,1.582155E-06
0.1246025,-0.07632708,0.04406907
0.1246025,0.07632728,-0.04406591
0.08173952,-0.05714524,1.582155E-06
0.08173952,0.04948942,-0.02857108
0.1246025,-0.08813498,1.582155E-06
0.1246026,0.04406759,-0.07632577
0.08173952,-0.04948918,-0.02857108
0.08173952,0.02857276,-0.04948769
0.1246025,-0.07632708,-0.04406617
0.1246025,6.390796E-08,-0.08813366
0.08173952,-0.02857257,-0.04948769
0.08173952,9.564112E-08,-0.05714373
0.1246025,-0.04406746,-0.07632577
0.1012682,0.2358107,-0.1361439
0.1012683,0.1361454,-0.2358093
0.1691127,0.1509407,-0.2614355
0.1691127,0.2614369,-0.1509391
0.1691127,5.777778E-08,-0.3018799
0.1012682,0.2722906,1.318462E-06
0.1012683,-2.978874E-08,-0.2722893
0.1691127,0.3018814,1.318462E-06
0.1691127,-0.1509406,-0.2614355
0.1012682,0.2358107,0.1361465
0.1012683,-0.1361453,-0.2358093
0.1691127,0.2614369,0.150942
0.1691127,-0.2614368,-0.1509391
0.1012683,0.1361454,0.235812
0.1012683,-0.2358106,-0.1361441
0.1691127,0.1509407,0.2614384
0.1691127,-0.3018813,1.318462E-06
0.1012683,2.049837E-08,0.272292
0.1012683,-0.2722907,1.318462E-06
0.1691127,5.777778E-08,0.3018827
0.1691127,-0.2614368,0.150942
0.1012683,-0.1361453,0.2358122
0.1012683,-0.2358106,0.1361468
0.1691127,-0.1509406,0.2614384
0.1691127,0.2614369,-0.1509391
0.1691127,0.1509407,-0.2614355
0.1730141,0.2020519,-0.3499629
0.1730141,0.3499642,-0.2020506
0.1730141,2.049837E-08,-0.4041026
0.1691127,0.3018814,1.318462E-06
0.1691127,5.777778E-08,-0.3018799
0.1730141,0.4041038,1.318462E-06
0.1730141,-0.2020519,-0.3499629
0.1691127,0.2614369,0.150942
0.1691127,-0.1509406,-0.2614355
0.1730141,0.3499642,0.2020533
0.1730141,-0.3499642,-0.2020506
0.1691127,0.1509407,0.2614384
0.1691127,-0.2614368,-0.1509391
0.1730141,0.2020519,0.3499655
0.1730141,-0.4041038,1.318462E-06
0.1691127,5.777778E-08,0.3018827
0.1691127,-0.3018813,1.318462E-06
0.1730141,2.049837E-08,0.4041052
0.1730141,-0.3499642,0.2020533
0.1691127,-0.1509406,0.2614384
0.1691127,-0.2614368,0.150942
0.1730141,-0.2020519,0.3499655
0.144755,0.21668,-0.3752992
0.144755,0.3753007,-0.2166787
0.1730141,0.3499642,-0.2020506
0.1730141,0.2020519,-0.3499629
0.1730141,0.4041038,1.318462E-06
0.144755,2.049837E-08,-0.4333585
0.144755,0.4333599,1.318462E-06
0.1730141,2.049837E-08,-0.4041026
0.1730141,0.3499642,0.2020533
0.144755,-0.2166799,-0.3752992
0.144755,0.3753007,0.2166813
0.1730141,-0.2020519,-0.3499629
0.1730141,0.2020519,0.3499655
0.144755,-0.3753007,-0.2166787
0.144755,0.21668,0.3753021
0.1730141,-0.3499642,-0.2020506
0.1730141,2.049837E-08,0.4041052
0.144755,-0.4333599,1.318462E-06
0.144755,2.049837E-08,0.4333614
0.1730141,-0.4041038,1.318462E-06
0.1730141,-0.2020519,0.3499655
0.144755,-0.3753007,0.2166813
0.144755,-0.2166799,0.3753021
0.1730141,-0.3499642,0.2020533
-0.1466188,0.3753007,-0.2166787
-0.1466188,0.2166799,-0.3752992
-0.1748779,0.2020518,-0.3499629
-0.1748779,0.3499642,-0.2020506
-0.1748779,-8.007591E-08,-0.4041026
-0.1466188,0.4333598,1.318462E-06
-0.1466188,-8.007591E-08,-0.4333585
-0.1748779,0.4041038,1.318462E-06
-0.1748779,-0.202052,-0.3499629
-0.1466188,0.3753007,0.2166813
-0.1466188,-0.21668,-0.3752992
-0.1748779,0.3499642,0.2020533
-0.1748779,-0.3499643,-0.2020506
-0.1466188,0.2166799,0.3753021
-0.1466188,-0.3753007,-0.2166787
-0.1748779,0.2020518,0.3499655
-0.1748779,-0.4041039,1.318462E-06
-0.1466188,-8.007591E-08,0.4333614
-0.1466188,-0.43336,1.318462E-06
-0.1748779,-8.007591E-08,0.4041052
-0.1748779,-0.3499643,0.2020533
-0.1466188,-0.21668,0.3753021
-0.1466188,-0.3753007,0.2166813
-0.1748779,-0.202052,0.3499655
-0.1466188,0.2166799,-0.3752992
0.144755,0.21668,-0.3752992
0.144755,2.049837E-08,-0.4333585
-0.1466188,-8.007591E-08,-0.4333585
-0.1466188,0.3753007,-0.2166787
0.144755,-0.2166799,-0.3752992
0.144755,0.3753007,-0.2166787
-0.1466188,-0.21668,-0.3752992
-0.1466188,0.4333598,1.318462E-06
0.144755,-0.3753007,-0.2166787
0.144755,0.4333599,1.318462E-06
-0.1466188,-0.3753007,-0.2166787
-0.1466188,0.3753007,0.2166813
0.144755,-0.4333599,1.318462E-06
0.144755,0.3753007,0.2166813
-0.1466188,-0.43336,1.318462E-06
-0.1466188,0.2166799,0.3753021
0.144755,-0.3753007,0.2166813
0.144755,0.21668,0.3753021
-0.1466188,-0.3753007,0.2166813
-0.1466188,-8.007591E-08,0.4333614
0.144755,-0.2166799,0.3753021
0.144755,2.049837E-08,0.4333614
-0.1466188,-0.21668,0.3753021
468
0.2790901,0.9603667
0.2790901,0.9603668
0.2790901,0.9603667
0.1484376,0.5326324
0.1484376,0.5326324
0.1484376,0.5326324
0.1484376,0.5326324
0.1484376,0.5326324
0.1484376,0.5326324
0.1484376,0.5326324
0.1484376,0.5326324
0.1484376,0.5326324
0.1484376,0.5326324
0.1484376,0.5326324
0.1484376,0.5326324
0.2790901,0.9603667
0.2790901,0.9603669
0.2790901,0.9603669
0.2790901,0.9603668
0.2790901,0.9603668
0.2790901,0.9603667
0.2790901,0.9603667
0.2790901,0.9603667
0.2790901,0.9603667
0.2790901,0.9603667
0.2790901,0.9603667
0.2790901,0.9603668
0.2790901,0.9603668
0.2790901,0.9603668
0.2790901,0.9603668
0.2790901,0.9603669
0.2790901,0.9603668
0.2790901,0.9603668
0.2790901,0.9603668
0.2790902,0.9603669
0.2790901,0.9603668
0.2790901,0.9603669
0.2790901,0.9603668
0.2790901,0.9603668
0.2790901,0.9603668
0.2790901,0.9603668
0.2790901,0.9603668
0.2790901,0.9603668
0.2790901,0.9603668
0.2790901,0.9603668
0.2790901,0.9603668
0.2790901,0.9603668
0.2790901,0.9603668
0.2790901,0.9603667
0.2790901,0.9603668
0.2790901,0.9603668
0.2790901,0.9603667
0.2790901,0.9603668
0.1663338,0.5261338
0.1663338,0.5261338
0.1663338,0.5261338
0.1663338,0.5261338
0.1663338,0.5261338
0.1663338,0.5261338
0.1663338,0.5261338
0.1663338,0.5261338
0.1663338,0.5261338
0.1663338,0.5261338
0.1663338,0.5261338
0.1663338,0.5261338
0.1663338,0.5261338
0.1663338,0.5261338
0.1663338,0.5261338
0.1663338,0.5261338
0.1663338,0.5261338
0.1663338,0.5261338
0.1663338,0.5261338
0.1663338,0.5261338
0.1663338,0.5261338
0.1663338,0.5261338
0.1663338,0.5261338
0.1663338,0.5261338
0.1663338,0.5261338
0.1663338,0.5261338
0.1663338,0.5261338
0.1663338,0.5261338
0.1663338,0.5261338
0.1663338,0.5261338
0.1663338,0.5261338
0.1663338,0.5261338
0.1663338,0.5261338
0.1663338,0.5261338
0.1663338,0.5261338
0.1663338,0.5261338
0.1663338,0.5261338
0.1663338,0.5261338
0.1663338,0.5261338
0.1663338,0.5261338
0.1663338,0.5261338
0.1663338,0.5261338
0.1663338,0.5261338
0.1663338,0.5261338
0.1663338,0.5261338
0.1663338,0.5261338
0.1663338,0.5261338
0.1663338,0.5261338
0.1663338,0.5261338
0.1663338,0.5261338
0.1663338,0.5261338
0.1663338,0.5261338
0.1663338,0.5261338
0.1663338,0.5261338
0.1663338,0.5261338
0.1663338,0.5261338
0.1663338,0.5261338
0.1663338,0.5261338
0.1663338,0.5261338
0.1663338,0.5261338
0.1663338,0.5261338
0.1663338,0.5261338
0.1663338,0.5261338
0.1663338,0.5261338
0.1663338,0.5261338
0.1663338,0.5261338
0.1663338,0.5261338
0.1663338,0.5261338
0.1663338,0.5261338
0.1663338,0.5261338
0.1663338,0.5261338
0.1663338,0.5261338
0.1663338,0.5261338
0.1663338,0.5261338
0.1663338,0.5261338
0.1663338,0.5261338
0.1663338,0.5261338
0.1663338,0.5261338
0.1663338,0.5261338
0.1663338,0.5261338
0.1663338,0.5261338
0.1663338,0.5261338
0.1663338,0.5261338
0.1663338,0.5261338
0.1663338,0.5261338
0.1663338,0.5261338
0.1663338,0.5261338
0.1663338,0.5261338
0.1663338,0.5261338
0.1663338,0.5261338
0.1663338,0.5261338
0.1663338,0.5261338
0.1663338,0.5261338
0.1663338,0.5261338
0.1663338,0.5261338
0.1663338,0.5261338
0.1663338,0.5261338
0.1663338,0.5261338
0.1663338,0.5261338
0.1663338,0.5261338
0.1663338,0.5261338
0.1663338,0.5261338
0.1663338,0.5261338
0.1663338,0.5261338
0.1663338,0.5261338
0.1663338,0.5261338
0.1663338,0.5261338
0.1663338,0.5261338
0.1663338,0.5261338
0.1663338,0.5261338
0.1663338,0.5261338
0.1663338,0.5261338
0.1663338,0.5261338
0.1663338,0.5261338
0.1663338,0.5261338
0.1663338,0.5261338
0.1663338,0.5261338
0.1663338,0.5261338
0.1663338,0.5261338
0.1663338,0.5261338
0.1663338,0.5261338
0.1663338,0.5261338
0.1663338,0.5261338
0.1663338,0.5261338
0.1663338,0.5261338
0.1663338,0.5261338
0.1663338,0.5261338
0.1663338,0.5261338
0.1663338,0.5261338
0.1663338,0.5261338
0.1663338,0.5261338
0.1663338,0.5261338
0.1663338,0.5261338
0.1663338,0.5261338
0.1663338,0.5261338
0.1663338,0.5261338
0.1663338,0.5261338
0.1663338,0.5261338
0.1663338,0.5261338
0.1663338,0.5261338
0.1663338,0.5261338
0.1663338,0.5261338
0.1663338,0.5261338
0.1663338,0.5261338
0.1663338,0.5261338
0.1663338,0.5261338
0.1663338,0.5261338
0.1663338,0.5261338
0.1663338,0.5261338
0.1663338,0.5261338
0.1663338,0.5261338
0.1663338,0.5261338
0.1663338,0.5261338
0.1663338,0.5261338
0.1663338,0.5261338
0.1663338,0.5261338
0.1663338,0.5261338
0.1663338,0.5261338
0.1663338,0.5261338
0.1663338,0.5261338
0.1663338,0.5261338
0.1663338,0.5261338
0.1663338,0.5261338
0.1663338,0.5261338
0.1663338,0.5261338
0.1663338,0.5261338
0.1663338,0.5261338
0.1663338,0.5261338
0.1663338,0.5261338
0.1663338,0.5261338
0.1663338,0.5261338
0.1663338,0.5261338
0.1663338,0.5261338
0.1663338,0.5261338
0.1663338,0.5261338
0.1663338,0.5261338
0.1663338,0.5261338
0.1663338,0.5261338
0.1663338,0.5261338
0.1663338,0.5261338
0.1663338,0.5261338
0.1663338,0.5261338
0.1663338,0.5261338
0.1663338,0.5261338
0.1663338,0.5261338
0.1663338,0.5261338
0.1663338,0.5261338
0.1663338,0.5261338
0.1663338,0.5261338
0.1663338,0.5261338
0.1663338,0.5261338
0.1663338,0.5261338
0.1663338,0.5261338
0.1663338,0.5261338
0.1663338,0.5261338
0.1663338,0.5261338
0.1663338,0.5261338
0.1663338,0.5261338
0.1663338,0.5261338
0.1663338,0.5261338
0.1663338,0.5261338
0.1663338,0.5261338
0.1663338,0.5261338
0.1663338,0.5261338
0.1663338,0.5261338
0.1663338,0.5261338
0.1663338,0.5261338
0.1663338,0.5261338
0.1663338,0.5261338
0.1663338,0.5261338
0.2790901,0.9603667
0.2790901,0.9603668
0.2790901,0.9603668
0.2790901,0.9603667
0.2790901,0.9603668
0.2790901,0.9603668
0.2790901,0.9603668
0.2790901,0.9603668
0.2790902,0.960367
0.2790901,0.9603669
0.2790901,0.9603668
0.2790901,0.9603668
0.2790901,0.9603666
0.2790901,0.9603668
0.2790902,0.9603669
0.2790901,0.9603668
0.2790901,0.9603668
0.2790901,0.9603668
0.2790901,0.9603668
0.2790901,0.9603668
0.2790901,0.9603668
0.2790901,0.9603668
0.2790901,0.9603667
0.2790901,0.9603667
0.2790901,0.9603668
0.2790901,0.9603668
0.2790901,0.9603668
0.2790901,0.9603669
0.2790901,0.9603667
0.2790902,0.9603669
0.2790901,0.9603666
0.1663338,0.5261338
0.1663338,0.5261338
0.1663338,0.5261338
0.1663338,0.5261338
0.1663338,0.5261338
0.1663338,0.5261338
0.1663338,0.5261338
0.1663338,0.5261338
0.1663338,0.5261338
0.1663338,0.5261338
0.1663338,0.5261338
0.1663338,0.5261338
0.1663338,0.5261338
0.1663338,0.5261338
0.1663338,0.5261338
0.1663338,0.5261338
0.1663338,0.5261338
0.1663338,0.5261338
0.1663338,0.5261338
0.1663338,0.5261338
0.1663338,0.5261338
0.1663338,0.5261338
0.1663338,0.5261338
0.1663338,0.5261338
0.1663338,0.5261338
0.1663338,0.5261338
0.1663338,0.5261338
0.1663338,0.5261338
0.1663338,0.5261338
0.1663338,0.5261338
0.2790901,0.9603667
0.2790901,0.9603667
0.2790901,0.9603668
0.2790901,0.9603668
0.2790901,0.9603667
0.2790901,0.9603668
0.2790901,0.9603667
0.2790901,0.9603668
0.2790901,0.9603668
0.2790901,0.9603667
0.2790901,0.9603668
0.2790901,0.9603667
0.2790901,0.9603667
0.2790901,0.9603669
0.2790901,0.9603667
0.2790901,0.9603668
0.2790901,0.9603666
0.2790901,0.9603669
0.2790901,0.9603667
0.2790901,0.9603668
0.2790901,0.9603668
0.2790901,0.9603668
0.2790901,0.9603667
0.2790902,0.960367
0.2790901,0.9603668
0.2790901,0.9603668
0.2790901,0.9603668
0.2790901,0.9603668
0.2790901,0.9603668
0.2790901,0.9603668
0.2790901,0.9603668
0.2790901,0.9603668
0.2790901,0.9603668
0.2790901,0.9603668
0.2790901,0.9603668
0.2790901,0.9603668
0.2790901,0.9603668
0.2790901,0.9603668
0.2790901,0.9603668
0.2790901,0.9603668
0.2790901,0.9603668
0.2790901,0.9603668
0.2790901,0.9603668
0.2790901,0.9603668
0.2790901,0.9603668
0.2790901,0.9603668
0.2790901,0.9603668
0.2790901,0.9603668
0.1484376,0.5326324
0.1484376,0.5326324
0.1484376,0.5326324
0.1484376,0.5326324
0.1484376,0.5326324
0.1484376,0.5326324
0.1484376,0.5326324
0.1484376,0.5326324
0.1484376,0.5326324
0.1484376,0.5326324
0.1484376,0.5326324
0.1484376,0.5326324
0.1484376,0.5326324
0.1484376,0.5326324
0.1484376,0.5326324
0.1484376,0.5326324
0.1484376,0.5326324
0.1484376,0.5326324
0.1484376,0.5326324
0.1484376,0.5326324
0.1484376,0.5326324
0.1484376,0.5326324
0.1484376,0.5326324
0.1484376,0.5326324
0.1484376,0.5326324
0.1484376,0.5326324
0.1484376,0.5326324
0.1484376,0.5326324
0.1484376,0.5326324
0.1484376,0.5326324
0.1484376,0.5326324
0.1484376,0.5326324
0.1484376,0.5326324
0.1484376,0.5326324
0.1484376,0.5326324
0.1484376,0.5326324
0.1484376,0.5326324
0.1484376,0.5326324
0.1484376,0.5326324
0.1484376,0.5326324
0.1484376,0.5326324
0.1484376,0.5326324
0.1484376,0.5326324
0.1484376,0.5326324
0.1484376,0.5326324
0.1484376,0.5326324
0.1484376,0.5326324
0.1484376,0.5326324
0.1484376,0.5326324
0.1484376,0.5326324
0.1484376,0.5326324
0.1484376,0.5326324
0.1484376,0.5326324
0.1484376,0.5326324
0.1484376,0.5326324
0.1484376,0.5326324
0.1484376,0.5326324
0.1484376,0.5326324
0.1484376,0.5326324
0.1484376,0.5326324
0.1484376,0.5326324
0.1484376,0.5326324
0.1484376,0.5326324
0.1484376,0.5326324
0.1484376,0.5326324
0.1484376,0.5326324
0.1484376,0.5326324
0.1484376,0.5326324
0.1484376,0.5326324
0.1484376,0.5326324
0.1484376,0.5326324
0.1484376,0.5326324
0.1484376,0.5326324
0.1484376,0.5326324
0.1484376,0.5326324
0.1484376,0.5326324
0.1484376,0.5326324
0.1484376,0.5326324
0.1484376,0.5326324
0.1484376,0.5326324
0.1484376,0.5326324
0.1484376,0.5326324
0.1484376,0.5326324
0.1484376,0.5326324
0.1484376,0.5326324
0.1484376,0.5326324
0.1484376,0.5326324
0.1484376,0.5326324
0.1484376,0.5326324
0.1484376,0.5326324
0.1484376,0.5326324
0.1484376,0.5326324
0.1484376,0.5326324
0.1484376,0.5326324
0.1484376,0.5326324
0.1484376,0.5326324
1
1020
0
1
2
3
4
5
5
6
3
5
7
6
7
8
6
7
9
8
9
10
8
9
11
10
11
12
10
11
13
12
13
14
12
15
16
17
17
18
15
17
19
18
19
20
18
19
21
20
21
22
20
21
23
22
23
24
22
23
25
24
26
27
28
26
28
29
30
26
29
30
29
31
32
30
31
32
31
33
34
32
33
34
33
35
36
34
35
36
35
37
38
36
37
38
37
39
40
38
39
40
39
41
42
40
41
42
41
43
44
42
43
44
43
45
46
44
45
46
45
47
48
46
47
48
47
49
50
51
52
50
52
28
53
54
55
53
55
56
57
58
59
57
59
60
61
62
63
61
63
64
65
66
67
67
68
65
67
69
68
70
71
72
70
72
73
74
75
76
74
76
77
78
79
80
80
81
78
81
82
78
83
84
85
83
85
86
87
88
89
87
89
90
91
92
93
91
93
94
95
96
97
97
98
95
97
99
98
100
101
102
100
102
103
104
105
106
104
106
107
108
109
110
110
111
108
111
112
108
113
114
115
113
115
116
117
118
119
117
119
120
121
122
123
121
123
124
125
126
127
127
128
125
127
129
128
130
131
132
130
132
133
134
135
136
134
136
137
138
139
140
140
141
138
141
142
138
143
144
145
143
145
146
147
148
149
147
149
150
151
152
153
151
153
154
155
156
157
157
158
155
158
159
155
160
161
162
160
162
163
164
165
166
164
166
167
168
169
170
170
171
168
170
172
171
173
174
175
173
175
176
177
178
179
177
179
180
181
182
183
181
183
184
185
186
187
187
188
185
187
189
188
190
191
192
190
192
193
194
195
196
194
196
197
198
199
200
200
201
198
201
202
198
203
204
205
203
205
206
207
208
209
207
209
210
211
212
213
211
213
214
215
216
217
217
218
215
218
219
215
220
221
222
220
222
223
224
225
226
224
226
227
228
229
230
230
231
228
231
232
228
233
234
235
233
235
236
237
238
239
237
239
240
241
242
243
241
243
244
245
246
247
247
248
245
248
249
245
250
251
252
250
252
253
254
255
256
254
256
257
258
259
260
260
261
258
260
262
261
263
264
265
263
265
266
267
263
266
267
266
268
269
267
268
269
268
270
271
269
270
271
270
272
273
271
272
273
272
274
275
276
274
275
274
277
278
279
265
278
280
279
280
281
279
280
282
281
283
284
281
283
285
284
286
287
288
286
289
287
289
290
287
289
291
290
291
292
290
291
293
292
294
295
296
294
296
297
298
299
300
298
300
301
302
303
304
302
304
305
306
307
308
308
309
306
309
310
306
311
312
313
311
313
314
315
316
317
315
317
318
319
320
321
321
322
319
321
323
322
324
325
326
324
326
327
325
328
326
329
324
327
325
330
328
329
327
331
330
332
328
333
329
331
330
334
332
333
331
335
334
336
332
337
333
335
334
338
336
337
335
339
338
340
336
341
337
339
338
342
340
341
339
343
342
344
340
345
341
343
342
346
344
345
343
347
346
345
347
346
347
344
348
349
350
348
350
351
349
352
350
353
348
351
349
354
352
353
351
355
354
356
352
357
353
355
354
358
356
357
355
359
358
360
356
361
357
359
358
362
360
361
359
363
362
364
360
365
361
363
362
366
364
365
363
367
366
368
364
369
365
367
366
370
368
369
367
371
370
369
371
370
371
368
372
373
374
372
374
375
373
376
374
377
372
375
373
378
376
377
375
379
378
380
376
381
377
379
378
382
380
381
379
383
382
384
380
385
381
383
382
386
384
385
383
387
386
388
384
389
385
387
386
390
388
389
387
391
390
392
388
393
389
391
390
394
392
393
391
395
394
393
395
394
395
392
396
397
398
396
398
399
397
400
398
401
396
399
397
402
400
401
399
403
402
404
400
405
401
403
402
406
404
405
403
407
406
408
404
409
405
407
406
410
408
409
407
411
410
412
408
413
409
411
410
414
412
413
411
415
414
416
412
417
413
415
414
418
416
417
415
419
418
417
419
418
419
416
420
421
422
420
422
423
421
424
422
425
420
423
421
426
424
425
423
427
426
428
424
429
425
427
426
430
428
429
427
431
430
432
428
433
429
431
430
434
432
433
431
435
434
436
432
437
433
435
434
438
436
437
435
439
438
440
436
441
437
439
438
442
440
441
439
443
442
441
443
442
443
440
444
445
446
444
446
447
448
445
444
447
446
449
448
450
445
447
449
451
452
450
448
451
449
453
452
454
450
451
453
455
456
454
452
455
453
457
456
458
454
455
457
459
460
458
456
459
457
461
460
462
458
459
461
463
464
462
460
463
461
465
464
466
462
463
465
467
467
466
464
467
465
466
