MESH3
Pick Up_11 BR Tire
467
0.08173965,0.04948941,-0.02857251
0.08173965,0.05714541,1.247596E-07
0.08173965,0.04948943,0.0285727
-0.1748778,-0.3499643,-0.202052
-0.1748778,-0.4041039,-8.170761E-09
-0.1748778,-0.3499643,0.202052
-0.1748778,-0.202052,-0.3499642
-0.1748778,-0.202052,0.3499642
-0.1748778,-8.374596E-08,-0.404104
-0.1748778,-8.374596E-08,0.4041039
-0.1748778,0.2020518,-0.3499642
-0.1748778,0.2020518,0.3499642
-0.1748778,0.3499642,-0.202052
-0.1748778,0.3499642,0.202052
-0.1748778,0.4041038,-8.170761E-09
0.08173965,-0.04948919,0.02857285
0.08173965,-0.05714525,1.283217E-07
0.08173965,-0.04948919,-0.02857257
0.08173965,-0.02857259,0.04948946
0.08173965,-0.02857258,-0.04948917
0.08173965,6.972789E-09,0.05714544
0.08173965,9.197107E-08,-0.05714519
0.08173965,0.02857275,0.04948937
0.08173965,0.02857275,-0.04948918
0.08173965,0.04948943,0.0285727
0.08173965,0.04948941,-0.02857251
0.1012684,-0.1341574,-8.170761E-09
0.1012684,-0.1161837,0.06707877
0.1012684,-0.2358106,0.1361454
0.1012684,-0.2722907,-8.170761E-09
0.1012684,-0.1161836,-0.06707874
0.1012684,-0.2358106,-0.1361454
0.1012684,-0.06707869,-0.1161837
0.1012684,-0.1361453,-0.2358106
0.1012684,-2.2804E-08,-0.1341573
0.1012684,-3.345879E-08,-0.2722906
0.1012684,0.06707867,-0.1161837
0.1012684,0.1361453,-0.2358106
0.1012683,0.1161837,-0.06707861
0.1012683,0.2358107,-0.1361452
0.1012683,0.1341573,-8.170761E-09
0.1012683,0.2722906,-8.170761E-09
0.1012683,0.1161837,0.06707856
0.1012683,0.2358107,0.1361452
0.1012684,0.06707866,0.1161836
0.1012684,0.1361453,0.2358105
0.1012684,-8.971953E-08,0.1341573
0.1012684,1.682832E-08,0.2722906
0.1012684,-0.0670787,0.1161837
0.1012684,-0.1361453,0.2358107
0.1012684,-0.1161837,0.06707877
0.1012684,-0.2358106,0.1361454
0.08474706,0.2205377,-0.02739004
0.1177956,0.2205377,-0.02739004
0.1177956,0.1937786,-0.007948402
0.08474706,0.1937786,-0.007948402
0.08474706,0.1937786,-0.007948402
0.1177956,0.1937786,-0.007948402
0.1177956,0.2039996,0.02350884
0.08474706,0.2039996,0.02350884
0.08474706,0.2039996,0.02350884
0.1177956,0.2039996,0.02350884
0.1177956,0.2370757,0.02350884
0.08474706,0.2370757,0.02350884
0.1177956,0.2039996,0.02350884
0.1177956,0.1937786,-0.007948402
0.1177956,0.2205377,-0.02739004
0.1177956,0.2370757,0.02350884
0.1177956,0.2472968,-0.007948402
0.08474706,0.2370757,0.02350884
0.1177956,0.2370757,0.02350884
0.1177956,0.2472968,-0.007948402
0.08474706,0.2472968,-0.007948402
0.08474706,0.2472968,-0.007948402
0.1177956,0.2472968,-0.007948402
0.1177956,0.2205377,-0.02739004
0.08474706,0.2205377,-0.02739004
0.08474706,0.2205377,-0.02739004
0.08474706,0.1937786,-0.007948402
0.08474706,0.2039996,0.02350884
0.08474706,0.2370757,0.02350884
0.08474706,0.2472968,-0.007948402
0.08474706,0.02739083,0.2205378
0.1177956,0.02739083,0.2205378
0.1177956,0.0079492,0.1937787
0.08474706,0.007949208,0.1937786
0.08474706,0.007949208,0.1937786
0.1177956,0.0079492,0.1937787
0.1177956,-0.02350803,0.2039997
0.08474706,-0.02350803,0.2039997
0.08474706,-0.02350803,0.2039997
0.1177956,-0.02350803,0.2039997
0.1177956,-0.02350803,0.2370758
0.08474706,-0.02350803,0.2370758
0.1177956,-0.02350803,0.2370758
0.1177956,-0.02350803,0.2039997
0.1177956,0.0079492,0.1937787
0.1177956,0.007949215,0.2472969
0.1177956,0.02739083,0.2205378
0.08474706,-0.02350803,0.2370758
0.1177956,-0.02350803,0.2370758
0.1177956,0.007949215,0.2472969
0.08474706,0.0079492,0.2472969
0.08474706,0.0079492,0.2472969
0.1177956,0.007949215,0.2472969
0.1177956,0.02739083,0.2205378
0.08474706,0.02739083,0.2205378
0.08474706,0.007949208,0.1937786
0.08474706,-0.02350803,0.2039997
0.08474706,-0.02350803,0.2370758
0.08474706,0.0079492,0.2472969
0.08474706,0.02739083,0.2205378
0.08474706,-0.1842602,0.1510151
0.1177956,-0.1842602,0.1510151
0.1177956,-0.169244,0.1804861
0.08474706,-0.1692439,0.1804861
0.08474706,-0.1608718,0.1276267
0.1177956,-0.1608718,0.1276267
0.1177956,-0.1842602,0.1510151
0.08474706,-0.1842602,0.1510151
0.08474706,-0.1314008,0.142643
0.1177956,-0.1314009,0.142643
0.1177956,-0.1608718,0.1276267
0.08474706,-0.1608718,0.1276267
0.1177956,-0.169244,0.1804861
0.1177956,-0.1842602,0.1510151
0.1177956,-0.1608718,0.1276267
0.1177956,-0.1365751,0.1753119
0.1177956,-0.1314009,0.142643
0.08474706,-0.1692439,0.1804861
0.1177956,-0.169244,0.1804861
0.1177956,-0.1365751,0.1753119
0.08474706,-0.1365751,0.1753119
0.08474706,-0.1365751,0.1753119
0.1177956,-0.1365751,0.1753119
0.1177956,-0.1314009,0.142643
0.08474706,-0.1314008,0.142643
0.08474706,-0.1608718,0.1276267
0.08474706,-0.1842602,0.1510151
0.08474706,-0.1692439,0.1804861
0.08474706,-0.1365751,0.1753119
0.08474706,-0.1314008,0.142643
0.08474706,-0.2472961,0.007949287
0.1177956,-0.2472961,0.007949303
0.1177956,-0.220537,0.02739092
0.08474706,-0.220537,0.02739092
0.08474706,-0.1937778,0.007949303
0.1177956,-0.1937779,0.007949287
0.1177956,-0.2039989,-0.02350795
0.08474706,-0.2039989,-0.02350795
0.08474706,-0.2039989,-0.02350795
0.1177956,-0.2039989,-0.02350795
0.1177956,-0.237075,-0.02350794
0.08474706,-0.237075,-0.02350794
0.1177956,-0.220537,0.02739092
0.1177956,-0.2472961,0.007949303
0.1177956,-0.237075,-0.02350794
0.1177956,-0.2039989,-0.02350795
0.1177956,-0.1937779,0.007949287
0.08474706,-0.220537,0.02739092
0.1177956,-0.220537,0.02739092
0.1177956,-0.1937779,0.007949287
0.08474706,-0.1937778,0.007949303
0.08474706,-0.237075,-0.02350794
0.1177956,-0.237075,-0.02350794
0.1177956,-0.2472961,0.007949303
0.08474706,-0.2472961,0.007949287
0.08474706,-0.237075,-0.02350794
0.08474706,-0.2472961,0.007949287
0.08474706,-0.220537,0.02739092
0.08474706,-0.2039989,-0.02350795
0.08474706,-0.1937778,0.007949303
0.08474706,-0.1753111,-0.136575
0.1177956,-0.1753111,-0.136575
0.1177956,-0.1426422,-0.1314008
0.08474706,-0.1426422,-0.1314007
0.08474706,-0.127626,-0.1608718
0.1177956,-0.127626,-0.1608718
0.1177956,-0.1510143,-0.1842601
0.08474706,-0.1510143,-0.1842601
0.08474706,-0.1426422,-0.1314007
0.1177956,-0.1426422,-0.1314008
0.1177956,-0.127626,-0.1608718
0.08474706,-0.127626,-0.1608718
0.1177956,-0.1753111,-0.136575
0.1177956,-0.1804853,-0.1692439
0.1177956,-0.1510143,-0.1842601
0.1177956,-0.1426422,-0.1314008
0.1177956,-0.127626,-0.1608718
0.08474706,-0.1510143,-0.1842601
0.1177956,-0.1510143,-0.1842601
0.1177956,-0.1804853,-0.1692439
0.08474706,-0.1804853,-0.1692439
0.08474706,-0.1804853,-0.1692439
0.1177956,-0.1804853,-0.1692439
0.1177956,-0.1753111,-0.136575
0.08474706,-0.1753111,-0.136575
0.08474706,-0.1510143,-0.1842601
0.08474706,-0.1804853,-0.1692439
0.08474706,-0.1753111,-0.136575
0.08474706,-0.1426422,-0.1314007
0.08474706,-0.127626,-0.1608718
0.08474706,0.02350875,-0.2370749
0.1177956,0.02350875,-0.2370749
0.1177956,-0.007948505,-0.247296
0.08474706,-0.007948489,-0.247296
0.08474706,-0.007948496,-0.1937778
0.1177956,-0.007948489,-0.1937778
0.1177956,0.02350874,-0.2039988
0.08474706,0.02350874,-0.2039988
0.08474706,0.02350874,-0.2039988
0.1177956,0.02350874,-0.2039988
0.1177956,0.02350875,-0.2370749
0.08474706,0.02350875,-0.2370749
0.1177956,-0.007948489,-0.1937778
0.1177956,-0.02739012,-0.2205369
0.1177956,-0.007948505,-0.247296
0.1177956,0.02350875,-0.2370749
0.1177956,0.02350874,-0.2039988
0.08474706,-0.007948489,-0.247296
0.1177956,-0.007948505,-0.247296
0.1177956,-0.02739012,-0.2205369
0.08474706,-0.02739012,-0.2205369
0.08474706,-0.02739012,-0.2205369
0.1177956,-0.02739012,-0.2205369
0.1177956,-0.007948489,-0.1937778
0.08474706,-0.007948496,-0.1937778
0.08474706,-0.007948489,-0.247296
0.08474706,-0.02739012,-0.2205369
0.08474706,-0.007948496,-0.1937778
0.08474706,0.02350874,-0.2039988
0.08474706,0.02350875,-0.2370749
0.08474706,0.1692447,-0.1804852
0.1177956,0.1692447,-0.1804852
0.1177956,0.1365758,-0.175311
0.08474706,0.1365758,-0.175311
0.08474706,0.1608726,-0.1276259
0.1177956,0.1608726,-0.1276259
0.1177956,0.1842609,-0.1510142
0.08474706,0.1842609,-0.1510142
0.08474706,0.1314016,-0.1426421
0.1177956,0.1314016,-0.1426421
0.1177956,0.1608726,-0.1276259
0.08474706,0.1608726,-0.1276259
0.1177956,0.1608726,-0.1276259
0.1177956,0.1314016,-0.1426421
0.1177956,0.1365758,-0.175311
0.1177956,0.1692447,-0.1804852
0.1177956,0.1842609,-0.1510142
0.08474706,0.1365758,-0.175311
0.1177956,0.1365758,-0.175311
0.1177956,0.1314016,-0.1426421
0.08474706,0.1314016,-0.1426421
0.08474706,0.1842609,-0.1510142
0.1177956,0.1842609,-0.1510142
0.1177956,0.1692447,-0.1804852
0.08474706,0.1692447,-0.1804852
0.08474706,0.1365758,-0.175311
0.08474706,0.1314016,-0.1426421
0.08474706,0.1608726,-0.1276259
0.08474706,0.1692447,-0.1804852
0.08474706,0.1842609,-0.1510142
0.1246026,-0.07632709,0.04406769
0.1246026,-0.04406747,0.07632732
0.1012684,-0.0670787,0.1161837
0.1012684,-0.1161837,0.06707877
0.1246026,-0.08813499,9.036781E-08
0.1012684,-0.1341574,-8.170761E-09
0.1246026,-0.07632709,-0.04406746
0.1012684,-0.1161836,-0.06707874
0.1246026,-0.04406746,-0.07632709
0.1012684,-0.06707869,-0.1161837
0.1246026,6.023792E-08,-0.08813494
0.1012684,-2.2804E-08,-0.1341573
0.1246027,0.04406758,-0.07632709
0.1246026,6.023792E-08,-0.08813494
0.1012684,0.06707867,-0.1161837
0.1246026,-0.04406747,0.07632732
0.1012684,-8.971953E-08,0.1341573
0.1246026,-9.907899E-09,0.08813512
0.1012684,0.06707866,0.1161836
0.1246027,0.04406758,0.07632721
0.1246027,0.04406758,0.07632721
0.1012683,0.1161837,0.06707856
0.1246026,0.07632729,0.04406752
0.1246026,0.07632729,0.04406752
0.1012683,0.1341573,-8.170761E-09
0.1012683,0.1161837,0.06707856
0.1246026,0.08813509,8.873685E-08
0.1012683,0.1161837,-0.06707861
0.1246026,0.07632727,-0.04406738
0.1012684,0.06707867,-0.1161837
0.1246027,0.04406758,-0.07632709
0.08474706,0.1753118,0.1365759
0.1177956,0.1753118,0.1365759
0.1177956,0.1426429,0.1314017
0.08474706,0.1426429,0.1314016
0.08474706,0.1426429,0.1314016
0.1177956,0.1426429,0.1314017
0.1177956,0.1276267,0.1608726
0.08474706,0.1276267,0.1608726
0.08474706,0.1276267,0.1608726
0.1177956,0.1276267,0.1608726
0.1177956,0.151015,0.184261
0.08474706,0.151015,0.184261
0.1177956,0.151015,0.184261
0.1177956,0.1276267,0.1608726
0.1177956,0.1426429,0.1314017
0.1177956,0.1753118,0.1365759
0.1177956,0.1804861,0.1692448
0.08474706,0.151015,0.184261
0.1177956,0.151015,0.184261
0.1177956,0.1804861,0.1692448
0.08474706,0.180486,0.1692448
0.08474706,0.180486,0.1692448
0.1177956,0.1804861,0.1692448
0.1177956,0.1753118,0.1365759
0.08474706,0.1753118,0.1365759
0.08474706,0.1426429,0.1314016
0.08474706,0.1276267,0.1608726
0.08474706,0.151015,0.184261
0.08474706,0.1753118,0.1365759
0.08474706,0.180486,0.1692448
0.08173965,6.972789E-09,0.05714544
0.08173965,0.02857275,0.04948937
0.1246027,0.04406758,0.07632721
0.1246026,-9.907899E-09,0.08813512
0.1246026,0.07632729,0.04406752
0.08173965,-0.02857259,0.04948946
0.08173965,0.04948943,0.0285727
0.1246026,-0.04406747,0.07632732
0.1246026,0.08813509,8.873685E-08
0.08173965,-0.04948919,0.02857285
0.08173965,0.05714541,1.247596E-07
0.1246026,-0.07632709,0.04406769
0.1246026,0.07632727,-0.04406738
0.08173965,-0.05714525,1.283217E-07
0.08173965,0.04948941,-0.02857251
0.1246026,-0.08813499,9.036781E-08
0.1246027,0.04406758,-0.07632709
0.08173965,-0.04948919,-0.02857257
0.08173965,0.02857275,-0.04948918
0.1246026,-0.07632709,-0.04406746
0.1246026,6.023792E-08,-0.08813494
0.08173965,-0.02857258,-0.04948917
0.08173965,9.197107E-08,-0.05714519
0.1246026,-0.04406746,-0.07632709
0.1012683,0.2358107,-0.1361452
0.1012684,0.1361453,-0.2358106
0.1691128,0.1509407,-0.2614368
0.1691128,0.2614369,-0.1509406
0.1691128,5.410773E-08,-0.3018813
0.1012683,0.2722906,-8.170761E-09
0.1012684,-3.345879E-08,-0.2722906
0.1691128,0.3018814,4.153512E-08
0.1691128,-0.1509406,-0.2614369
0.1012683,0.2358107,0.1361452
0.1012684,-0.1361453,-0.2358106
0.1691128,0.2614369,0.1509406
0.1691128,-0.2614368,-0.1509406
0.1012684,0.1361453,0.2358105
0.1012684,-0.2358106,-0.1361454
0.1691128,0.1509407,0.261437
0.1691128,-0.3018813,4.153512E-08
0.1012684,1.682832E-08,0.2722906
0.1012684,-0.2722907,-8.170761E-09
0.1691128,5.410773E-08,0.3018813
0.1691128,-0.2614368,0.1509406
0.1012684,-0.1361453,0.2358107
0.1012684,-0.2358106,0.1361454
0.1691128,-0.1509406,0.261437
0.1691128,0.2614369,-0.1509406
0.1691128,0.1509407,-0.2614368
0.1730143,0.2020519,-0.3499642
0.1730143,0.3499642,-0.202052
0.1730143,1.682832E-08,-0.404104
0.1691128,0.3018814,4.153512E-08
0.1691128,5.410773E-08,-0.3018813
0.1730143,0.4041038,-8.170761E-09
0.1730143,-0.2020519,-0.3499642
0.1691128,0.2614369,0.1509406
0.1691128,-0.1509406,-0.2614369
0.1730143,0.3499642,0.202052
0.1730143,-0.3499642,-0.202052
0.1691128,0.1509407,0.261437
0.1691128,-0.2614368,-0.1509406
0.1730143,0.2020519,0.3499642
0.1730143,-0.4041038,-8.170761E-09
0.1691128,5.410773E-08,0.3018813
0.1691128,-0.3018813,4.153512E-08
0.1730143,1.682832E-08,0.4041039
0.1730143,-0.3499642,0.202052
0.1691128,-0.1509406,0.261437
0.1691128,-0.2614368,0.1509406
0.1730143,-0.2020519,0.3499642
0.1447552,0.21668,-0.3753007
0.1447552,0.3753007,-0.21668
0.1730143,0.3499642,-0.202052
0.1730143,0.2020519,-0.3499642
0.1730143,0.4041038,-8.170761E-09
0.1447552,1.682832E-08,-0.43336
0.1447552,0.4333599,-8.170761E-09
0.1730143,1.682832E-08,-0.404104
0.1730143,0.3499642,0.202052
0.1447552,-0.2166799,-0.3753007
0.1447552,0.3753007,0.2166799
0.1730143,-0.2020519,-0.3499642
0.1730143,0.2020519,0.3499642
0.1447552,-0.3753007,-0.21668
0.1447552,0.21668,0.3753006
0.1730143,-0.3499642,-0.202052
0.1730143,1.682832E-08,0.4041039
0.1447552,-0.4333599,-8.170761E-09
0.1447552,1.682832E-08,0.43336
0.1730143,-0.4041038,-8.170761E-09
0.1730143,-0.2020519,0.3499642
0.1447552,-0.3753007,0.2166799
0.1447552,-0.2166799,0.3753006
0.1730143,-0.3499642,0.202052
-0.1466187,0.3753007,-0.21668
-0.1466187,0.2166799,-0.3753007
-0.1748778,0.2020518,-0.3499642
-0.1748778,0.3499642,-0.202052
-0.1748778,-8.374596E-08,-0.404104
-0.1466187,0.4333598,-8.170761E-09
-0.1466187,-8.374596E-08,-0.43336
-0.1748778,0.4041038,-8.170761E-09
-0.1748778,-0.202052,-0.3499642
-0.1466187,0.3753007,0.2166799
-0.1466187,-0.21668,-0.3753007
-0.1748778,0.3499642,0.202052
-0.1748778,-0.3499643,-0.202052
-0.1466187,0.2166799,0.3753006
-0.1466187,-0.3753007,-0.21668
-0.1748778,0.2020518,0.3499642
-0.1748778,-0.4041039,-8.170761E-09
-0.1466187,-8.374596E-08,0.43336
-0.1466187,-0.43336,-8.170761E-09
-0.1748778,-8.374596E-08,0.4041039
-0.1748778,-0.3499643,0.202052
-0.1466187,-0.21668,0.3753006
-0.1466187,-0.3753007,0.2166799
-0.1748778,-0.202052,0.3499642
-0.1466187,0.2166799,-0.3753007
0.1447552,0.21668,-0.3753007
0.1447552,1.682832E-08,-0.43336
-0.1466187,-8.374596E-08,-0.43336
-0.1466187,0.3753007,-0.21668
0.1447552,-0.2166799,-0.3753007
0.1447552,0.3753007,-0.21668
-0.1466187,-0.21668,-0.3753007
-0.1466187,0.4333598,-8.170761E-09
0.1447552,-0.3753007,-0.21668
0.1447552,0.4333599,-8.170761E-09
-0.1466187,-0.3753007,-0.21668
-0.1466187,0.3753007,0.2166799
0.1447552,-0.4333599,-8.170761E-09
0.1447552,0.3753007,0.2166799
-0.1466187,-0.43336,-8.170761E-09
-0.1466187,0.2166799,0.3753006
0.1447552,-0.3753007,0.2166799
0.1447552,0.21668,0.3753006
-0.1466187,-0.3753007,0.2166799
-0.1466187,-8.374596E-08,0.43336
0.1447552,-0.2166799,0.3753006
0.1447552,1.682832E-08,0.43336
-0.1466187,-0.21668,0.3753006
467
0.2790901,0.9603667
0.2790901,0.9603668
0.2790901,0.9603667
0.1484376,0.5326324
0.1484376,0.5326324
0.1484376,0.5326324
0.1484376,0.5326324
0.1484376,0.5326324
0.1484376,0.5326324
0.1484376,0.5326324
0.1484376,0.5326324
0.1484376,0.5326324
0.1484376,0.5326324
0.1484376,0.5326324
0.1484376,0.5326324
0.2790901,0.9603667
0.2790901,0.9603669
0.2790901,0.9603669
0.2790901,0.9603668
0.2790901,0.9603668
0.2790901,0.9603667
0.2790901,0.9603667
0.2790901,0.9603667
0.2790901,0.9603667
0.2790901,0.9603667
0.2790901,0.9603667
0.2790901,0.9603668
0.2790901,0.9603667
0.2790901,0.9603668
0.2790901,0.9603668
0.2790901,0.9603668
0.2790901,0.9603668
0.2790901,0.9603669
0.2790901,0.9603668
0.2790901,0.9603668
0.2790901,0.9603668
0.2790902,0.9603669
0.2790901,0.9603668
0.2790901,0.9603669
0.2790901,0.9603668
0.2790901,0.9603668
0.2790901,0.9603668
0.2790901,0.9603668
0.2790901,0.9603668
0.2790901,0.9603668
0.2790901,0.9603668
0.2790901,0.9603668
0.2790901,0.9603668
0.2790901,0.9603668
0.2790901,0.9603668
0.2790901,0.9603667
0.2790901,0.9603668
0.1663338,0.5261338
0.1663338,0.5261338
0.1663338,0.5261338
0.1663338,0.5261338
0.1663338,0.5261338
0.1663338,0.5261338
0.1663338,0.5261338
0.1663338,0.5261338
0.1663338,0.5261338
0.1663338,0.5261338
0.1663338,0.5261338
0.1663338,0.5261338
0.1663338,0.5261338
0.1663338,0.5261338
0.1663338,0.5261338
0.1663338,0.5261338
0.1663338,0.5261338
0.1663338,0.5261338
0.1663338,0.5261338
0.1663338,0.5261338
0.1663338,0.5261338
0.1663338,0.5261338
0.1663338,0.5261338
0.1663338,0.5261338
0.1663338,0.5261338
0.1663338,0.5261338
0.1663338,0.5261338
0.1663338,0.5261338
0.1663338,0.5261338
0.1663338,0.5261338
0.1663338,0.5261338
0.1663338,0.5261338
0.1663338,0.5261338
0.1663338,0.5261338
0.1663338,0.5261338
0.1663338,0.5261338
0.1663338,0.5261338
0.1663338,0.5261338
0.1663338,0.5261338
0.1663338,0.5261338
0.1663338,0.5261338
0.1663338,0.5261338
0.1663338,0.5261338
0.1663338,0.5261338
0.1663338,0.5261338
0.1663338,0.5261338
0.1663338,0.5261338
0.1663338,0.5261338
0.1663338,0.5261338
0.1663338,0.5261338
0.1663338,0.5261338
0.1663338,0.5261338
0.1663338,0.5261338
0.1663338,0.5261338
0.1663338,0.5261338
0.1663338,0.5261338
0.1663338,0.5261338
0.1663338,0.5261338
0.1663338,0.5261338
0.1663338,0.5261338
0.1663338,0.5261338
0.1663338,0.5261338
0.1663338,0.5261338
0.1663338,0.5261338
0.1663338,0.5261338
0.1663338,0.5261338
0.1663338,0.5261338
0.1663338,0.5261338
0.1663338,0.5261338
0.1663338,0.5261338
0.1663338,0.5261338
0.1663338,0.5261338
0.1663338,0.5261338
0.1663338,0.5261338
0.1663338,0.5261338
0.1663338,0.5261338
0.1663338,0.5261338
0.1663338,0.5261338
0.1663338,0.5261338
0.1663338,0.5261338
0.1663338,0.5261338
0.1663338,0.5261338
0.1663338,0.5261338
0.1663338,0.5261338
0.1663338,0.5261338
0.1663338,0.5261338
0.1663338,0.5261338
0.1663338,0.5261338
0.1663338,0.5261338
0.1663338,0.5261338
0.1663338,0.5261338
0.1663338,0.5261338
0.1663338,0.5261338
0.1663338,0.5261338
0.1663338,0.5261338
0.1663338,0.5261338
0.1663338,0.5261338
0.1663338,0.5261338
0.1663338,0.5261338
0.1663338,0.5261338
0.1663338,0.5261338
0.1663338,0.5261338
0.1663338,0.5261338
0.1663338,0.5261338
0.1663338,0.5261338
0.1663338,0.5261338
0.1663338,0.5261338
0.1663338,0.5261338
0.1663338,0.5261338
0.1663338,0.5261338
0.1663338,0.5261338
0.1663338,0.5261338
0.1663338,0.5261338
0.1663338,0.5261338
0.1663338,0.5261338
0.1663338,0.5261338
0.1663338,0.5261338
0.1663338,0.5261338
0.1663338,0.5261338
0.1663338,0.5261338
0.1663338,0.5261338
0.1663338,0.5261338
0.1663338,0.5261338
0.1663338,0.5261338
0.1663338,0.5261338
0.1663338,0.5261338
0.1663338,0.5261338
0.1663338,0.5261338
0.1663338,0.5261338
0.1663338,0.5261338
0.1663338,0.5261338
0.1663338,0.5261338
0.1663338,0.5261338
0.1663338,0.5261338
0.1663338,0.5261338
0.1663338,0.5261338
0.1663338,0.5261338
0.1663338,0.5261338
0.1663338,0.5261338
0.1663338,0.5261338
0.1663338,0.5261338
0.1663338,0.5261338
0.1663338,0.5261338
0.1663338,0.5261338
0.1663338,0.5261338
0.1663338,0.5261338
0.1663338,0.5261338
0.1663338,0.5261338
0.1663338,0.5261338
0.1663338,0.5261338
0.1663338,0.5261338
0.1663338,0.5261338
0.1663338,0.5261338
0.1663338,0.5261338
0.1663338,0.5261338
0.1663338,0.5261338
0.1663338,0.5261338
0.1663338,0.5261338
0.1663338,0.5261338
0.1663338,0.5261338
0.1663338,0.5261338
0.1663338,0.5261338
0.1663338,0.5261338
0.1663338,0.5261338
0.1663338,0.5261338
0.1663338,0.5261338
0.1663338,0.5261338
0.1663338,0.5261338
0.1663338,0.5261338
0.1663338,0.5261338
0.1663338,0.5261338
0.1663338,0.5261338
0.1663338,0.5261338
0.1663338,0.5261338
0.1663338,0.5261338
0.1663338,0.5261338
0.1663338,0.5261338
0.1663338,0.5261338
0.1663338,0.5261338
0.1663338,0.5261338
0.1663338,0.5261338
0.1663338,0.5261338
0.1663338,0.5261338
0.1663338,0.5261338
0.1663338,0.5261338
0.1663338,0.5261338
0.1663338,0.5261338
0.1663338,0.5261338
0.1663338,0.5261338
0.1663338,0.5261338
0.1663338,0.5261338
0.1663338,0.5261338
0.1663338,0.5261338
0.1663338,0.5261338
0.1663338,0.5261338
0.1663338,0.5261338
0.1663338,0.5261338
0.1663338,0.5261338
0.1663338,0.5261338
0.1663338,0.5261338
0.1663338,0.5261338
0.1663338,0.5261338
0.1663338,0.5261338
0.1663338,0.5261338
0.1663338,0.5261338
0.1663338,0.5261338
0.1663338,0.5261338
0.1663338,0.5261338
0.1663338,0.5261338
0.1663338,0.5261338
0.2790901,0.9603667
0.2790901,0.9603668
0.2790901,0.9603668
0.2790901,0.9603667
0.2790901,0.9603668
0.2790901,0.9603668
0.2790901,0.9603668
0.2790901,0.9603668
0.2790902,0.960367
0.2790901,0.9603669
0.2790901,0.9603668
0.2790901,0.9603668
0.2790901,0.9603666
0.2790901,0.9603668
0.2790902,0.9603669
0.2790901,0.9603668
0.2790901,0.9603668
0.2790901,0.9603668
0.2790901,0.9603668
0.2790901,0.9603668
0.2790901,0.9603668
0.2790901,0.9603668
0.2790901,0.9603667
0.2790901,0.9603667
0.2790901,0.9603668
0.2790901,0.9603668
0.2790901,0.9603668
0.2790901,0.9603669
0.2790901,0.9603667
0.2790902,0.9603669
0.2790901,0.9603666
0.1663338,0.5261338
0.1663338,0.5261338
0.1663338,0.5261338
0.1663338,0.5261338
0.1663338,0.5261338
0.1663338,0.5261338
0.1663338,0.5261338
0.1663338,0.5261338
0.1663338,0.5261338
0.1663338,0.5261338
0.1663338,0.5261338
0.1663338,0.5261338
0.1663338,0.5261338
0.1663338,0.5261338
0.1663338,0.5261338
0.1663338,0.5261338
0.1663338,0.5261338
0.1663338,0.5261338
0.1663338,0.5261338
0.1663338,0.5261338
0.1663338,0.5261338
0.1663338,0.5261338
0.1663338,0.5261338
0.1663338,0.5261338
0.1663338,0.5261338
0.1663338,0.5261338
0.1663338,0.5261338
0.1663338,0.5261338
0.1663338,0.5261338
0.1663338,0.5261338
0.2790901,0.9603667
0.2790901,0.9603667
0.2790901,0.9603668
0.2790901,0.9603668
0.2790901,0.9603667
0.2790901,0.9603668
0.2790901,0.9603667
0.2790901,0.9603668
0.2790901,0.9603668
0.2790901,0.9603667
0.2790901,0.9603668
0.2790901,0.9603667
0.2790901,0.9603667
0.2790901,0.9603669
0.2790901,0.9603667
0.2790901,0.9603668
0.2790901,0.9603666
0.2790901,0.9603669
0.2790901,0.9603667
0.2790901,0.9603668
0.2790901,0.9603668
0.2790901,0.9603668
0.2790901,0.9603667
0.2790902,0.960367
0.2790901,0.9603668
0.2790901,0.9603668
0.2790901,0.9603668
0.2790901,0.9603668
0.2790901,0.9603668
0.2790901,0.9603668
0.2790901,0.9603668
0.2790901,0.9603668
0.2790901,0.9603668
0.2790901,0.9603668
0.2790901,0.9603668
0.2790901,0.9603668
0.2790901,0.9603668
0.2790901,0.9603668
0.2790901,0.9603668
0.2790901,0.9603668
0.2790901,0.9603668
0.2790901,0.9603668
0.2790901,0.9603668
0.2790901,0.9603668
0.2790901,0.9603668
0.2790901,0.9603668
0.2790901,0.9603668
0.2790901,0.9603668
0.1484376,0.5326324
0.1484376,0.5326324
0.1484376,0.5326324
0.1484376,0.5326324
0.1484376,0.5326324
0.1484376,0.5326324
0.1484376,0.5326324
0.1484376,0.5326324
0.1484376,0.5326324
0.1484376,0.5326324
0.1484376,0.5326324
0.1484376,0.5326324
0.1484376,0.5326324
0.1484376,0.5326324
0.1484376,0.5326324
0.1484376,0.5326324
0.1484376,0.5326324
0.1484376,0.5326324
0.1484376,0.5326324
0.1484376,0.5326324
0.1484376,0.5326324
0.1484376,0.5326324
0.1484376,0.5326324
0.1484376,0.5326324
0.1484376,0.5326324
0.1484376,0.5326324
0.1484376,0.5326324
0.1484376,0.5326324
0.1484376,0.5326324
0.1484376,0.5326324
0.1484376,0.5326324
0.1484376,0.5326324
0.1484376,0.5326324
0.1484376,0.5326324
0.1484376,0.5326324
0.1484376,0.5326324
0.1484376,0.5326324
0.1484376,0.5326324
0.1484376,0.5326324
0.1484376,0.5326324
0.1484376,0.5326324
0.1484376,0.5326324
0.1484376,0.5326324
0.1484376,0.5326324
0.1484376,0.5326324
0.1484376,0.5326324
0.1484376,0.5326324
0.1484376,0.5326324
0.1484376,0.5326324
0.1484376,0.5326324
0.1484376,0.5326324
0.1484376,0.5326324
0.1484376,0.5326324
0.1484376,0.5326324
0.1484376,0.5326324
0.1484376,0.5326324
0.1484376,0.5326324
0.1484376,0.5326324
0.1484376,0.5326324
0.1484376,0.5326324
0.1484376,0.5326324
0.1484376,0.5326324
0.1484376,0.5326324
0.1484376,0.5326324
0.1484376,0.5326324
0.1484376,0.5326324
0.1484376,0.5326324
0.1484376,0.5326324
0.1484376,0.5326324
0.1484376,0.5326324
0.1484376,0.5326324
0.1484376,0.5326324
0.1484376,0.5326324
0.1484376,0.5326324
0.1484376,0.5326324
0.1484376,0.5326324
0.1484376,0.5326324
0.1484376,0.5326324
0.1484376,0.5326324
0.1484376,0.5326324
0.1484376,0.5326324
0.1484376,0.5326324
0.1484376,0.5326324
0.1484376,0.5326324
0.1484376,0.5326324
0.1484376,0.5326324
0.1484376,0.5326324
0.1484376,0.5326324
0.1484376,0.5326324
0.1484376,0.5326324
0.1484376,0.5326324
0.1484376,0.5326324
0.1484376,0.5326324
0.1484376,0.5326324
0.1484376,0.5326324
0.1484376,0.5326324
1
1020
0
1
2
3
4
5
5
6
3
5
7
6
7
8
6
7
9
8
9
10
8
9
11
10
11
12
10
11
13
12
13
14
12
15
16
17
17
18
15
17
19
18
19
20
18
19
21
20
21
22
20
21
23
22
23
24
22
23
25
24
26
27
28
26
28
29
30
26
29
30
29
31
32
30
31
32
31
33
34
32
33
34
33
35
36
34
35
36
35
37
38
36
37
38
37
39
40
38
39
40
39
41
42
40
41
42
41
43
44
42
43
44
43
45
46
44
45
46
45
47
48
46
47
48
47
49
50
48
49
50
49
51
52
53
54
52
54
55
56
57
58
56
58
59
60
61
62
60
62
63
64
65
66
66
67
64
66
68
67
69
70
71
69
71
72
73
74
75
73
75
76
77
78
79
79
80
77
80
81
77
82
83
84
82
84
85
86
87
88
86
88
89
90
91
92
90
92
93
94
95
96
96
97
94
96
98
97
99
100
101
99
101
102
103
104
105
103
105
106
107
108
109
109
110
107
110
111
107
112
113
114
112
114
115
116
117
118
116
118
119
120
121
122
120
122
123
124
125
126
126
127
124
126
128
127
129
130
131
129
131
132
133
134
135
133
135
136
137
138
139
139
140
137
140
141
137
142
143
144
142
144
145
146
147
148
146
148
149
150
151
152
150
152
153
154
155
156
156
157
154
157
158
154
159
160
161
159
161
162
163
164
165
163
165
166
167
168
169
169
170
167
169
171
170
172
173
174
172
174
175
176
177
178
176
178
179
180
181
182
180
182
183
184
185
186
186
187
184
186
188
187
189
190
191
189
191
192
193
194
195
193
195
196
197
198
199
199
200
197
200
201
197
202
203
204
202
204
205
206
207
208
206
208
209
210
211
212
210
212
213
214
215
216
216
217
214
217
218
214
219
220
221
219
221
222
223
224
225
223
225
226
227
228
229
229
230
227
230
231
227
232
233
234
232
234
235
236
237
238
236
238
239
240
241
242
240
242
243
244
245
246
246
247
244
247
248
244
249
250
251
249
251
252
253
254
255
253
255
256
257
258
259
259
260
257
259
261
260
262
263
264
262
264
265
266
262
265
266
265
267
268
266
267
268
267
269
270
268
269
270
269
271
272
270
271
272
271
273
274
275
273
274
273
276
277
278
264
277
279
278
279
280
278
279
281
280
282
283
280
282
284
283
285
286
287
285
288
286
288
289
286
288
290
289
290
291
289
290
292
291
293
294
295
293
295
296
297
298
299
297
299
300
301
302
303
301
303
304
305
306
307
307
308
305
308
309
305
310
311
312
310
312
313
314
315
316
314
316
317
318
319
320
320
321
318
320
322
321
323
324
325
323
325
326
324
327
325
328
323
326
324
329
327
328
326
330
329
331
327
332
328
330
329
333
331
332
330
334
333
335
331
336
332
334
333
337
335
336
334
338
337
339
335
340
336
338
337
341
339
340
338
342
341
343
339
344
340
342
341
345
343
344
342
346
345
344
346
345
346
343
347
348
349
347
349
350
348
351
349
352
347
350
348
353
351
352
350
354
353
355
351
356
352
354
353
357
355
356
354
358
357
359
355
360
356
358
357
361
359
360
358
362
361
363
359
364
360
362
361
365
363
364
362
366
365
367
363
368
364
366
365
369
367
368
366
370
369
368
370
369
370
367
371
372
373
371
373
374
372
375
373
376
371
374
372
377
375
376
374
378
377
379
375
380
376
378
377
381
379
380
378
382
381
383
379
384
380
382
381
385
383
384
382
386
385
387
383
388
384
386
385
389
387
388
386
390
389
391
387
392
388
390
389
393
391
392
390
394
393
392
394
393
394
391
395
396
397
395
397
398
396
399
397
400
395
398
396
401
399
400
398
402
401
403
399
404
400
402
401
405
403
404
402
406
405
407
403
408
404
406
405
409
407
408
406
410
409
411
407
412
408
410
409
413
411
412
410
414
413
415
411
416
412
414
413
417
415
416
414
418
417
416
418
417
418
415
419
420
421
419
421
422
420
423
421
424
419
422
420
425
423
424
422
426
425
427
423
428
424
426
425
429
427
428
426
430
429
431
427
432
428
430
429
433
431
432
430
434
433
435
431
436
432
434
433
437
435
436
434
438
437
439
435
440
436
438
437
441
439
440
438
442
441
440
442
441
442
439
443
444
445
443
445
446
447
444
443
446
445
448
447
449
444
446
448
450
451
449
447
450
448
452
451
453
449
450
452
454
455
453
451
454
452
456
455
457
453
454
456
458
459
457
455
458
456
460
459
461
457
458
460
462
463
461
459
462
460
464
463
465
461
462
464
466
466
465
463
466
464
465
