MESH3
Pick Up_11 FL Tire
468
-0.08173737,0.04948943,0.0285753
-0.08173738,0.05714541,2.900617E-06
-0.08173737,0.04948941,-0.02856976
0.17488,-0.3499643,0.2020546
0.17488,-0.4041039,2.636924E-06
0.17488,-0.3499643,-0.2020493
0.17488,-0.202052,0.3499668
0.17488,-0.202052,-0.3499615
0.1748801,-8.407699E-08,0.4041066
0.1748801,-8.407699E-08,-0.4041013
0.1748801,0.2020518,0.3499668
0.1748801,0.2020518,-0.3499615
0.1748801,0.3499642,0.2020546
0.1748801,0.3499642,-0.2020493
0.1748801,0.4041038,2.636924E-06
-0.08173741,-0.04948919,-0.02856976
-0.08173741,-0.05714525,2.900617E-06
-0.08173741,-0.04948919,0.02857556
-0.08173742,-0.02857259,0.04949217
-0.08173742,-0.02857258,-0.04948637
-0.08173742,6.641752E-09,0.05714822
-0.08173742,9.164003E-08,-0.05714241
-0.08173743,0.02857275,0.04949217
-0.08173743,0.02857275,-0.04948637
-0.08173737,0.04948943,0.0285753
-0.08173737,0.04948941,-0.02856976
-0.1012662,-0.1161836,-0.06707598
-0.1012662,-0.2722907,2.636924E-06
-0.1012662,-0.1341574,2.636924E-06
-0.1012662,-0.2358106,-0.1361428
-0.1012662,-0.06707869,-0.116181
-0.1012662,-0.1361453,-0.235808
-0.1012662,-2.313504E-08,-0.1341546
-0.1012662,-3.378982E-08,-0.272288
-0.1012662,0.06707867,-0.116181
-0.1012662,0.1361453,-0.235808
-0.1012661,0.1161837,-0.06707598
-0.1012661,0.2358107,-0.1361426
-0.1012661,0.1341573,2.636924E-06
-0.1012661,0.2722906,2.636924E-06
-0.1012661,0.1161837,0.06708125
-0.1012661,0.2358107,0.1361478
-0.1012662,0.06707866,0.1161863
-0.1012662,0.1361453,0.2358133
-0.1012662,-9.005057E-08,0.1341601
-0.1012662,1.649728E-08,0.2722933
-0.1012662,-0.0670787,0.1161866
-0.1012662,-0.1361453,0.2358136
-0.1012662,-0.1161837,0.06708151
-0.1012662,-0.2358106,0.1361481
-0.1012662,-0.1341574,2.636924E-06
-0.1012662,-0.2358106,0.1361481
-0.1012662,-0.1161837,0.06708151
-0.08474484,0.2205377,-0.02738736
-0.08474484,0.1937786,-0.00794558
-0.1177934,0.1937786,-0.00794558
-0.1177934,0.2205377,-0.02738736
-0.08474484,0.1937786,-0.00794558
-0.08474484,0.2039996,0.02351161
-0.1177934,0.2039996,0.02351161
-0.1177934,0.1937786,-0.00794558
-0.08474484,0.2039996,0.02351161
-0.08474484,0.2370757,0.02351161
-0.1177934,0.2370757,0.02351161
-0.1177934,0.2039996,0.02351161
-0.1177934,0.2205377,-0.02738736
-0.1177934,0.1937786,-0.00794558
-0.1177934,0.2039996,0.02351161
-0.1177934,0.2370757,0.02351161
-0.1177934,0.2472968,-0.00794558
-0.08474484,0.2370757,0.02351161
-0.08474484,0.2472968,-0.00794558
-0.1177934,0.2472968,-0.00794558
-0.1177934,0.2370757,0.02351161
-0.08474484,0.2472968,-0.00794558
-0.08474484,0.2205377,-0.02738736
-0.1177934,0.2205377,-0.02738736
-0.1177934,0.2472968,-0.00794558
-0.08474484,0.2039996,0.02351161
-0.08474484,0.1937786,-0.00794558
-0.08474484,0.2205377,-0.02738736
-0.08474484,0.2370757,0.02351161
-0.08474484,0.2472968,-0.00794558
-0.08474484,0.02739083,0.2205405
-0.08474484,0.007949207,0.1937812
-0.1177934,0.007949199,0.1937812
-0.1177934,0.02739083,0.2205405
-0.08474484,0.007949207,0.1937812
-0.08474484,-0.02350803,0.2040025
-0.1177934,-0.02350803,0.2040025
-0.1177934,0.007949199,0.1937812
-0.08474484,-0.02350803,0.2040025
-0.08474484,-0.02350803,0.2370785
-0.1177934,-0.02350803,0.2370785
-0.1177934,-0.02350803,0.2040025
-0.1177934,0.007949199,0.1937812
-0.1177934,-0.02350803,0.2040025
-0.1177934,-0.02350803,0.2370785
-0.1177934,0.007949215,0.2472997
-0.1177934,0.02739083,0.2205405
-0.08474484,-0.02350803,0.2370785
-0.08474484,0.007949199,0.2472997
-0.1177934,0.007949215,0.2472997
-0.1177934,-0.02350803,0.2370785
-0.08474484,0.007949199,0.2472997
-0.08474484,0.02739083,0.2205405
-0.1177934,0.02739083,0.2205405
-0.1177934,0.007949215,0.2472997
-0.08474484,-0.02350803,0.2370785
-0.08474484,-0.02350803,0.2040025
-0.08474484,0.007949207,0.1937812
-0.08474484,0.007949199,0.2472997
-0.08474484,0.02739083,0.2205405
-0.08474484,-0.1842602,0.1510177
-0.08474484,-0.1692439,0.1804888
-0.1177934,-0.169244,0.1804888
-0.1177934,-0.1842602,0.1510177
-0.08474484,-0.1608718,0.1276295
-0.08474484,-0.1842602,0.1510177
-0.1177934,-0.1842602,0.1510177
-0.1177934,-0.1608718,0.1276295
-0.08474484,-0.1314008,0.1426457
-0.08474484,-0.1608718,0.1276295
-0.1177934,-0.1608718,0.1276295
-0.1177934,-0.1314009,0.1426457
-0.1177934,-0.1608718,0.1276295
-0.1177934,-0.1842602,0.1510177
-0.1177934,-0.169244,0.1804888
-0.1177934,-0.1365751,0.1753146
-0.1177934,-0.1314009,0.1426457
-0.08474484,-0.1692439,0.1804888
-0.08474484,-0.1365751,0.1753146
-0.1177934,-0.1365751,0.1753146
-0.1177934,-0.169244,0.1804888
-0.08474484,-0.1365751,0.1753146
-0.08474484,-0.1314008,0.1426457
-0.1177934,-0.1314009,0.1426457
-0.1177934,-0.1365751,0.1753146
-0.08474484,-0.1692439,0.1804888
-0.08474484,-0.1842602,0.1510177
-0.08474484,-0.1608718,0.1276295
-0.08474484,-0.1365751,0.1753146
-0.08474484,-0.1314008,0.1426457
-0.08474484,-0.2472961,0.00795191
-0.08474484,-0.220537,0.02739369
-0.1177934,-0.220537,0.02739369
-0.1177934,-0.2472961,0.00795191
-0.08474484,-0.1937778,0.00795191
-0.08474484,-0.2039989,-0.02350528
-0.1177934,-0.2039989,-0.02350528
-0.1177934,-0.1937779,0.00795191
-0.08474484,-0.2039989,-0.02350528
-0.08474484,-0.237075,-0.02350528
-0.1177934,-0.237075,-0.02350528
-0.1177934,-0.2039989,-0.02350528
-0.1177934,-0.237075,-0.02350528
-0.1177934,-0.2472961,0.00795191
-0.1177934,-0.220537,0.02739369
-0.1177934,-0.2039989,-0.02350528
-0.1177934,-0.1937779,0.00795191
-0.08474484,-0.220537,0.02739369
-0.08474484,-0.1937778,0.00795191
-0.1177934,-0.1937779,0.00795191
-0.1177934,-0.220537,0.02739369
-0.08474484,-0.237075,-0.02350528
-0.08474484,-0.2472961,0.00795191
-0.1177934,-0.2472961,0.00795191
-0.1177934,-0.237075,-0.02350528
-0.08474484,-0.220537,0.02739369
-0.08474484,-0.2472961,0.00795191
-0.08474484,-0.237075,-0.02350528
-0.08474484,-0.2039989,-0.02350528
-0.08474484,-0.1937778,0.00795191
-0.08474484,-0.1753111,-0.1365724
-0.08474484,-0.1426422,-0.1313979
-0.1177934,-0.1426422,-0.1313979
-0.1177934,-0.1753111,-0.1365724
-0.08474484,-0.127626,-0.160869
-0.08474484,-0.1510143,-0.1842575
-0.1177934,-0.1510143,-0.1842575
-0.1177934,-0.127626,-0.160869
-0.08474484,-0.1426422,-0.1313979
-0.08474484,-0.127626,-0.160869
-0.1177934,-0.127626,-0.160869
-0.1177934,-0.1426422,-0.1313979
-0.1177934,-0.1510143,-0.1842575
-0.1177934,-0.1804853,-0.1692412
-0.1177934,-0.1753111,-0.1365724
-0.1177934,-0.1426422,-0.1313979
-0.1177934,-0.127626,-0.160869
-0.08474484,-0.1510143,-0.1842575
-0.08474484,-0.1804853,-0.1692412
-0.1177934,-0.1804853,-0.1692412
-0.1177934,-0.1510143,-0.1842575
-0.08474484,-0.1804853,-0.1692412
-0.08474484,-0.1753111,-0.1365724
-0.1177934,-0.1753111,-0.1365724
-0.1177934,-0.1804853,-0.1692412
-0.08474484,-0.1753111,-0.1365724
-0.08474484,-0.1804853,-0.1692412
-0.08474484,-0.1510143,-0.1842575
-0.08474484,-0.1426422,-0.1313979
-0.08474484,-0.127626,-0.160869
-0.08474484,0.02350875,-0.2370722
-0.08474484,-0.007948489,-0.2472934
-0.1177934,-0.007948506,-0.2472934
-0.1177934,0.02350875,-0.2370722
-0.08474484,-0.007948497,-0.1937749
-0.08474484,0.02350874,-0.2039962
-0.1177934,0.02350874,-0.2039962
-0.1177934,-0.007948489,-0.1937749
-0.08474484,0.02350874,-0.2039962
-0.08474484,0.02350875,-0.2370722
-0.1177934,0.02350875,-0.2370722
-0.1177934,0.02350874,-0.2039962
-0.1177934,-0.007948506,-0.2472934
-0.1177934,-0.02739012,-0.2205342
-0.1177934,-0.007948489,-0.1937749
-0.1177934,0.02350875,-0.2370722
-0.1177934,0.02350874,-0.2039962
-0.08474484,-0.007948489,-0.2472934
-0.08474484,-0.02739012,-0.2205342
-0.1177934,-0.02739012,-0.2205342
-0.1177934,-0.007948506,-0.2472934
-0.08474484,-0.02739012,-0.2205342
-0.08474484,-0.007948497,-0.1937749
-0.1177934,-0.007948489,-0.1937749
-0.1177934,-0.02739012,-0.2205342
-0.08474484,-0.007948497,-0.1937749
-0.08474484,-0.02739012,-0.2205342
-0.08474484,-0.007948489,-0.2472934
-0.08474484,0.02350874,-0.2039962
-0.08474484,0.02350875,-0.2370722
-0.08474484,0.1692447,-0.1804824
-0.08474484,0.1365758,-0.1753083
-0.1177934,0.1365758,-0.1753083
-0.1177934,0.1692447,-0.1804824
-0.08474484,0.1608726,-0.1276232
-0.08474484,0.1842609,-0.1510114
-0.1177934,0.1842609,-0.1510114
-0.1177934,0.1608726,-0.1276232
-0.08474484,0.1314016,-0.1426394
-0.08474484,0.1608726,-0.1276232
-0.1177934,0.1608726,-0.1276232
-0.1177934,0.1314016,-0.1426394
-0.1177934,0.1365758,-0.1753083
-0.1177934,0.1314016,-0.1426394
-0.1177934,0.1608726,-0.1276232
-0.1177934,0.1692447,-0.1804824
-0.1177934,0.1842609,-0.1510114
-0.08474484,0.1365758,-0.1753083
-0.08474484,0.1314016,-0.1426394
-0.1177934,0.1314016,-0.1426394
-0.1177934,0.1365758,-0.1753083
-0.08474484,0.1842609,-0.1510114
-0.08474484,0.1692447,-0.1804824
-0.1177934,0.1692447,-0.1804824
-0.1177934,0.1842609,-0.1510114
-0.08474484,0.1608726,-0.1276232
-0.08474484,0.1314016,-0.1426394
-0.08474484,0.1365758,-0.1753083
-0.08474484,0.1692447,-0.1804824
-0.08474484,0.1842609,-0.1510114
-0.1246004,-0.07632709,0.04407039
-0.1012662,-0.0670787,0.1161866
-0.1246004,-0.04406747,0.07633
-0.1012662,-0.1161837,0.06708151
-0.1246004,-0.08813499,2.900617E-06
-0.1012662,-0.1341574,2.636924E-06
-0.1246004,-0.07632709,-0.04406485
-0.1012662,-0.1161836,-0.06707598
-0.1246004,-0.04406746,-0.07632446
-0.1012662,-0.06707869,-0.116181
-0.1246004,5.990687E-08,-0.08813234
-0.1012662,-2.313504E-08,-0.1341546
-0.1246004,0.04406758,-0.07632446
-0.1012662,0.06707867,-0.116181
-0.1246004,5.990687E-08,-0.08813234
-0.1246004,-0.04406747,0.07633
-0.1012662,-9.005057E-08,0.1341601
-0.1246004,-1.023894E-08,0.08813788
-0.1012662,0.06707866,0.1161863
-0.1246004,0.04406758,0.07633
-0.1246004,0.04406758,0.07633
-0.1012661,0.1161837,0.06708125
-0.1246004,0.07632729,0.04407013
-0.1246004,0.07632729,0.04407013
-0.1012661,0.1161837,0.06708125
-0.1012661,0.1341573,2.636924E-06
-0.1246004,0.08813509,2.900617E-06
-0.1012661,0.1161837,-0.06707598
-0.1246004,0.07632727,-0.04406459
-0.1012662,0.06707867,-0.116181
-0.1246004,0.04406758,-0.07632446
-0.08474484,0.1753118,0.1365787
-0.08474484,0.1426429,0.1314043
-0.1177934,0.1426429,0.1314043
-0.1177934,0.1753118,0.1365787
-0.08474484,0.1426429,0.1314043
-0.08474484,0.1276267,0.1608753
-0.1177934,0.1276267,0.1608753
-0.1177934,0.1426429,0.1314043
-0.08474484,0.1276267,0.1608753
-0.08474484,0.151015,0.1842638
-0.1177934,0.151015,0.1842638
-0.1177934,0.1276267,0.1608753
-0.1177934,0.1426429,0.1314043
-0.1177934,0.1276267,0.1608753
-0.1177934,0.151015,0.1842638
-0.1177934,0.1753118,0.1365787
-0.1177934,0.1804861,0.1692476
-0.08474484,0.151015,0.1842638
-0.08474484,0.180486,0.1692476
-0.1177934,0.1804861,0.1692476
-0.1177934,0.151015,0.1842638
-0.08474484,0.180486,0.1692476
-0.08474484,0.1753118,0.1365787
-0.1177934,0.1753118,0.1365787
-0.1177934,0.1804861,0.1692476
-0.08474484,0.151015,0.1842638
-0.08474484,0.1276267,0.1608753
-0.08474484,0.1426429,0.1314043
-0.08474484,0.1753118,0.1365787
-0.08474484,0.180486,0.1692476
-0.08173742,6.641752E-09,0.05714822
-0.1246004,0.04406758,0.07633
-0.08173743,0.02857275,0.04949217
-0.1246004,-1.023894E-08,0.08813788
-0.1246004,0.07632729,0.04407013
-0.08173742,-0.02857259,0.04949217
-0.08173737,0.04948943,0.0285753
-0.1246004,-0.04406747,0.07633
-0.1246004,0.08813509,2.900617E-06
-0.08173741,-0.04948919,0.02857556
-0.08173738,0.05714541,2.900617E-06
-0.1246004,-0.07632709,0.04407039
-0.1246004,0.07632727,-0.04406459
-0.08173741,-0.05714525,2.900617E-06
-0.08173737,0.04948941,-0.02856976
-0.1246004,-0.08813499,2.900617E-06
-0.1246004,0.04406758,-0.07632446
-0.08173741,-0.04948919,-0.02856976
-0.08173743,0.02857275,-0.04948637
-0.1246004,-0.07632709,-0.04406485
-0.1246004,5.990687E-08,-0.08813234
-0.08173742,-0.02857258,-0.04948637
-0.08173742,9.164003E-08,-0.05714241
-0.1246004,-0.04406746,-0.07632446
-0.1012661,0.2358107,-0.1361426
-0.1691106,0.2614369,-0.1509378
-0.1691106,0.1509407,-0.2614342
-0.1012661,0.2722906,2.636924E-06
-0.1012662,0.1361453,-0.235808
-0.1691106,0.3018814,2.636924E-06
-0.1691106,5.377669E-08,-0.3018785
-0.1012661,0.2358107,0.1361478
-0.1012662,-3.378982E-08,-0.272288
-0.1691106,0.2614369,0.1509434
-0.1691106,-0.1509406,-0.2614342
-0.1012662,0.1361453,0.2358133
-0.1012662,-0.1361453,-0.235808
-0.1691106,0.1509407,0.2614397
-0.1691106,-0.2614368,-0.1509378
-0.1012662,1.649728E-08,0.2722933
-0.1012662,-0.2358106,-0.1361428
-0.1691106,5.377669E-08,0.3018841
-0.1691106,-0.3018813,2.636924E-06
-0.1012662,-0.1361453,0.2358136
-0.1012662,-0.2722907,2.636924E-06
-0.1691106,-0.1509406,0.2614397
-0.1691106,-0.2614368,0.1509434
-0.1012662,-0.2358106,0.1361481
-0.1691106,0.2614369,-0.1509378
-0.1730121,0.3499642,-0.2020493
-0.1730121,0.2020519,-0.3499615
-0.1691106,0.3018814,2.636924E-06
-0.1691106,0.1509407,-0.2614342
-0.1730121,0.4041038,2.636924E-06
-0.1730121,1.649728E-08,-0.4041013
-0.1691106,0.2614369,0.1509434
-0.1691106,5.377669E-08,-0.3018785
-0.1730121,0.3499642,0.2020546
-0.1730121,-0.2020519,-0.3499615
-0.1691106,0.1509407,0.2614397
-0.1691106,-0.1509406,-0.2614342
-0.1730121,0.2020519,0.3499668
-0.1730121,-0.3499642,-0.2020493
-0.1691106,5.377669E-08,0.3018841
-0.1691106,-0.2614368,-0.1509378
-0.1730121,1.649728E-08,0.4041066
-0.1730121,-0.4041038,2.636924E-06
-0.1691106,-0.1509406,0.2614397
-0.1691106,-0.3018813,2.636924E-06
-0.1730121,-0.2020519,0.3499668
-0.1730121,-0.3499642,0.2020546
-0.1691106,-0.2614368,0.1509434
-0.1447529,0.21668,-0.3752979
-0.1730121,0.2020519,-0.3499615
-0.1730121,0.3499642,-0.2020493
-0.1447529,0.3753007,-0.2166774
-0.1447529,1.649728E-08,-0.4333572
-0.1730121,0.4041038,2.636924E-06
-0.1730121,1.649728E-08,-0.4041013
-0.1447529,0.4333599,2.636924E-06
-0.1447529,-0.2166799,-0.3752979
-0.1730121,0.3499642,0.2020546
-0.1730121,-0.2020519,-0.3499615
-0.1447529,0.3753007,0.2166827
-0.1447529,-0.3753007,-0.2166774
-0.1730121,0.2020519,0.3499668
-0.1730121,-0.3499642,-0.2020493
-0.1447529,0.21668,0.3753034
-0.1447529,-0.4333599,2.636924E-06
-0.1730121,1.649728E-08,0.4041066
-0.1730121,-0.4041038,2.636924E-06
-0.1447529,1.649728E-08,0.4333627
-0.1447529,-0.3753007,0.2166827
-0.1730121,-0.2020519,0.3499668
-0.1730121,-0.3499642,0.2020546
-0.1447529,-0.2166799,0.3753034
0.1466209,0.3753007,-0.2166774
0.1748801,0.2020518,-0.3499615
0.1466209,0.2166799,-0.3752979
0.1748801,0.3499642,-0.2020493
0.1748801,-8.407699E-08,-0.4041013
0.1466209,0.4333598,2.636924E-06
0.1466209,-8.407699E-08,-0.4333572
0.1748801,0.4041038,2.636924E-06
0.17488,-0.202052,-0.3499615
0.1466209,0.3753007,0.2166827
0.1466209,-0.21668,-0.3752979
0.1748801,0.3499642,0.2020546
0.17488,-0.3499643,-0.2020493
0.1466209,0.2166799,0.3753034
0.1466209,-0.3753007,-0.2166774
0.1748801,0.2020518,0.3499668
0.17488,-0.4041039,2.636924E-06
0.1466209,-8.407699E-08,0.4333627
0.1466209,-0.43336,2.636924E-06
0.1748801,-8.407699E-08,0.4041066
0.17488,-0.3499643,0.2020546
0.1466209,-0.21668,0.3753034
0.1466209,-0.3753007,0.2166827
0.17488,-0.202052,0.3499668
0.1466209,0.2166799,-0.3752979
-0.1447529,1.649728E-08,-0.4333572
-0.1447529,0.21668,-0.3752979
0.1466209,-8.407699E-08,-0.4333572
0.1466209,0.3753007,-0.2166774
-0.1447529,-0.2166799,-0.3752979
-0.1447529,0.3753007,-0.2166774
0.1466209,-0.21668,-0.3752979
0.1466209,0.4333598,2.636924E-06
-0.1447529,-0.3753007,-0.2166774
-0.1447529,0.4333599,2.636924E-06
0.1466209,-0.3753007,-0.2166774
0.1466209,0.3753007,0.2166827
-0.1447529,-0.4333599,2.636924E-06
-0.1447529,0.3753007,0.2166827
0.1466209,-0.43336,2.636924E-06
0.1466209,0.2166799,0.3753034
-0.1447529,-0.3753007,0.2166827
-0.1447529,0.21668,0.3753034
0.1466209,-0.3753007,0.2166827
0.1466209,-8.407699E-08,0.4333627
-0.1447529,-0.2166799,0.3753034
-0.1447529,1.649728E-08,0.4333627
0.1466209,-0.21668,0.3753034
468
0.2790901,0.9603667
0.2790901,0.9603668
0.2790901,0.9603667
0.1484376,0.5326324
0.1484376,0.5326324
0.1484376,0.5326324
0.1484376,0.5326324
0.1484376,0.5326324
0.1484376,0.5326324
0.1484376,0.5326324
0.1484376,0.5326324
0.1484376,0.5326324
0.1484376,0.5326324
0.1484376,0.5326324
0.1484376,0.5326324
0.2790901,0.9603669
0.2790901,0.9603669
0.2790901,0.9603667
0.2790901,0.9603668
0.2790901,0.9603668
0.2790901,0.9603667
0.2790901,0.9603667
0.2790901,0.9603667
0.2790901,0.9603667
0.2790901,0.9603667
0.2790901,0.9603667
0.2790901,0.9603668
0.2790901,0.9603668
0.2790901,0.9603668
0.2790901,0.9603668
0.2790901,0.9603669
0.2790901,0.9603668
0.2790901,0.9603668
0.2790901,0.9603668
0.2790902,0.9603669
0.2790901,0.9603668
0.2790901,0.9603669
0.2790901,0.9603668
0.2790901,0.9603668
0.2790901,0.9603668
0.2790901,0.9603668
0.2790901,0.9603668
0.2790901,0.9603668
0.2790901,0.9603668
0.2790901,0.9603668
0.2790901,0.9603668
0.2790901,0.9603668
0.2790901,0.9603668
0.2790901,0.9603667
0.2790901,0.9603668
0.2790901,0.9603668
0.2790901,0.9603668
0.2790901,0.9603667
0.1663338,0.5261338
0.1663338,0.5261338
0.1663338,0.5261338
0.1663338,0.5261338
0.1663338,0.5261338
0.1663338,0.5261338
0.1663338,0.5261338
0.1663338,0.5261338
0.1663338,0.5261338
0.1663338,0.5261338
0.1663338,0.5261338
0.1663338,0.5261338
0.1663338,0.5261338
0.1663338,0.5261338
0.1663338,0.5261338
0.1663338,0.5261338
0.1663338,0.5261338
0.1663338,0.5261338
0.1663338,0.5261338
0.1663338,0.5261338
0.1663338,0.5261338
0.1663338,0.5261338
0.1663338,0.5261338
0.1663338,0.5261338
0.1663338,0.5261338
0.1663338,0.5261338
0.1663338,0.5261338
0.1663338,0.5261338
0.1663338,0.5261338
0.1663338,0.5261338
0.1663338,0.5261338
0.1663338,0.5261338
0.1663338,0.5261338
0.1663338,0.5261338
0.1663338,0.5261338
0.1663338,0.5261338
0.1663338,0.5261338
0.1663338,0.5261338
0.1663338,0.5261338
0.1663338,0.5261338
0.1663338,0.5261338
0.1663338,0.5261338
0.1663338,0.5261338
0.1663338,0.5261338
0.1663338,0.5261338
0.1663338,0.5261338
0.1663338,0.5261338
0.1663338,0.5261338
0.1663338,0.5261338
0.1663338,0.5261338
0.1663338,0.5261338
0.1663338,0.5261338
0.1663338,0.5261338
0.1663338,0.5261338
0.1663338,0.5261338
0.1663338,0.5261338
0.1663338,0.5261338
0.1663338,0.5261338
0.1663338,0.5261338
0.1663338,0.5261338
0.1663338,0.5261338
0.1663338,0.5261338
0.1663338,0.5261338
0.1663338,0.5261338
0.1663338,0.5261338
0.1663338,0.5261338
0.1663338,0.5261338
0.1663338,0.5261338
0.1663338,0.5261338
0.1663338,0.5261338
0.1663338,0.5261338
0.1663338,0.5261338
0.1663338,0.5261338
0.1663338,0.5261338
0.1663338,0.5261338
0.1663338,0.5261338
0.1663338,0.5261338
0.1663338,0.5261338
0.1663338,0.5261338
0.1663338,0.5261338
0.1663338,0.5261338
0.1663338,0.5261338
0.1663338,0.5261338
0.1663338,0.5261338
0.1663338,0.5261338
0.1663338,0.5261338
0.1663338,0.5261338
0.1663338,0.5261338
0.1663338,0.5261338
0.1663338,0.5261338
0.1663338,0.5261338
0.1663338,0.5261338
0.1663338,0.5261338
0.1663338,0.5261338
0.1663338,0.5261338
0.1663338,0.5261338
0.1663338,0.5261338
0.1663338,0.5261338
0.1663338,0.5261338
0.1663338,0.5261338
0.1663338,0.5261338
0.1663338,0.5261338
0.1663338,0.5261338
0.1663338,0.5261338
0.1663338,0.5261338
0.1663338,0.5261338
0.1663338,0.5261338
0.1663338,0.5261338
0.1663338,0.5261338
0.1663338,0.5261338
0.1663338,0.5261338
0.1663338,0.5261338
0.1663338,0.5261338
0.1663338,0.5261338
0.1663338,0.5261338
0.1663338,0.5261338
0.1663338,0.5261338
0.1663338,0.5261338
0.1663338,0.5261338
0.1663338,0.5261338
0.1663338,0.5261338
0.1663338,0.5261338
0.1663338,0.5261338
0.1663338,0.5261338
0.1663338,0.5261338
0.1663338,0.5261338
0.1663338,0.5261338
0.1663338,0.5261338
0.1663338,0.5261338
0.1663338,0.5261338
0.1663338,0.5261338
0.1663338,0.5261338
0.1663338,0.5261338
0.1663338,0.5261338
0.1663338,0.5261338
0.1663338,0.5261338
0.1663338,0.5261338
0.1663338,0.5261338
0.1663338,0.5261338
0.1663338,0.5261338
0.1663338,0.5261338
0.1663338,0.5261338
0.1663338,0.5261338
0.1663338,0.5261338
0.1663338,0.5261338
0.1663338,0.5261338
0.1663338,0.5261338
0.1663338,0.5261338
0.1663338,0.5261338
0.1663338,0.5261338
0.1663338,0.5261338
0.1663338,0.5261338
0.1663338,0.5261338
0.1663338,0.5261338
0.1663338,0.5261338
0.1663338,0.5261338
0.1663338,0.5261338
0.1663338,0.5261338
0.1663338,0.5261338
0.1663338,0.5261338
0.1663338,0.5261338
0.1663338,0.5261338
0.1663338,0.5261338
0.1663338,0.5261338
0.1663338,0.5261338
0.1663338,0.5261338
0.1663338,0.5261338
0.1663338,0.5261338
0.1663338,0.5261338
0.1663338,0.5261338
0.1663338,0.5261338
0.1663338,0.5261338
0.1663338,0.5261338
0.1663338,0.5261338
0.1663338,0.5261338
0.1663338,0.5261338
0.1663338,0.5261338
0.1663338,0.5261338
0.1663338,0.5261338
0.1663338,0.5261338
0.1663338,0.5261338
0.1663338,0.5261338
0.1663338,0.5261338
0.1663338,0.5261338
0.1663338,0.5261338
0.1663338,0.5261338
0.1663338,0.5261338
0.1663338,0.5261338
0.1663338,0.5261338
0.1663338,0.5261338
0.1663338,0.5261338
0.1663338,0.5261338
0.1663338,0.5261338
0.1663338,0.5261338
0.1663338,0.5261338
0.1663338,0.5261338
0.1663338,0.5261338
0.1663338,0.5261338
0.1663338,0.5261338
0.1663338,0.5261338
0.1663338,0.5261338
0.1663338,0.5261338
0.1663338,0.5261338
0.1663338,0.5261338
0.1663338,0.5261338
0.1663338,0.5261338
0.1663338,0.5261338
0.1663338,0.5261338
0.1663338,0.5261338
0.1663338,0.5261338
0.2790901,0.9603667
0.2790901,0.9603668
0.2790901,0.9603668
0.2790901,0.9603667
0.2790901,0.9603668
0.2790901,0.9603668
0.2790901,0.9603668
0.2790901,0.9603668
0.2790902,0.960367
0.2790901,0.9603669
0.2790901,0.9603668
0.2790901,0.9603668
0.2790901,0.9603666
0.2790902,0.9603669
0.2790901,0.9603668
0.2790901,0.9603668
0.2790901,0.9603668
0.2790901,0.9603668
0.2790901,0.9603668
0.2790901,0.9603668
0.2790901,0.9603668
0.2790901,0.9603668
0.2790901,0.9603667
0.2790901,0.9603667
0.2790901,0.9603668
0.2790901,0.9603668
0.2790901,0.9603668
0.2790901,0.9603669
0.2790901,0.9603667
0.2790902,0.9603669
0.2790901,0.9603666
0.1663338,0.5261338
0.1663338,0.5261338
0.1663338,0.5261338
0.1663338,0.5261338
0.1663338,0.5261338
0.1663338,0.5261338
0.1663338,0.5261338
0.1663338,0.5261338
0.1663338,0.5261338
0.1663338,0.5261338
0.1663338,0.5261338
0.1663338,0.5261338
0.1663338,0.5261338
0.1663338,0.5261338
0.1663338,0.5261338
0.1663338,0.5261338
0.1663338,0.5261338
0.1663338,0.5261338
0.1663338,0.5261338
0.1663338,0.5261338
0.1663338,0.5261338
0.1663338,0.5261338
0.1663338,0.5261338
0.1663338,0.5261338
0.1663338,0.5261338
0.1663338,0.5261338
0.1663338,0.5261338
0.1663338,0.5261338
0.1663338,0.5261338
0.1663338,0.5261338
0.2790901,0.9603667
0.2790901,0.9603668
0.2790901,0.9603667
0.2790901,0.9603668
0.2790901,0.9603667
0.2790901,0.9603668
0.2790901,0.9603667
0.2790901,0.9603668
0.2790901,0.9603668
0.2790901,0.9603667
0.2790901,0.9603668
0.2790901,0.9603667
0.2790901,0.9603667
0.2790901,0.9603669
0.2790901,0.9603667
0.2790901,0.9603668
0.2790901,0.9603666
0.2790901,0.9603669
0.2790901,0.9603667
0.2790901,0.9603668
0.2790901,0.9603668
0.2790901,0.9603668
0.2790901,0.9603667
0.2790902,0.960367
0.2790901,0.9603668
0.2790901,0.9603668
0.2790901,0.9603668
0.2790901,0.9603668
0.2790901,0.9603668
0.2790901,0.9603668
0.2790901,0.9603668
0.2790901,0.9603668
0.2790901,0.9603668
0.2790901,0.9603668
0.2790901,0.9603668
0.2790901,0.9603668
0.2790901,0.9603668
0.2790901,0.9603668
0.2790901,0.9603668
0.2790901,0.9603668
0.2790901,0.9603668
0.2790901,0.9603668
0.2790901,0.9603668
0.2790901,0.9603668
0.2790901,0.9603668
0.2790901,0.9603668
0.2790901,0.9603668
0.2790901,0.9603668
0.1484376,0.5326324
0.1484376,0.5326324
0.1484376,0.5326324
0.1484376,0.5326324
0.1484376,0.5326324
0.1484376,0.5326324
0.1484376,0.5326324
0.1484376,0.5326324
0.1484376,0.5326324
0.1484376,0.5326324
0.1484376,0.5326324
0.1484376,0.5326324
0.1484376,0.5326324
0.1484376,0.5326324
0.1484376,0.5326324
0.1484376,0.5326324
0.1484376,0.5326324
0.1484376,0.5326324
0.1484376,0.5326324
0.1484376,0.5326324
0.1484376,0.5326324
0.1484376,0.5326324
0.1484376,0.5326324
0.1484376,0.5326324
0.1484376,0.5326324
0.1484376,0.5326324
0.1484376,0.5326324
0.1484376,0.5326324
0.1484376,0.5326324
0.1484376,0.5326324
0.1484376,0.5326324
0.1484376,0.5326324
0.1484376,0.5326324
0.1484376,0.5326324
0.1484376,0.5326324
0.1484376,0.5326324
0.1484376,0.5326324
0.1484376,0.5326324
0.1484376,0.5326324
0.1484376,0.5326324
0.1484376,0.5326324
0.1484376,0.5326324
0.1484376,0.5326324
0.1484376,0.5326324
0.1484376,0.5326324
0.1484376,0.5326324
0.1484376,0.5326324
0.1484376,0.5326324
0.1484376,0.5326324
0.1484376,0.5326324
0.1484376,0.5326324
0.1484376,0.5326324
0.1484376,0.5326324
0.1484376,0.5326324
0.1484376,0.5326324
0.1484376,0.5326324
0.1484376,0.5326324
0.1484376,0.5326324
0.1484376,0.5326324
0.1484376,0.5326324
0.1484376,0.5326324
0.1484376,0.5326324
0.1484376,0.5326324
0.1484376,0.5326324
0.1484376,0.5326324
0.1484376,0.5326324
0.1484376,0.5326324
0.1484376,0.5326324
0.1484376,0.5326324
0.1484376,0.5326324
0.1484376,0.5326324
0.1484376,0.5326324
0.1484376,0.5326324
0.1484376,0.5326324
0.1484376,0.5326324
0.1484376,0.5326324
0.1484376,0.5326324
0.1484376,0.5326324
0.1484376,0.5326324
0.1484376,0.5326324
0.1484376,0.5326324
0.1484376,0.5326324
0.1484376,0.5326324
0.1484376,0.5326324
0.1484376,0.5326324
0.1484376,0.5326324
0.1484376,0.5326324
0.1484376,0.5326324
0.1484376,0.5326324
0.1484376,0.5326324
0.1484376,0.5326324
0.1484376,0.5326324
0.1484376,0.5326324
0.1484376,0.5326324
0.1484376,0.5326324
0.1484376,0.5326324
1
1020
0
1
2
3
4
5
5
6
3
5
7
6
7
8
6
7
9
8
9
10
8
9
11
10
11
12
10
11
13
12
13
14
12
15
16
17
17
18
15
18
19
15
18
20
19
20
21
19
20
22
21
22
23
21
22
24
23
24
25
23
26
27
28
26
29
27
30
29
26
30
31
29
32
31
30
32
33
31
34
33
32
34
35
33
36
35
34
36
37
35
38
37
36
38
39
37
40
39
38
40
41
39
42
41
40
42
43
41
44
43
42
44
45
43
46
45
44
46
47
45
48
47
46
48
49
47
50
51
52
50
27
51
53
54
55
53
55
56
57
58
59
57
59
60
61
62
63
61
63
64
65
66
67
67
68
65
68
69
65
70
71
72
70
72
73
74
75
76
74
76
77
78
79
80
80
81
78
80
82
81
83
84
85
83
85
86
87
88
89
87
89
90
91
92
93
91
93
94
95
96
97
97
98
95
98
99
95
100
101
102
100
102
103
104
105
106
104
106
107
108
109
110
110
111
108
110
112
111
113
114
115
113
115
116
117
118
119
117
119
120
121
122
123
121
123
124
125
126
127
127
128
125
128
129
125
130
131
132
130
132
133
134
135
136
134
136
137
138
139
140
140
141
138
140
142
141
143
144
145
143
145
146
147
148
149
147
149
150
151
152
153
151
153
154
155
156
157
157
158
155
157
159
158
160
161
162
160
162
163
164
165
166
164
166
167
168
169
170
170
171
168
171
172
168
173
174
175
173
175
176
177
178
179
177
179
180
181
182
183
181
183
184
185
186
187
187
188
185
188
189
185
190
191
192
190
192
193
194
195
196
194
196
197
198
199
200
200
201
198
200
202
201
203
204
205
203
205
206
207
208
209
207
209
210
211
212
213
211
213
214
215
216
217
217
218
215
217
219
218
220
221
222
220
222
223
224
225
226
224
226
227
228
229
230
230
231
228
230
232
231
233
234
235
233
235
236
237
238
239
237
239
240
241
242
243
241
243
244
245
246
247
247
248
245
247
249
248
250
251
252
250
252
253
254
255
256
254
256
257
258
259
260
260
261
258
261
262
258
263
264
265
263
266
264
267
266
263
267
268
266
269
268
267
269
270
268
271
270
269
271
272
270
273
272
271
273
274
272
275
276
274
275
274
277
278
264
279
278
279
280
280
279
281
280
281
282
283
281
284
283
284
285
286
287
288
286
288
289
289
288
290
289
290
291
291
290
292
291
292
293
294
295
296
294
296
297
298
299
300
298
300
301
302
303
304
302
304
305
306
307
308
308
309
306
308
310
309
311
312
313
311
313
314
315
316
317
315
317
318
319
320
321
321
322
319
322
323
319
324
325
326
324
327
325
326
325
328
329
327
324
326
328
330
329
331
327
330
328
332
333
331
329
330
332
334
333
335
331
334
332
336
337
335
333
334
336
338
337
339
335
338
336
340
341
339
337
338
340
342
341
343
339
342
340
344
345
343
341
342
344
346
345
347
343
346
344
347
346
347
345
348
349
350
351
349
348
348
350
352
351
353
349
352
350
354
355
353
351
352
354
356
355
357
353
356
354
358
359
357
355
356
358
360
359
361
357
360
358
362
363
361
359
360
362
364
363
365
361
364
362
366
367
365
363
364
366
368
367
369
365
368
366
370
371
369
367
368
370
371
371
370
369
372
373
374
375
373
372
372
374
376
375
377
373
376
374
378
379
377
375
376
378
380
379
381
377
380
378
382
383
381
379
380
382
384
383
385
381
384
382
386
387
385
383
384
386
388
387
389
385
388
386
390
391
389
387
388
390
392
391
393
389
392
390
394
395
393
391
392
394
395
395
394
393
396
397
398
396
398
399
400
397
396
399
398
401
400
402
397
399
401
403
404
402
400
403
401
405
404
406
402
403
405
407
408
406
404
407
405
409
408
410
406
407
409
411
412
410
408
411
409
413
412
414
410
411
413
415
416
414
412
415
413
417
416
418
414
415
417
419
419
418
416
419
417
418
420
421
422
420
423
421
422
421
424
425
423
420
422
424
426
425
427
423
426
424
428
429
427
425
426
428
430
429
431
427
430
428
432
433
431
429
430
432
434
433
435
431
434
432
436
437
435
433
434
436
438
437
439
435
438
436
440
441
439
437
438
440
442
441
443
439
442
440
443
442
443
441
444
445
446
444
447
445
448
444
446
447
449
445
448
446
450
447
451
449
452
448
450
451
453
449
452
450
454
451
455
453
456
452
454
455
457
453
456
454
458
455
459
457
460
456
458
459
461
457
460
458
462
459
463
461
464
460
462
463
465
461
464
462
466
463
467
465
467
464
466
467
466
465
