MESH3
Police Car N_4 BR Tire
354
-0.1660404,-0.3035034,-0.175674
-0.1660404,-0.3505328,-0.0001574755
-0.1660404,-0.3035034,0.1753587
-0.1660404,-0.1750166,-0.3041608
-0.1660404,-0.1750166,0.3038455
-0.1660404,0.0004997253,-0.3511901
-0.1660404,0.0004997253,0.350875
-0.1660404,0.1760159,-0.3041608
-0.1660404,0.1760159,0.3038455
-0.1660404,0.3045028,-0.175674
-0.1660404,0.3045028,0.1753587
-0.1660404,0.3515323,-0.0001574755
0.1361629,0.304503,-0.175674
0.1361629,0.3515324,-0.0001574755
0.1361629,0.304503,0.1753587
0.1361629,0.25789,-0.0001574755
0.1361629,0.2234063,-0.1288528
0.1361629,0.2234063,0.1285375
0.1361629,0.1760161,-0.3041608
0.1361629,0.1291949,-0.2230641
0.1361629,0.1760161,0.3038455
0.1361629,0.1291949,0.2227489
0.1361629,0.0004997849,0.2572328
0.1361629,0.0004997849,0.350875
0.1361629,-0.1281954,0.2227489
0.1361629,-0.1750165,0.3038455
0.1361629,-0.2224068,0.1285375
0.1361629,0.0004997849,-0.3511901
0.1361629,0.0004997849,-0.2575479
0.1361629,-0.1281954,-0.2230641
0.1361629,-0.1750165,-0.3041608
0.1361629,-0.2224068,-0.1288528
0.1361629,-0.3035033,0.1753587
0.1361629,-0.3035033,-0.175674
0.1361629,-0.2568905,-0.0001574755
0.1361629,-0.3505328,-0.0001574755
0.07383943,0.1794138,-0.1034535
0.07383943,0.2070918,-0.0001574755
0.07383943,0.1794138,0.1031384
0.07383943,0.1037958,-0.1790717
0.07383943,0.1037958,0.1787563
0.07383943,0.09472555,-0.000621438
0.07383943,0.08186972,-0.04860055
0.07383943,0.08186981,0.04735732
0.07383943,0.04674676,-0.08372343
0.07383943,0.04674676,0.08248019
0.07383943,0.0004997849,-0.2067497
0.07383943,0.0004997849,0.2064345
0.07383943,-0.001231998,-0.09657919
0.07383943,-0.04921076,-0.08372343
0.07383943,-0.001231998,0.09533608
0.07383943,-0.04921076,0.08248019
0.07383943,-0.08433369,0.04735732
0.07383943,-0.1027962,0.1787564
0.07383943,-0.08433363,-0.04860055
0.07383943,-0.09718952,-0.000621438
0.07383943,-0.1784142,0.1031384
0.07383943,-0.2060923,-0.0001574755
0.07383943,-0.1027962,-0.1790717
0.07383943,-0.1784142,-0.1034535
0.1361609,-0.06075689,0.03520882
0.1361609,-0.07023332,-0.0001577139
0.1361609,-0.06075689,-0.03552413
0.1361609,-0.03486678,0.06109905
0.1361609,-0.03486672,-0.06141448
0.1361609,-0.03486672,-0.06141448
0.1361609,0.0004997849,0.07057548
0.1361609,-0.03486678,0.06109905
0.1361609,0.0004997849,-0.07089078
0.1361609,0.03586626,0.06109881
0.1361609,0.03586626,-0.06141448
0.1361609,0.06175646,0.03520882
0.1361609,0.06175646,-0.03552413
0.1361609,0.07123289,-0.0001577139
0.1254238,0.01707557,0.182624
0.1222715,-0.01430929,0.02909076
0.1222715,0.02594376,0.01824296
0.1254238,0.07595783,0.1667556
0.1261985,0.0481101,0.2607093
0.1261985,0.08836308,0.2498614
0.1261985,0.08836308,0.2498614
0.09841913,0.0948872,0.2481032
0.09841931,0.04158592,0.2624674
0.1261985,0.0481101,0.2607093
0.1023372,0.03246787,0.01648462
0.1222715,0.02594376,0.01824296
0.1222715,-0.01430929,0.02909076
0.1023372,-0.02083334,0.0308491
0.1254238,0.07595783,0.1667556
0.1222715,0.02594376,0.01824296
0.1023372,0.03246787,0.01648462
0.09919196,0.0855014,0.1641837
0.1261985,0.08836308,0.2498614
0.09841913,0.0948872,0.2481032
0.09919196,0.0855014,0.1641837
0.1023372,0.03246787,0.01648462
0.1023372,-0.02083334,0.0308491
0.0991922,0.00753206,0.1851958
0.09841913,0.0948872,0.2481032
0.09841931,0.04158592,0.2624674
0.0991922,0.00753206,0.1851958
0.1023372,-0.02083334,0.0308491
0.1222715,-0.01430929,0.02909076
0.1254238,0.01707557,0.182624
0.09841931,0.04158592,0.2624674
0.1261985,0.0481101,0.2607093
0.1254238,-0.1615089,0.0862391
0.1222715,-0.03248104,-0.002694845
0.1222715,-0.006753683,0.03010881
0.1254238,-0.1238749,0.1342245
0.1261985,-0.221236,0.1453416
0.1261985,-0.1955087,0.1781454
0.1261985,-0.1955087,0.1781454
0.09841913,-0.1913389,0.1834623
0.09841931,-0.2254059,0.1400248
0.1261985,-0.221236,0.1453416
0.1023372,-0.002583891,0.03542566
0.1222715,-0.006753683,0.03010881
0.1222715,-0.03248104,-0.002694845
0.1023372,-0.03665087,-0.00801158
0.1254238,-0.1238749,0.1342245
0.1222715,-0.006753683,0.03010881
0.1023372,-0.002583891,0.03542566
0.09919196,-0.1177753,0.1420019
0.1261985,-0.1955087,0.1781454
0.09841913,-0.1913389,0.1834623
0.09919196,-0.1177753,0.1420019
0.1023372,-0.002583891,0.03542566
0.1023372,-0.03665087,-0.00801158
0.0991922,-0.1676086,0.07846165
0.09841913,-0.1913389,0.1834623
0.09841931,-0.2254059,0.1400248
0.0991922,-0.1676086,0.07846165
0.1023372,-0.03665087,-0.00801158
0.1222715,-0.03248104,-0.002694845
0.1254238,-0.1615089,0.0862391
0.09841931,-0.2254059,0.1400248
0.1261985,-0.221236,0.1453416
0.1254238,-0.1343296,-0.1254539
0.1222715,-0.008141667,-0.03253436
0.1222715,-0.03074762,0.002493501
0.1254238,-0.1673977,-0.07421494
0.1261985,-0.2096942,-0.1626107
0.1261985,-0.2323002,-0.127583
0.1261985,-0.2323002,-0.127583
0.09841913,-0.2359642,-0.1219056
0.09841931,-0.2060303,-0.1682879
0.1261985,-0.2096942,-0.1626107
0.1023372,-0.03441158,0.008170724
0.1222715,-0.03074762,0.002493501
0.1222715,-0.008141667,-0.03253436
0.1023372,-0.004477769,-0.03821158
0.1254238,-0.1673977,-0.07421494
0.1222715,-0.03074762,0.002493501
0.1023372,-0.03441158,0.008170724
0.09919196,-0.1727574,-0.06591034
0.1261985,-0.2323002,-0.127583
0.09841913,-0.2359642,-0.1219056
0.09919196,-0.1727574,-0.06591034
0.1023372,-0.03441158,0.008170724
0.1023372,-0.004477769,-0.03821158
0.0991922,-0.1289699,-0.1337587
0.09841913,-0.2359642,-0.1219056
0.09841931,-0.2060303,-0.1682879
0.0991922,-0.1289699,-0.1337587
0.1023372,-0.004477769,-0.03821158
0.1222715,-0.008141667,-0.03253436
0.1254238,-0.1343296,-0.1254539
0.09841931,-0.2060303,-0.1682879
0.1261985,-0.2096942,-0.1626107
0.1254238,0.07250562,-0.1698029
0.1222715,0.02777073,-0.01961565
0.1222715,-0.01284048,-0.02903426
0.1254238,0.01309934,-0.1835806
0.1261985,0.0819664,-0.2532951
0.1261985,0.04135519,-0.2627138
0.1261985,0.04135519,-0.2627138
0.09841913,0.03477299,-0.2642403
0.09841931,0.0885486,-0.2517686
0.1261985,0.0819664,-0.2532951
0.1023372,-0.01942268,-0.03056085
0.1222715,-0.01284048,-0.02903426
0.1222715,0.02777073,-0.01961565
0.1023372,0.0343529,-0.01808906
0.1254238,0.01309934,-0.1835806
0.1222715,-0.01284048,-0.02903426
0.1023372,-0.01942268,-0.03056085
0.09919196,0.003470957,-0.1858137
0.1261985,0.04135519,-0.2627138
0.09841913,0.03477299,-0.2642403
0.09919196,0.003470957,-0.1858137
0.1023372,-0.01942268,-0.03056085
0.1023372,0.0343529,-0.01808906
0.0991922,0.08213407,-0.1675699
0.09841913,0.03477299,-0.2642403
0.09841931,0.0885486,-0.2517686
0.0991922,0.08213407,-0.1675699
0.1023372,0.0343529,-0.01808906
0.1222715,0.02777073,-0.01961565
0.1254238,0.07250562,-0.1698029
0.09841931,0.0885486,-0.2517686
0.1261985,0.0819664,-0.2532951
0.1254238,0.1820417,0.02957666
0.1222715,0.0255487,0.02136743
0.1222715,0.02516565,-0.02032006
0.1254238,0.1814813,-0.03140378
0.1261985,0.2654204,0.01916313
0.1261985,0.2650373,-0.02252412
0.1261985,0.2650373,-0.02252412
0.09841913,0.2649752,-0.02928078
0.09841931,0.2654824,0.02591968
0.1261985,0.2654204,0.01916313
0.1023372,0.02510357,-0.02707648
0.1222715,0.02516565,-0.02032006
0.1222715,0.0255487,0.02136743
0.1023372,0.02561077,0.02812397
0.1254238,0.1814813,-0.03140378
0.1222715,0.02516565,-0.02032006
0.1023372,0.02510357,-0.02707648
0.09919196,0.1813905,-0.04128742
0.1261985,0.2650373,-0.02252412
0.09841913,0.2649752,-0.02928078
0.09919196,0.1813905,-0.04128742
0.1023372,0.02510357,-0.02707648
0.1023372,0.02561077,0.02812397
0.0991922,0.1821324,0.03946042
0.09841913,0.2649752,-0.02928078
0.09841931,0.2654824,0.02591968
0.0991922,0.1821324,0.03946042
0.1023372,0.02561077,0.02812397
0.1222715,0.0255487,0.02136743
0.1254238,0.1820417,0.02957666
0.09841931,0.2654824,0.02591968
0.1261985,0.2654204,0.01916313
0.07383943,-0.001231998,0.09533608
0.1361609,-0.03486678,0.06109905
0.1361609,0.0004997849,0.07057548
0.07383943,-0.04921076,0.08248019
0.07383943,0.04674676,0.08248019
0.1361609,-0.06075689,0.03520882
0.1361609,0.03586626,0.06109881
0.07383943,-0.08433369,0.04735732
0.07383943,0.08186981,0.04735732
0.1361609,-0.07023332,-0.0001577139
0.1361609,0.06175646,0.03520882
0.07383943,-0.09718952,-0.000621438
0.07383943,0.09472555,-0.000621438
0.1361609,-0.06075689,-0.03552413
0.1361609,0.07123289,-0.0001577139
0.07383943,-0.08433363,-0.04860055
0.07383943,0.08186972,-0.04860055
0.1361609,-0.03486672,-0.06141448
0.1361609,0.06175646,-0.03552413
0.07383943,-0.04921076,-0.08372343
0.07383943,0.04674676,-0.08372343
0.1361609,0.0004997849,-0.07089078
0.1361609,0.03586626,-0.06141448
0.07383943,-0.001231998,-0.09657919
0.07383943,0.1794138,-0.1034535
0.07383943,0.1037958,-0.1790717
0.1361629,0.1291949,-0.2230641
0.1361629,0.2234063,-0.1288528
0.1361629,0.0004997849,-0.2575479
0.07383943,0.2070918,-0.0001574755
0.07383943,0.0004997849,-0.2067497
0.1361629,0.25789,-0.0001574755
0.1361629,-0.1281954,-0.2230641
0.07383943,0.1794138,0.1031384
0.07383943,-0.1027962,-0.1790717
0.1361629,0.2234063,0.1285375
0.1361629,-0.2224068,-0.1288528
0.07383943,0.1037958,0.1787563
0.07383943,-0.1784142,-0.1034535
0.1361629,0.1291949,0.2227489
0.1361629,-0.2568905,-0.0001574755
0.07383943,0.0004997849,0.2064345
0.07383943,-0.2060923,-0.0001574755
0.1361629,0.0004997849,0.2572328
0.1361629,-0.2224068,0.1285375
0.07383943,-0.1027962,0.1787564
0.07383943,-0.1784142,0.1031384
0.1361629,-0.1281954,0.2227489
0.1116151,0.188723,-0.3261697
0.1116151,0.3265119,-0.1883808
0.1361629,0.304503,-0.175674
0.1361629,0.1760161,-0.3041608
0.1361629,0.3515324,-0.0001574755
0.1116151,0.0004997849,-0.3766041
0.1116151,0.3769462,-0.0001574755
0.1361629,0.0004997849,-0.3511901
0.1361629,0.304503,0.1753587
0.1116151,-0.1877234,-0.3261697
0.1116151,0.3265119,0.1880658
0.1361629,-0.1750165,-0.3041608
0.1361629,0.1760161,0.3038455
0.1116151,-0.3255124,-0.1883808
0.1116151,0.188723,0.3258546
0.1361629,-0.3035033,-0.175674
0.1361629,0.0004997849,0.350875
0.1116151,-0.3759467,-0.0001574755
0.1116151,0.0004997849,0.3762889
0.1361629,-0.3505328,-0.0001574755
0.1361629,-0.1750165,0.3038455
0.1116151,-0.3255124,0.1880658
0.1116151,-0.1877234,0.3258546
0.1361629,-0.3035033,0.1753587
-0.1414925,0.3265119,-0.1883808
-0.1414925,0.1887229,-0.3261697
-0.1660404,0.1760159,-0.3041608
-0.1660404,0.3045028,-0.175674
-0.1660404,0.0004997253,-0.3511901
-0.1414925,0.3769461,-0.0001574755
-0.1414925,0.0004997253,-0.3766041
-0.1660404,0.3515323,-0.0001574755
-0.1660404,-0.1750166,-0.3041608
-0.1414925,0.3265119,0.1880658
-0.1414925,-0.1877235,-0.3261697
-0.1660404,0.3045028,0.1753587
-0.1660404,-0.3035034,-0.175674
-0.1414925,0.1887229,0.3258546
-0.1414925,-0.3255124,-0.1883808
-0.1660404,0.1760159,0.3038455
-0.1660404,-0.3505328,-0.0001574755
-0.1414925,0.0004997253,0.3762889
-0.1414925,-0.3759467,-0.0001574755
-0.1660404,0.0004997253,0.350875
-0.1660404,-0.3035034,0.1753587
-0.1414925,-0.1877235,0.3258546
-0.1414925,-0.3255124,0.1880658
-0.1660404,-0.1750166,0.3038455
-0.1414925,0.1887229,-0.3261697
0.1116151,0.188723,-0.3261697
0.1116151,0.0004997849,-0.3766041
-0.1414925,0.0004997253,-0.3766041
-0.1414925,0.3265119,-0.1883808
0.1116151,-0.1877234,-0.3261697
0.1116151,0.3265119,-0.1883808
-0.1414925,-0.1877235,-0.3261697
-0.1414925,0.3769461,-0.0001574755
0.1116151,-0.3255124,-0.1883808
0.1116151,0.3769462,-0.0001574755
-0.1414925,-0.3255124,-0.1883808
-0.1414925,0.3265119,0.1880658
0.1116151,-0.3759467,-0.0001574755
0.1116151,0.3265119,0.1880658
-0.1414925,-0.3759467,-0.0001574755
-0.1414925,0.1887229,0.3258546
0.1116151,-0.3255124,0.1880658
0.1116151,0.188723,0.3258546
-0.1414925,-0.3255124,0.1880658
-0.1414925,0.0004997253,0.3762889
0.1116151,-0.1877234,0.3258546
0.1116151,0.0004997849,0.3762889
-0.1414925,-0.1877235,0.3258546
354
0.1484376,0.5326324
0.1484376,0.5326324
0.1484376,0.5326324
0.1484376,0.5326324
0.1484376,0.5326324
0.1484376,0.5326324
0.1484376,0.5326324
0.1484376,0.5326324
0.1484376,0.5326324
0.1484376,0.5326324
0.1484376,0.5326324
0.1484376,0.5326324
0.1484376,0.5326324
0.1484376,0.5326324
0.1484376,0.5326324
0.1484376,0.5326324
0.1484376,0.5326324
0.1484376,0.5326324
0.1484376,0.5326324
0.1484376,0.5326324
0.1484376,0.5326324
0.1484376,0.5326324
0.1484376,0.5326324
0.1484376,0.5326324
0.1484376,0.5326324
0.1484376,0.5326324
0.1484376,0.5326324
0.1484376,0.5326324
0.1484376,0.5326324
0.1484376,0.5326324
0.1484376,0.5326324
0.1484376,0.5326324
0.1484376,0.5326324
0.1484376,0.5326324
0.1484376,0.5326324
0.1484376,0.5326324
0.09179693,0.5502105
0.09179693,0.5502105
0.09179693,0.5502105
0.09179693,0.5502105
0.09179693,0.5502105
0.09179693,0.5502105
0.09179693,0.5502105
0.09179693,0.5502105
0.09179693,0.5502105
0.09179693,0.5502105
0.09179693,0.5502105
0.09179693,0.5502105
0.09179693,0.5502105
0.09179693,0.5502105
0.09179693,0.5502105
0.09179693,0.5502105
0.09179693,0.5502105
0.09179693,0.5502105
0.09179693,0.5502105
0.09179693,0.5502105
0.09179693,0.5502105
0.09179693,0.5502105
0.09179693,0.5502105
0.09179693,0.5502105
0.2863209,0.9596413
0.2863209,0.9596413
0.2863209,0.9596413
0.2863209,0.9596412
0.2863209,0.9596412
0.2863209,0.9596412
0.2863209,0.9596413
0.2863209,0.9596412
0.2863209,0.9596413
0.2863209,0.9596413
0.2863209,0.9596413
0.2863209,0.9596413
0.2863209,0.9596413
0.2863209,0.9596413
0.2877268,0.9659702
0.2877268,0.9659702
0.2877268,0.9659702
0.2877268,0.9659702
0.2877268,0.9659702
0.2877268,0.9659702
0.2877268,0.9659702
0.2877268,0.9659702
0.2877268,0.9659702
0.2877268,0.9659702
0.2877268,0.9659702
0.2877268,0.9659702
0.2877268,0.9659702
0.2877268,0.9659702
0.2877268,0.9659702
0.2877268,0.9659702
0.2877268,0.9659702
0.2877268,0.9659702
0.2877268,0.9659702
0.2877268,0.9659702
0.2877268,0.9659702
0.2877268,0.9659702
0.2877268,0.9659702
0.2877268,0.9659702
0.2877268,0.9659702
0.2877268,0.9659702
0.2877268,0.9659702
0.2877268,0.9659702
0.2877268,0.9659702
0.2877268,0.9659702
0.2877268,0.9659702
0.2877268,0.9659702
0.2877268,0.9659702
0.2877268,0.9659702
0.2877268,0.9659702
0.2877268,0.9659702
0.2877268,0.9659702
0.2877268,0.9659702
0.2877268,0.9659702
0.2877268,0.9659702
0.2877268,0.9659702
0.2877268,0.9659702
0.2877268,0.9659702
0.2877268,0.9659702
0.2877268,0.9659702
0.2877268,0.9659702
0.2877268,0.9659702
0.2877268,0.9659702
0.2877268,0.9659702
0.2877268,0.9659702
0.2877268,0.9659702
0.2877268,0.9659702
0.2877268,0.9659702
0.2877268,0.9659702
0.2877268,0.9659702
0.2877268,0.9659702
0.2877268,0.9659702
0.2877268,0.9659702
0.2877268,0.9659702
0.2877268,0.9659702
0.2877268,0.9659702
0.2877268,0.9659702
0.2877268,0.9659702
0.2877268,0.9659702
0.2877268,0.9659702
0.2877268,0.9659702
0.2877268,0.9659702
0.2877268,0.9659702
0.2877268,0.9659702
0.2877268,0.9659702
0.2877268,0.9659702
0.2877268,0.9659702
0.2877268,0.9659702
0.2877268,0.9659702
0.2877268,0.9659702
0.2877268,0.9659702
0.2877268,0.9659702
0.2877268,0.9659702
0.2877268,0.9659702
0.2877268,0.9659702
0.2877268,0.9659702
0.2877268,0.9659702
0.2877268,0.9659702
0.2877268,0.9659702
0.2877268,0.9659702
0.2877268,0.9659702
0.2877268,0.9659702
0.2877268,0.9659702
0.2877268,0.9659702
0.2877268,0.9659702
0.2877268,0.9659702
0.2877268,0.9659702
0.2877268,0.9659702
0.2877268,0.9659702
0.2877268,0.9659702
0.2877268,0.9659702
0.2877268,0.9659702
0.2877268,0.9659702
0.2877268,0.9659702
0.2877268,0.9659702
0.2877268,0.9659702
0.2877268,0.9659702
0.2877268,0.9659702
0.2877268,0.9659702
0.2877268,0.9659702
0.2877268,0.9659702
0.2877268,0.9659702
0.2877268,0.9659702
0.2877268,0.9659702
0.2877268,0.9659702
0.2877268,0.9659702
0.2877268,0.9659702
0.2877268,0.9659702
0.2877268,0.9659702
0.2877268,0.9659702
0.2877268,0.9659702
0.2877268,0.9659702
0.2877268,0.9659702
0.2877268,0.9659702
0.2877268,0.9659702
0.2877268,0.9659702
0.2877268,0.9659702
0.2877268,0.9659702
0.2877268,0.9659702
0.2877268,0.9659702
0.2877268,0.9659702
0.2877268,0.9659702
0.2877268,0.9659702
0.2877268,0.9659702
0.2877268,0.9659702
0.2877268,0.9659702
0.2877268,0.9659702
0.2877268,0.9659702
0.2877268,0.9659702
0.2877268,0.9659702
0.2877268,0.9659702
0.2877268,0.9659702
0.2877268,0.9659702
0.2877268,0.9659702
0.2877268,0.9659702
0.2877268,0.9659702
0.2877268,0.9659702
0.2877268,0.9659702
0.2877268,0.9659702
0.2877268,0.9659702
0.2877268,0.9659702
0.2877268,0.9659702
0.2877268,0.9659702
0.2877268,0.9659702
0.2877268,0.9659702
0.2877268,0.9659702
0.2877268,0.9659702
0.2877268,0.9659702
0.2877268,0.9659702
0.2877268,0.9659702
0.2877268,0.9659702
0.2877268,0.9659702
0.2877268,0.9659702
0.2877268,0.9659702
0.2877268,0.9659702
0.2875846,0.9642748
0.2875846,0.9642748
0.2875846,0.9642748
0.2875846,0.9642748
0.2875846,0.9642748
0.2875846,0.9642748
0.2875846,0.9642748
0.2875846,0.9642748
0.2875846,0.9642748
0.2875846,0.9642748
0.2875846,0.9642748
0.2875846,0.9642748
0.2875846,0.9642748
0.2875846,0.9642748
0.2875846,0.9642748
0.2875846,0.9642748
0.2875846,0.9642748
0.2875846,0.9642748
0.2875846,0.9642748
0.2875846,0.9642748
0.2875846,0.9642748
0.2875846,0.9642748
0.2875846,0.9642748
0.2875846,0.9642748
0.2885982,0.9649506
0.2885982,0.9649506
0.2885982,0.9649506
0.2885982,0.9649506
0.2885982,0.9649506
0.2885982,0.9649506
0.2885982,0.9649506
0.2885982,0.9649506
0.2885982,0.9649506
0.2885982,0.9649506
0.2885982,0.9649506
0.2885982,0.9649506
0.2885982,0.9649506
0.2885982,0.9649506
0.2885982,0.9649506
0.2885982,0.9649506
0.2885982,0.9649506
0.2885982,0.9649506
0.2885982,0.9649506
0.2885982,0.9649506
0.2885982,0.9649506
0.2885982,0.9649506
0.2885982,0.9649506
0.2885982,0.9649506
0.1484376,0.5326324
0.1484376,0.5326324
0.1484376,0.5326324
0.1484376,0.5326324
0.1484376,0.5326324
0.1484376,0.5326324
0.1484376,0.5326324
0.1484376,0.5326324
0.1484376,0.5326324
0.1484376,0.5326324
0.1484376,0.5326324
0.1484376,0.5326324
0.1484376,0.5326324
0.1484376,0.5326324
0.1484376,0.5326324
0.1484376,0.5326324
0.1484376,0.5326324
0.1484376,0.5326324
0.1484376,0.5326324
0.1484376,0.5326324
0.1484376,0.5326324
0.1484376,0.5326324
0.1484376,0.5326324
0.1484376,0.5326324
0.1484376,0.5326324
0.1484376,0.5326324
0.1484376,0.5326324
0.1484376,0.5326324
0.1484376,0.5326324
0.1484376,0.5326324
0.1484376,0.5326324
0.1484376,0.5326324
0.1484376,0.5326324
0.1484376,0.5326324
0.1484376,0.5326324
0.1484376,0.5326324
0.1484376,0.5326324
0.1484376,0.5326324
0.1484376,0.5326324
0.1484376,0.5326324
0.1484376,0.5326324
0.1484376,0.5326324
0.1484376,0.5326324
0.1484376,0.5326324
0.1484376,0.5326324
0.1484376,0.5326324
0.1484376,0.5326324
0.1484376,0.5326324
0.1484376,0.5326324
0.1484376,0.5326324
0.1484376,0.5326324
0.1484376,0.5326324
0.1484376,0.5326324
0.1484376,0.5326324
0.1484376,0.5326324
0.1484376,0.5326324
0.1484376,0.5326324
0.1484376,0.5326324
0.1484376,0.5326324
0.1484376,0.5326324
0.1484376,0.5326324
0.1484376,0.5326324
0.1484376,0.5326324
0.1484376,0.5326324
0.1484376,0.5326324
0.1484376,0.5326324
0.1484376,0.5326324
0.1484376,0.5326324
0.1484376,0.5326324
0.1484376,0.5326324
0.1484376,0.5326324
0.1484376,0.5326324
1
864
0
1
2
2
3
0
2
4
3
4
5
3
4
6
5
6
7
5
6
8
7
8
9
7
8
10
9
10
11
9
12
13
14
12
14
15
12
15
16
17
15
14
18
12
16
18
16
19
17
14
20
20
21
17
22
21
20
22
20
23
24
22
23
24
23
25
26
24
25
27
18
19
27
19
28
27
28
29
30
27
29
30
29
31
26
25
32
33
30
31
34
26
32
31
34
33
33
34
32
32
35
33
36
37
38
39
36
38
39
38
40
39
40
41
39
41
42
43
41
40
39
42
44
45
43
40
46
39
44
45
40
47
46
44
48
46
48
49
50
45
47
51
50
47
52
51
47
52
47
53
46
49
54
55
52
53
55
53
56
56
57
55
54
55
57
58
46
54
54
57
59
54
59
58
60
61
62
62
63
60
62
64
63
65
66
67
65
68
66
68
69
66
68
70
69
70
71
69
70
72
71
72
73
71
74
75
76
74
76
77
78
74
77
78
77
79
80
81
82
80
82
83
84
85
86
84
86
87
88
89
90
88
90
91
92
88
91
92
91
93
94
95
96
94
96
97
98
94
97
98
97
99
100
101
102
100
102
103
104
100
103
104
103
105
106
107
108
106
108
109
110
106
109
110
109
111
112
113
114
112
114
115
116
117
118
116
118
119
120
121
122
120
122
123
124
120
123
124
123
125
126
127
128
126
128
129
130
126
129
130
129
131
132
133
134
132
134
135
136
132
135
136
135
137
138
139
140
138
140
141
142
138
141
142
141
143
144
145
146
144
146
147
148
149
150
148
150
151
152
153
154
152
154
155
156
152
155
156
155
157
158
159
160
158
160
161
162
158
161
162
161
163
164
165
166
164
166
167
168
164
167
168
167
169
170
171
172
170
172
173
174
170
173
174
173
175
176
177
178
176
178
179
180
181
182
180
182
183
184
185
186
184
186
187
188
184
187
188
187
189
190
191
192
190
192
193
194
190
193
194
193
195
196
197
198
196
198
199
200
196
199
200
199
201
202
203
204
202
204
205
206
202
205
206
205
207
208
209
210
208
210
211
212
213
214
212
214
215
216
217
218
216
218
219
220
216
219
220
219
221
222
223
224
222
224
225
226
222
225
226
225
227
228
229
230
228
230
231
232
228
231
232
231
233
234
235
236
234
237
235
238
234
236
237
239
235
238
236
240
237
241
239
242
238
240
241
243
239
242
240
244
241
245
243
246
242
244
245
247
243
246
244
248
245
249
247
250
246
248
249
251
247
250
248
252
249
253
251
254
250
252
253
255
251
254
252
256
253
257
255
257
254
256
257
256
255
258
259
260
258
260
261
259
262
260
263
258
261
259
264
262
263
261
265
264
266
262
267
263
265
264
268
266
267
265
269
268
270
266
271
267
269
268
272
270
271
269
273
272
274
270
275
271
273
272
276
274
275
273
277
276
278
274
279
275
277
276
280
278
279
277
281
280
279
281
280
281
278
282
283
284
282
284
285
283
286
284
287
282
285
283
288
286
287
285
289
288
290
286
291
287
289
288
292
290
291
289
293
292
294
290
295
291
293
292
296
294
295
293
297
296
298
294
299
295
297
296
300
298
299
297
301
300
302
298
303
299
301
300
304
302
303
301
305
304
303
305
304
305
302
306
307
308
306
308
309
307
310
308
311
306
309
307
312
310
311
309
313
312
314
310
315
311
313
312
316
314
315
313
317
316
318
314
319
315
317
316
320
318
319
317
321
320
322
318
323
319
321
320
324
322
323
321
325
324
326
322
327
323
325
324
328
326
327
325
329
328
327
329
328
329
326
330
331
332
330
332
333
334
331
330
333
332
335
334
336
331
333
335
337
338
336
334
337
335
339
338
340
336
337
339
341
342
340
338
341
339
343
342
344
340
341
343
345
346
344
342
345
343
347
346
348
344
345
347
349
350
348
346
349
347
351
350
352
348
349
351
353
353
352
350
353
351
352
