MESH3
Police Car N_4 FL Tire
354
0.1660404,-0.3035034,0.1753566
0.1660404,-0.3505328,-0.000159502
0.1660404,-0.3035034,-0.175676
0.1660404,-0.1750166,0.3038436
0.1660404,-0.1750166,-0.3041629
0.1660404,0.0004997253,0.350873
0.1660404,0.0004997253,-0.3511921
0.1660404,0.1760159,0.3038436
0.1660404,0.1760159,-0.3041629
0.1660404,0.3045028,0.1753566
0.1660404,0.3045028,-0.175676
0.1660404,0.3515323,-0.000159502
-0.1361629,-0.3035033,-0.175676
-0.1361629,-0.3505328,-0.000159502
-0.1361629,-0.3035033,0.1753566
-0.1361629,-0.2568905,-0.000159502
-0.1361629,-0.2224068,0.1285356
-0.1361629,-0.2224068,-0.1288546
-0.1361629,-0.1750165,0.3038436
-0.1361629,-0.1750165,-0.3041629
-0.1361629,-0.1281954,0.222747
-0.1361629,-0.1281954,-0.2230661
-0.1361629,0.0004997849,0.350873
-0.1361629,0.0004997849,-0.3511921
-0.1361629,0.0004997849,0.2572308
-0.1361629,0.0004997849,-0.2575498
-0.1361629,0.1760161,0.3038436
-0.1361629,0.1291949,0.222747
-0.1361629,0.2234063,0.1285356
-0.1361629,0.1760161,-0.3041629
-0.1361629,0.1291949,-0.2230661
-0.1361629,0.2234063,-0.1288546
-0.1361629,0.304503,0.1753566
-0.1361629,0.304503,-0.175676
-0.1361629,0.25789,-0.000159502
-0.1361629,0.3515324,-0.000159502
-0.07383943,0.1794138,0.1031365
-0.07383943,0.2070918,-0.000159502
-0.07383943,0.1794138,-0.1034555
-0.07383943,0.1037958,0.1787544
-0.07383943,0.1037958,-0.1790736
-0.07383943,0.09472555,-0.0006234646
-0.07383943,0.08186981,0.04735518
-0.07383943,0.08186972,-0.04860246
-0.07383943,0.04674676,0.08247805
-0.07383943,0.04674676,-0.08372533
-0.07383943,0.0004997849,0.2064327
-0.07383943,0.0004997849,-0.2067517
-0.07383943,-0.001231998,0.09533405
-0.07383943,-0.04921076,0.08247805
-0.07383943,-0.08433369,0.04735518
-0.07383943,-0.1027962,0.1787544
-0.07383943,-0.001231998,-0.09658122
-0.07383943,-0.04921076,-0.08372533
-0.07383943,-0.09718952,-0.0006234646
-0.07383943,-0.1784142,0.1031365
-0.07383943,-0.2060923,-0.000159502
-0.07383943,-0.08433363,-0.04860246
-0.07383943,-0.1027962,-0.1790736
-0.07383943,-0.1784142,-0.1034555
-0.1361609,-0.06075689,-0.03552616
-0.1361609,-0.07023332,-0.0001596212
-0.1361609,-0.06075689,0.03520679
-0.1361609,-0.03486672,-0.06141651
-0.1361609,-0.03486678,0.06109715
-0.1361609,-0.03486678,0.06109715
-0.1361609,0.0004997849,0.07057357
-0.1361609,-0.03486672,-0.06141651
-0.1361609,0.0004997849,-0.07089281
-0.1361609,0.03586626,-0.06141651
-0.1361609,0.03586626,0.06109679
-0.1361609,0.06175646,-0.03552616
-0.1361609,0.06175646,0.03520679
-0.1361609,0.07123289,-0.0001596212
-0.1254238,0.01707557,0.182622
-0.1222715,0.02594376,0.01824081
-0.1222715,-0.01430929,0.02908874
-0.1254238,0.07595783,0.1667535
-0.1261985,0.0481101,0.2607074
-0.1261985,0.08836308,0.2498593
-0.1261985,0.08836308,0.2498593
-0.1261985,0.0481101,0.2607074
-0.09841931,0.04158592,0.2624655
-0.09841913,0.0948872,0.2481012
-0.1023372,0.03246787,0.01648271
-0.1023372,-0.02083334,0.03084707
-0.1222715,-0.01430929,0.02908874
-0.1222715,0.02594376,0.01824081
-0.1254238,0.07595783,0.1667535
-0.1023372,0.03246787,0.01648271
-0.1222715,0.02594376,0.01824081
-0.09919196,0.0855014,0.1641818
-0.1261985,0.08836308,0.2498593
-0.09841913,0.0948872,0.2481012
-0.09919196,0.0855014,0.1641818
-0.1023372,-0.02083334,0.03084707
-0.1023372,0.03246787,0.01648271
-0.0991922,0.00753206,0.1851938
-0.09841913,0.0948872,0.2481012
-0.09841931,0.04158592,0.2624655
-0.0991922,0.00753206,0.1851938
-0.1222715,-0.01430929,0.02908874
-0.1023372,-0.02083334,0.03084707
-0.1254238,0.01707557,0.182622
-0.09841931,0.04158592,0.2624655
-0.1261985,0.0481101,0.2607074
-0.1254238,-0.1615089,0.08623707
-0.1222715,-0.006753683,0.0301069
-0.1222715,-0.03248104,-0.002696872
-0.1254238,-0.1238749,0.1342225
-0.1261985,-0.221236,0.1453397
-0.1261985,-0.1955087,0.1781435
-0.1261985,-0.1955087,0.1781435
-0.1261985,-0.221236,0.1453397
-0.09841931,-0.2254059,0.140023
-0.09841913,-0.1913389,0.1834602
-0.1023372,-0.002583891,0.03542376
-0.1023372,-0.03665087,-0.008013606
-0.1222715,-0.03248104,-0.002696872
-0.1222715,-0.006753683,0.0301069
-0.1254238,-0.1238749,0.1342225
-0.1023372,-0.002583891,0.03542376
-0.1222715,-0.006753683,0.0301069
-0.09919196,-0.1177753,0.142
-0.1261985,-0.1955087,0.1781435
-0.09841913,-0.1913389,0.1834602
-0.09919196,-0.1177753,0.142
-0.1023372,-0.03665087,-0.008013606
-0.1023372,-0.002583891,0.03542376
-0.0991922,-0.1676086,0.07845974
-0.09841913,-0.1913389,0.1834602
-0.09841931,-0.2254059,0.140023
-0.0991922,-0.1676086,0.07845974
-0.1222715,-0.03248104,-0.002696872
-0.1023372,-0.03665087,-0.008013606
-0.1254238,-0.1615089,0.08623707
-0.09841931,-0.2254059,0.140023
-0.1261985,-0.221236,0.1453397
-0.1254238,-0.1343296,-0.125456
-0.1222715,-0.03074762,0.002491593
-0.1222715,-0.008141667,-0.03253627
-0.1254238,-0.1673977,-0.07421696
-0.1261985,-0.2096942,-0.1626127
-0.1261985,-0.2323002,-0.1275849
-0.1261985,-0.2323002,-0.1275849
-0.1261985,-0.2096942,-0.1626127
-0.09841931,-0.2060303,-0.1682898
-0.09841913,-0.2359642,-0.1219076
-0.1023372,-0.03441158,0.008168697
-0.1023372,-0.004477769,-0.03821349
-0.1222715,-0.008141667,-0.03253627
-0.1222715,-0.03074762,0.002491593
-0.1254238,-0.1673977,-0.07421696
-0.1023372,-0.03441158,0.008168697
-0.1222715,-0.03074762,0.002491593
-0.09919196,-0.1727574,-0.06591237
-0.1261985,-0.2323002,-0.1275849
-0.09841913,-0.2359642,-0.1219076
-0.09919196,-0.1727574,-0.06591237
-0.1023372,-0.004477769,-0.03821349
-0.1023372,-0.03441158,0.008168697
-0.0991922,-0.1289699,-0.1337607
-0.09841913,-0.2359642,-0.1219076
-0.09841931,-0.2060303,-0.1682898
-0.0991922,-0.1289699,-0.1337607
-0.1222715,-0.008141667,-0.03253627
-0.1023372,-0.004477769,-0.03821349
-0.1254238,-0.1343296,-0.125456
-0.09841931,-0.2060303,-0.1682898
-0.1261985,-0.2096942,-0.1626127
-0.1254238,0.07250562,-0.1698049
-0.1222715,-0.01284048,-0.02903628
-0.1222715,0.02777073,-0.01961756
-0.1254238,0.01309934,-0.1835827
-0.1261985,0.0819664,-0.253297
-0.1261985,0.04135519,-0.2627158
-0.1261985,0.04135519,-0.2627158
-0.1261985,0.0819664,-0.253297
-0.09841931,0.0885486,-0.2517706
-0.09841913,0.03477299,-0.2642423
-0.1023372,-0.01942268,-0.03056276
-0.1023372,0.0343529,-0.01809096
-0.1222715,0.02777073,-0.01961756
-0.1222715,-0.01284048,-0.02903628
-0.1254238,0.01309934,-0.1835827
-0.1023372,-0.01942268,-0.03056276
-0.1222715,-0.01284048,-0.02903628
-0.09919196,0.003470957,-0.1858157
-0.1261985,0.04135519,-0.2627158
-0.09841913,0.03477299,-0.2642423
-0.09919196,0.003470957,-0.1858157
-0.1023372,0.0343529,-0.01809096
-0.1023372,-0.01942268,-0.03056276
-0.0991922,0.08213407,-0.1675719
-0.09841913,0.03477299,-0.2642423
-0.09841931,0.0885486,-0.2517706
-0.0991922,0.08213407,-0.1675719
-0.1222715,0.02777073,-0.01961756
-0.1023372,0.0343529,-0.01809096
-0.1254238,0.07250562,-0.1698049
-0.09841931,0.0885486,-0.2517706
-0.1261985,0.0819664,-0.253297
-0.1254238,0.1820417,0.02957475
-0.1222715,0.02516565,-0.02032197
-0.1222715,0.0255487,0.02136552
-0.1254238,0.1814813,-0.03140569
-0.1261985,0.2654204,0.01916111
-0.1261985,0.2650373,-0.02252614
-0.1261985,0.2650373,-0.02252614
-0.1261985,0.2654204,0.01916111
-0.09841931,0.2654824,0.02591777
-0.09841913,0.2649752,-0.02928281
-0.1023372,0.02510357,-0.02707851
-0.1023372,0.02561077,0.02812207
-0.1222715,0.0255487,0.02136552
-0.1222715,0.02516565,-0.02032197
-0.1254238,0.1814813,-0.03140569
-0.1023372,0.02510357,-0.02707851
-0.1222715,0.02516565,-0.02032197
-0.09919196,0.1813905,-0.04128933
-0.1261985,0.2650373,-0.02252614
-0.09841913,0.2649752,-0.02928281
-0.09919196,0.1813905,-0.04128933
-0.1023372,0.02561077,0.02812207
-0.1023372,0.02510357,-0.02707851
-0.0991922,0.1821324,0.03945851
-0.09841913,0.2649752,-0.02928281
-0.09841931,0.2654824,0.02591777
-0.0991922,0.1821324,0.03945851
-0.1222715,0.0255487,0.02136552
-0.1023372,0.02561077,0.02812207
-0.1254238,0.1820417,0.02957475
-0.09841931,0.2654824,0.02591777
-0.1261985,0.2654204,0.01916111
-0.07383943,-0.001231998,0.09533405
-0.1361609,0.0004997849,0.07057357
-0.1361609,-0.03486678,0.06109715
-0.07383943,-0.04921076,0.08247805
-0.07383943,0.04674676,0.08247805
-0.1361609,-0.06075689,0.03520679
-0.1361609,0.03586626,0.06109679
-0.07383943,-0.08433369,0.04735518
-0.07383943,0.08186981,0.04735518
-0.1361609,-0.07023332,-0.0001596212
-0.1361609,0.06175646,0.03520679
-0.07383943,-0.09718952,-0.0006234646
-0.07383943,0.09472555,-0.0006234646
-0.1361609,-0.06075689,-0.03552616
-0.1361609,0.07123289,-0.0001596212
-0.07383943,-0.08433363,-0.04860246
-0.07383943,0.08186972,-0.04860246
-0.1361609,-0.03486672,-0.06141651
-0.1361609,0.06175646,-0.03552616
-0.07383943,-0.04921076,-0.08372533
-0.07383943,0.04674676,-0.08372533
-0.1361609,0.0004997849,-0.07089281
-0.1361609,0.03586626,-0.06141651
-0.07383943,-0.001231998,-0.09658122
-0.07383943,0.1794138,-0.1034555
-0.1361629,0.2234063,-0.1288546
-0.1361629,0.1291949,-0.2230661
-0.07383943,0.2070918,-0.000159502
-0.07383943,0.1037958,-0.1790736
-0.1361629,0.25789,-0.000159502
-0.1361629,0.0004997849,-0.2575498
-0.07383943,0.1794138,0.1031365
-0.07383943,0.0004997849,-0.2067517
-0.1361629,0.2234063,0.1285356
-0.1361629,-0.1281954,-0.2230661
-0.07383943,0.1037958,0.1787544
-0.07383943,-0.1027962,-0.1790736
-0.1361629,0.1291949,0.222747
-0.1361629,-0.2224068,-0.1288546
-0.07383943,0.0004997849,0.2064327
-0.07383943,-0.1784142,-0.1034555
-0.1361629,0.0004997849,0.2572308
-0.1361629,-0.2568905,-0.000159502
-0.07383943,-0.1027962,0.1787544
-0.07383943,-0.2060923,-0.000159502
-0.1361629,-0.1281954,0.222747
-0.1361629,-0.2224068,0.1285356
-0.07383943,-0.1784142,0.1031365
-0.1116151,0.188723,-0.3261716
-0.1361629,0.1760161,-0.3041629
-0.1361629,0.304503,-0.175676
-0.1116151,0.3265119,-0.1883826
-0.1116151,0.0004997849,-0.376606
-0.1361629,0.3515324,-0.000159502
-0.1361629,0.0004997849,-0.3511921
-0.1116151,0.3769462,-0.000159502
-0.1116151,-0.1877234,-0.3261716
-0.1361629,0.304503,0.1753566
-0.1361629,-0.1750165,-0.3041629
-0.1116151,0.3265119,0.1880637
-0.1116151,-0.3255124,-0.1883826
-0.1361629,0.1760161,0.3038436
-0.1361629,-0.3035033,-0.175676
-0.1116151,0.188723,0.3258526
-0.1116151,-0.3759467,-0.000159502
-0.1361629,0.0004997849,0.350873
-0.1361629,-0.3505328,-0.000159502
-0.1116151,0.0004997849,0.3762869
-0.1116151,-0.3255124,0.1880637
-0.1361629,-0.1750165,0.3038436
-0.1361629,-0.3035033,0.1753566
-0.1116151,-0.1877234,0.3258526
0.1414925,0.3265119,-0.1883826
0.1660404,0.1760159,-0.3041629
0.1414925,0.1887229,-0.3261716
0.1660404,0.3045028,-0.175676
0.1660404,0.0004997253,-0.3511921
0.1414925,0.3769461,-0.000159502
0.1414925,0.0004997253,-0.376606
0.1660404,0.3515323,-0.000159502
0.1660404,-0.1750166,-0.3041629
0.1414925,0.3265119,0.1880637
0.1414925,-0.1877235,-0.3261716
0.1660404,0.3045028,0.1753566
0.1660404,-0.3035034,-0.175676
0.1414925,0.1887229,0.3258526
0.1414925,-0.3255124,-0.1883826
0.1660404,0.1760159,0.3038436
0.1660404,-0.3505328,-0.000159502
0.1414925,0.0004997253,0.3762869
0.1414925,-0.3759467,-0.000159502
0.1660404,0.0004997253,0.350873
0.1660404,-0.3035034,0.1753566
0.1414925,-0.1877235,0.3258526
0.1414925,-0.3255124,0.1880637
0.1660404,-0.1750166,0.3038436
0.1414925,0.1887229,-0.3261716
-0.1116151,0.0004997849,-0.376606
-0.1116151,0.188723,-0.3261716
0.1414925,0.0004997253,-0.376606
0.1414925,0.3265119,-0.1883826
-0.1116151,-0.1877234,-0.3261716
-0.1116151,0.3265119,-0.1883826
0.1414925,-0.1877235,-0.3261716
0.1414925,0.3769461,-0.000159502
-0.1116151,-0.3255124,-0.1883826
-0.1116151,0.3769462,-0.000159502
0.1414925,-0.3255124,-0.1883826
0.1414925,0.3265119,0.1880637
-0.1116151,-0.3759467,-0.000159502
-0.1116151,0.3265119,0.1880637
0.1414925,-0.3759467,-0.000159502
0.1414925,0.1887229,0.3258526
-0.1116151,-0.3255124,0.1880637
-0.1116151,0.188723,0.3258526
0.1414925,-0.3255124,0.1880637
0.1414925,0.0004997253,0.3762869
-0.1116151,-0.1877234,0.3258526
-0.1116151,0.0004997849,0.3762869
0.1414925,-0.1877235,0.3258526
354
0.1484376,0.5326324
0.1484376,0.5326324
0.1484376,0.5326324
0.1484376,0.5326324
0.1484376,0.5326324
0.1484376,0.5326324
0.1484376,0.5326324
0.1484376,0.5326324
0.1484376,0.5326324
0.1484376,0.5326324
0.1484376,0.5326324
0.1484376,0.5326324
0.1484376,0.5326324
0.1484376,0.5326324
0.1484376,0.5326324
0.1484376,0.5326324
0.1484376,0.5326324
0.1484376,0.5326324
0.1484376,0.5326324
0.1484376,0.5326324
0.1484376,0.5326324
0.1484376,0.5326324
0.1484376,0.5326324
0.1484376,0.5326324
0.1484376,0.5326324
0.1484376,0.5326324
0.1484376,0.5326324
0.1484376,0.5326324
0.1484376,0.5326324
0.1484376,0.5326324
0.1484376,0.5326324
0.1484376,0.5326324
0.1484376,0.5326324
0.1484376,0.5326324
0.1484376,0.5326324
0.1484376,0.5326324
0.09179693,0.5502105
0.09179693,0.5502105
0.09179693,0.5502105
0.09179693,0.5502105
0.09179693,0.5502105
0.09179693,0.5502105
0.09179693,0.5502105
0.09179693,0.5502105
0.09179693,0.5502105
0.09179693,0.5502105
0.09179693,0.5502105
0.09179693,0.5502105
0.09179693,0.5502105
0.09179693,0.5502105
0.09179693,0.5502105
0.09179693,0.5502105
0.09179693,0.5502105
0.09179693,0.5502105
0.09179693,0.5502105
0.09179693,0.5502105
0.09179693,0.5502105
0.09179693,0.5502105
0.09179693,0.5502105
0.09179693,0.5502105
0.2863209,0.9596413
0.2863209,0.9596413
0.2863209,0.9596413
0.2863209,0.9596412
0.2863209,0.9596412
0.2863209,0.9596412
0.2863209,0.9596413
0.2863209,0.9596412
0.2863209,0.9596413
0.2863209,0.9596413
0.2863209,0.9596413
0.2863209,0.9596413
0.2863209,0.9596413
0.2863209,0.9596413
0.2877268,0.9659702
0.2877268,0.9659702
0.2877268,0.9659702
0.2877268,0.9659702
0.2877268,0.9659702
0.2877268,0.9659702
0.2877268,0.9659702
0.2877268,0.9659702
0.2877268,0.9659702
0.2877268,0.9659702
0.2877268,0.9659702
0.2877268,0.9659702
0.2877268,0.9659702
0.2877268,0.9659702
0.2877268,0.9659702
0.2877268,0.9659702
0.2877268,0.9659702
0.2877268,0.9659702
0.2877268,0.9659702
0.2877268,0.9659702
0.2877268,0.9659702
0.2877268,0.9659702
0.2877268,0.9659702
0.2877268,0.9659702
0.2877268,0.9659702
0.2877268,0.9659702
0.2877268,0.9659702
0.2877268,0.9659702
0.2877268,0.9659702
0.2877268,0.9659702
0.2877268,0.9659702
0.2877268,0.9659702
0.2877268,0.9659702
0.2877268,0.9659702
0.2877268,0.9659702
0.2877268,0.9659702
0.2877268,0.9659702
0.2877268,0.9659702
0.2877268,0.9659702
0.2877268,0.9659702
0.2877268,0.9659702
0.2877268,0.9659702
0.2877268,0.9659702
0.2877268,0.9659702
0.2877268,0.9659702
0.2877268,0.9659702
0.2877268,0.9659702
0.2877268,0.9659702
0.2877268,0.9659702
0.2877268,0.9659702
0.2877268,0.9659702
0.2877268,0.9659702
0.2877268,0.9659702
0.2877268,0.9659702
0.2877268,0.9659702
0.2877268,0.9659702
0.2877268,0.9659702
0.2877268,0.9659702
0.2877268,0.9659702
0.2877268,0.9659702
0.2877268,0.9659702
0.2877268,0.9659702
0.2877268,0.9659702
0.2877268,0.9659702
0.2877268,0.9659702
0.2877268,0.9659702
0.2877268,0.9659702
0.2877268,0.9659702
0.2877268,0.9659702
0.2877268,0.9659702
0.2877268,0.9659702
0.2877268,0.9659702
0.2877268,0.9659702
0.2877268,0.9659702
0.2877268,0.9659702
0.2877268,0.9659702
0.2877268,0.9659702
0.2877268,0.9659702
0.2877268,0.9659702
0.2877268,0.9659702
0.2877268,0.9659702
0.2877268,0.9659702
0.2877268,0.9659702
0.2877268,0.9659702
0.2877268,0.9659702
0.2877268,0.9659702
0.2877268,0.9659702
0.2877268,0.9659702
0.2877268,0.9659702
0.2877268,0.9659702
0.2877268,0.9659702
0.2877268,0.9659702
0.2877268,0.9659702
0.2877268,0.9659702
0.2877268,0.9659702
0.2877268,0.9659702
0.2877268,0.9659702
0.2877268,0.9659702
0.2877268,0.9659702
0.2877268,0.9659702
0.2877268,0.9659702
0.2877268,0.9659702
0.2877268,0.9659702
0.2877268,0.9659702
0.2877268,0.9659702
0.2877268,0.9659702
0.2877268,0.9659702
0.2877268,0.9659702
0.2877268,0.9659702
0.2877268,0.9659702
0.2877268,0.9659702
0.2877268,0.9659702
0.2877268,0.9659702
0.2877268,0.9659702
0.2877268,0.9659702
0.2877268,0.9659702
0.2877268,0.9659702
0.2877268,0.9659702
0.2877268,0.9659702
0.2877268,0.9659702
0.2877268,0.9659702
0.2877268,0.9659702
0.2877268,0.9659702
0.2877268,0.9659702
0.2877268,0.9659702
0.2877268,0.9659702
0.2877268,0.9659702
0.2877268,0.9659702
0.2877268,0.9659702
0.2877268,0.9659702
0.2877268,0.9659702
0.2877268,0.9659702
0.2877268,0.9659702
0.2877268,0.9659702
0.2877268,0.9659702
0.2877268,0.9659702
0.2877268,0.9659702
0.2877268,0.9659702
0.2877268,0.9659702
0.2877268,0.9659702
0.2877268,0.9659702
0.2877268,0.9659702
0.2877268,0.9659702
0.2877268,0.9659702
0.2877268,0.9659702
0.2877268,0.9659702
0.2877268,0.9659702
0.2877268,0.9659702
0.2877268,0.9659702
0.2877268,0.9659702
0.2877268,0.9659702
0.2877268,0.9659702
0.2877268,0.9659702
0.2877268,0.9659702
0.2877268,0.9659702
0.2877268,0.9659702
0.2877268,0.9659702
0.2877268,0.9659702
0.2877268,0.9659702
0.2877268,0.9659702
0.2875846,0.9642748
0.2875846,0.9642748
0.2875846,0.9642748
0.2875846,0.9642748
0.2875846,0.9642748
0.2875846,0.9642748
0.2875846,0.9642748
0.2875846,0.9642748
0.2875846,0.9642748
0.2875846,0.9642748
0.2875846,0.9642748
0.2875846,0.9642748
0.2875846,0.9642748
0.2875846,0.9642748
0.2875846,0.9642748
0.2875846,0.9642748
0.2875846,0.9642748
0.2875846,0.9642748
0.2875846,0.9642748
0.2875846,0.9642748
0.2875846,0.9642748
0.2875846,0.9642748
0.2875846,0.9642748
0.2875846,0.9642748
0.2885982,0.9649506
0.2885982,0.9649506
0.2885982,0.9649506
0.2885982,0.9649506
0.2885982,0.9649506
0.2885982,0.9649506
0.2885982,0.9649506
0.2885982,0.9649506
0.2885982,0.9649506
0.2885982,0.9649506
0.2885982,0.9649506
0.2885982,0.9649506
0.2885982,0.9649506
0.2885982,0.9649506
0.2885982,0.9649506
0.2885982,0.9649506
0.2885982,0.9649506
0.2885982,0.9649506
0.2885982,0.9649506
0.2885982,0.9649506
0.2885982,0.9649506
0.2885982,0.9649506
0.2885982,0.9649506
0.2885982,0.9649506
0.1484376,0.5326324
0.1484376,0.5326324
0.1484376,0.5326324
0.1484376,0.5326324
0.1484376,0.5326324
0.1484376,0.5326324
0.1484376,0.5326324
0.1484376,0.5326324
0.1484376,0.5326324
0.1484376,0.5326324
0.1484376,0.5326324
0.1484376,0.5326324
0.1484376,0.5326324
0.1484376,0.5326324
0.1484376,0.5326324
0.1484376,0.5326324
0.1484376,0.5326324
0.1484376,0.5326324
0.1484376,0.5326324
0.1484376,0.5326324
0.1484376,0.5326324
0.1484376,0.5326324
0.1484376,0.5326324
0.1484376,0.5326324
0.1484376,0.5326324
0.1484376,0.5326324
0.1484376,0.5326324
0.1484376,0.5326324
0.1484376,0.5326324
0.1484376,0.5326324
0.1484376,0.5326324
0.1484376,0.5326324
0.1484376,0.5326324
0.1484376,0.5326324
0.1484376,0.5326324
0.1484376,0.5326324
0.1484376,0.5326324
0.1484376,0.5326324
0.1484376,0.5326324
0.1484376,0.5326324
0.1484376,0.5326324
0.1484376,0.5326324
0.1484376,0.5326324
0.1484376,0.5326324
0.1484376,0.5326324
0.1484376,0.5326324
0.1484376,0.5326324
0.1484376,0.5326324
0.1484376,0.5326324
0.1484376,0.5326324
0.1484376,0.5326324
0.1484376,0.5326324
0.1484376,0.5326324
0.1484376,0.5326324
0.1484376,0.5326324
0.1484376,0.5326324
0.1484376,0.5326324
0.1484376,0.5326324
0.1484376,0.5326324
0.1484376,0.5326324
0.1484376,0.5326324
0.1484376,0.5326324
0.1484376,0.5326324
0.1484376,0.5326324
0.1484376,0.5326324
0.1484376,0.5326324
0.1484376,0.5326324
0.1484376,0.5326324
0.1484376,0.5326324
0.1484376,0.5326324
0.1484376,0.5326324
0.1484376,0.5326324
1
864
0
1
2
2
3
0
2
4
3
4
5
3
4
6
5
6
7
5
6
8
7
8
9
7
8
10
9
10
11
9
12
13
14
14
15
12
16
15
14
15
17
12
14
18
16
17
19
12
18
20
16
17
21
19
18
22
20
21
23
19
22
24
20
21
25
23
24
22
26
24
26
27
28
27
26
25
29
23
25
30
29
30
31
29
26
32
28
31
33
29
32
34
28
31
34
33
32
33
34
32
35
33
36
37
38
39
36
38
39
38
40
39
40
41
39
41
42
43
41
40
39
42
44
45
43
40
46
39
44
45
40
47
46
44
48
46
48
49
46
49
50
51
46
50
52
45
47
53
52
47
51
50
54
55
51
54
54
56
55
57
53
47
57
56
54
57
47
58
57
59
56
58
59
57
60
61
62
62
63
60
62
64
63
65
66
67
66
68
67
66
69
68
66
70
69
70
71
69
70
72
71
72
73
71
74
75
76
74
77
75
78
77
74
78
79
77
80
81
82
80
82
83
84
85
86
84
86
87
88
89
90
88
91
89
92
91
88
92
93
91
94
95
96
94
97
95
98
97
94
98
99
97
100
101
102
100
103
101
104
103
100
104
105
103
106
107
108
106
109
107
110
109
106
110
111
109
112
113
114
112
114
115
116
117
118
116
118
119
120
121
122
120
123
121
124
123
120
124
125
123
126
127
128
126
129
127
130
129
126
130
131
129
132
133
134
132
135
133
136
135
132
136
137
135
138
139
140
138
141
139
142
141
138
142
143
141
144
145
146
144
146
147
148
149
150
148
150
151
152
153
154
152
155
153
156
155
152
156
157
155
158
159
160
158
161
159
162
161
158
162
163
161
164
165
166
164
167
165
168
167
164
168
169
167
170
171
172
170
173
171
174
173
170
174
175
173
176
177
178
176
178
179
180
181
182
180
182
183
184
185
186
184
187
185
188
187
184
188
189
187
190
191
192
190
193
191
194
193
190
194
195
193
196
197
198
196
199
197
200
199
196
200
201
199
202
203
204
202
205
203
206
205
202
206
207
205
208
209
210
208
210
211
212
213
214
212
214
215
216
217
218
216
219
217
220
219
216
220
221
219
222
223
224
222
225
223
226
225
222
226
227
225
228
229
230
228
231
229
232
231
228
232
233
231
234
235
236
234
236
237
238
235
234
237
236
239
238
240
235
237
239
241
242
240
238
241
239
243
242
244
240
241
243
245
246
244
242
245
243
247
246
248
244
245
247
249
250
248
246
249
247
251
250
252
248
249
251
253
254
252
250
253
251
255
254
256
252
253
255
257
257
256
254
257
255
256
258
259
260
261
259
258
258
260
262
261
263
259
262
260
264
265
263
261
262
264
266
265
267
263
266
264
268
269
267
265
266
268
270
269
271
267
270
268
272
273
271
269
270
272
274
273
275
271
274
272
276
277
275
273
274
276
278
277
279
275
278
276
280
281
279
277
278
280
281
281
280
279
282
283
284
282
284
285
286
283
282
285
284
287
286
288
283
285
287
289
290
288
286
289
287
291
290
292
288
289
291
293
294
292
290
293
291
295
294
296
292
293
295
297
298
296
294
297
295
299
298
300
296
297
299
301
302
300
298
301
299
303
302
304
300
301
303
305
305
304
302
305
303
304
306
307
308
306
309
307
308
307
310
311
309
306
308
310
312
311
313
309
312
310
314
315
313
311
312
314
316
315
317
313
316
314
318
319
317
315
316
318
320
319
321
317
320
318
322
323
321
319
320
322
324
323
325
321
324
322
326
327
325
323
324
326
328
327
329
325
328
326
329
328
329
327
330
331
332
330
333
331
334
330
332
333
335
331
334
332
336
333
337
335
338
334
336
337
339
335
338
336
340
337
341
339
342
338
340
341
343
339
342
340
344
341
345
343
346
342
344
345
347
343
346
344
348
345
349
347
350
346
348
349
351
347
350
348
352
349
353
351
353
350
352
353
352
351
