MESH3
showerBase
180
0.9766684,-0.2567112,0.6613241
0.9766684,1.443289,0.6613241
-1.023332,-0.2567112,0.6613241
-1.023332,1.443289,0.6613241
0.9766684,1.443289,0.6613241
0.9766684,1.443289,0.6513242
-1.023332,1.443289,0.6613241
-1.023332,1.443289,0.6513242
0.9766684,1.443289,0.6513242
0.9766684,-0.2567112,0.6513242
-1.023332,1.443289,0.6513242
-1.023332,-0.2567112,0.6513242
0.9766684,-0.2567112,0.6513242
0.9766684,-0.2567112,0.6613241
-1.023332,-0.2567112,0.6513242
-1.023332,-0.2567112,0.6613241
-1.023332,-0.2567112,0.6613241
-1.023332,1.443289,0.6613241
-1.023332,-0.2567112,0.6513242
-1.023332,1.443289,0.6513242
0.9766684,-0.2567112,0.6513242
0.9766684,1.443289,0.6513242
0.9766684,-0.2567112,0.6613241
0.9766684,1.443289,0.6613241
1.023332,-1.443289,0.6635813
1.023332,-0.2432887,0.6635813
-0.9766684,-1.443289,0.6635813
-0.9766684,-0.2432887,0.6635813
1.023332,-0.2432887,0.6635813
1.023332,-0.2432887,0.4435812
-0.9766684,-0.2432887,0.6635813
-0.9766684,-0.2432887,0.4435812
1.023332,-0.2432887,0.4435812
1.023332,-1.443289,0.4435812
-0.9766684,-0.2432887,0.4435812
-0.9766684,-1.443289,0.4435812
1.023332,-1.443289,0.4435812
1.023332,-1.443289,0.6635813
-0.9766684,-1.443289,0.4435812
-0.9766684,-1.443289,0.6635813
-0.9766684,-1.443289,0.6635813
-0.9766684,-0.2432887,0.6635813
-0.9766684,-1.443289,0.4435812
-0.9766684,-0.2432887,0.4435812
1.023332,-1.443289,0.4435812
1.023332,-0.2432887,0.4435812
1.023332,-1.443289,0.6635813
1.023332,-0.2432887,0.6635813
-0.9160601,0.9058089,-0.3788559
-0.9270599,0.9058089,-0.3788559
-0.9270599,0.8731217,-0.3788559
-0.9160601,0.8731217,-0.3788559
-0.9270599,0.8428735,-0.3788559
-0.9160601,0.8428735,-0.3788559
-0.9270599,0.806809,-0.3788559
-0.9160601,0.806809,-0.3788559
-0.9160601,0.9058089,-0.3788559
-0.9160601,0.9058089,-0.4075912
-0.9270599,0.9058089,-0.3788559
-0.9270599,0.9058089,-0.4075912
-0.9160601,0.9058089,-0.4476822
-0.9270599,0.9058089,-0.4476822
-0.9160601,0.9058089,-0.4778561
-0.9270599,0.9058089,-0.4778561
-0.9160601,0.9058089,-0.4778561
-0.9160601,0.8731217,-0.4778561
-0.9270599,0.9058089,-0.4778561
-0.9270599,0.8731217,-0.4778561
-0.9160601,0.8428735,-0.4778561
-0.9270599,0.8428735,-0.4778561
-0.9160601,0.806809,-0.4778561
-0.9270599,0.806809,-0.4778561
-0.9160601,0.806809,-0.3788559
-0.9270599,0.806809,-0.3788559
-0.9270599,0.806809,-0.4075912
-0.9160601,0.806809,-0.4075912
-0.9270599,0.806809,-0.4476822
-0.9160601,0.806809,-0.4476822
-0.9270599,0.806809,-0.4778561
-0.9160601,0.806809,-0.4778561
-0.9160601,0.9058089,-0.4075912
-0.9160601,0.9058089,-0.3788559
-0.9160601,0.8731217,-0.3788559
-0.9160601,0.8731217,-0.4075912
-0.9160601,0.9058089,-0.4476822
-0.9160601,0.8428735,-0.3788559
-0.9160601,0.8731217,-0.4476822
-0.9160601,0.9058089,-0.4778561
-0.9160601,0.8731217,-0.4778561
-0.9160601,0.8428735,-0.4075912
-0.9160601,0.806809,-0.3788559
-0.9160601,0.806809,-0.4075912
-0.9160601,0.8428735,-0.4476822
-0.9160601,0.8428735,-0.4778561
-0.9160601,0.806809,-0.4476822
-0.9160601,0.806809,-0.4778561
-0.2387064,0.8731217,-0.4476822
-0.2387064,0.8731217,-0.4075912
-0.2387064,0.8428735,-0.4075912
-0.2387064,0.8428735,-0.4476822
-0.2387064,0.7947896,-0.4075912
-0.2387064,0.7947896,-0.4476822
-0.9270599,0.806809,-0.3788559
-0.9270599,0.8428735,-0.3788559
-0.9270599,0.806809,-0.4075912
-0.9270599,0.8428735,-0.4075912
-0.9270599,0.8731217,-0.3788559
-0.9270599,0.806809,-0.4476822
-0.9270599,0.8731217,-0.4075912
-0.9270599,0.9058089,-0.3788559
-0.9270599,0.9058089,-0.4075912
-0.9270599,0.9058089,-0.4476822
-0.9270599,0.8428735,-0.4476822
-0.9270599,0.806809,-0.4778561
-0.9270599,0.8428735,-0.4778561
-0.9270599,0.8731217,-0.4476822
-0.9270599,0.9058089,-0.4778561
-0.9270599,0.8731217,-0.4778561
-0.9160601,0.8428735,-0.4476822
-0.2664395,0.8428735,-0.4476822
-0.9160601,0.8428735,-0.4075912
-0.2664395,0.8428735,-0.4075912
-0.9160601,0.8428735,-0.4075912
-0.2664395,0.8428735,-0.4075912
-0.9160601,0.8731217,-0.4075912
-0.2664395,0.8731217,-0.4075912
-0.2387064,0.8428735,-0.4075912
-0.2387064,0.8731217,-0.4075912
-0.2664395,0.7947896,-0.4075912
-0.2387064,0.7947896,-0.4075912
-0.9160601,0.8731217,-0.4075912
-0.2664395,0.8731217,-0.4075912
-0.9160601,0.8731217,-0.4476822
-0.2664395,0.8731217,-0.4476822
-0.2387064,0.8731217,-0.4075912
-0.2387064,0.8731217,-0.4476822
-0.9160601,0.8731217,-0.4476822
-0.2664395,0.8731217,-0.4476822
-0.9160601,0.8428735,-0.4476822
-0.2664395,0.8428735,-0.4476822
-0.2387064,0.8731217,-0.4476822
-0.2387064,0.8428735,-0.4476822
-0.2387064,0.7947896,-0.4476822
-0.2664395,0.7947896,-0.4476822
-0.2664395,0.8428735,-0.4476822
-0.2664395,0.7947896,-0.4476822
-0.2664395,0.8428735,-0.4075912
-0.2664395,0.7947896,-0.4075912
-0.460462,0.7947896,-0.1916916
-0.460462,0.7875974,-0.1916916
-0.04468567,0.7947896,-0.1916916
-0.04468567,0.7875974,-0.1916916
-0.460462,0.7947896,-0.6635813
-0.460462,0.7875974,-0.6635813
-0.460462,0.7947896,-0.1916916
-0.460462,0.7875974,-0.1916916
-0.04468567,0.7947896,-0.6635813
-0.04468567,0.7875974,-0.6635813
-0.460462,0.7947896,-0.6635813
-0.460462,0.7875974,-0.6635813
-0.04468567,0.7947896,-0.1916916
-0.04468567,0.7875974,-0.1916916
-0.04468567,0.7947896,-0.6635813
-0.04468567,0.7875974,-0.6635813
-0.04468567,0.7875974,-0.6635813
-0.2387064,0.7875974,-0.4476822
-0.460462,0.7875974,-0.6635813
-0.2387064,0.7875974,-0.4075912
-0.04468567,0.7875974,-0.1916916
-0.2664395,0.7875974,-0.4075912
-0.460462,0.7875974,-0.1916916
-0.2664395,0.7875974,-0.4476822
-0.2387064,0.7947896,-0.4476822
-0.04468567,0.7947896,-0.6635813
-0.2664395,0.7947896,-0.4476822
-0.04468567,0.7947896,-0.1916916
-0.460462,0.7947896,-0.6635813
-0.2387064,0.7947896,-0.4075912
-0.2664395,0.7947896,-0.4075912
-0.460462,0.7947896,-0.1916916
180
0.3504429,0.4285324
0.3497815,0.5840718
0.5334304,0.4293105
0.5327692,0.58485
0.3497815,0.5840718
0.3497776,0.5849869
0.5327692,0.58485
0.5327654,0.5857651
0.3488666,0.584068
0.3495278,0.4285285
0.165879,0.5832902
0.1665403,0.4277506
0.3504468,0.4276175
0.3504429,0.4285324
0.5334345,0.4283956
0.5334304,0.4293105
0.5334304,0.4293105
0.5327692,0.58485
0.5343456,0.4293144
0.5336842,0.5848538
0.3495278,0.4285285
0.3488666,0.584068
0.3504429,0.4285324
0.3497815,0.5840718
0.4013577,0.9507082
0.590188,0.9507084
0.4013577,0.6359909
0.5901878,0.6359909
0.590188,0.9507084
0.6248069,0.9507082
0.5901878,0.6359909
0.6248069,0.6359909
0.3457329,0.6589609
0.1569026,0.6589609
0.3457329,0.9736785
0.1569026,0.9736785
0.3667386,0.9507082
0.4013577,0.9507082
0.3667388,0.6359909
0.4013577,0.6359909
0.4013577,0.6359909
0.5901878,0.6359909
0.4013577,0.6013721
0.5901878,0.601372
0.4013577,0.9853274
0.5901878,0.9853271
0.4013577,0.9507082
0.590188,0.9507084
0.08445153,0.9634603
0.08445141,0.9604998
0.07565424,0.9605002
0.07565436,0.9634605
0.06751356,0.9605004
0.06751356,0.9634607
0.05780754,0.9605005
0.05780754,0.9634611
0.08741084,0.9605005
0.08741149,0.952767
0.08445045,0.9605002
0.08445129,0.9527666
0.08741227,0.9419773
0.08445165,0.941977
0.0874128,0.9338564
0.08445248,0.9338563
0.08445153,0.9308962
0.07565436,0.9308961
0.08445141,0.9338565
0.07565424,0.9338563
0.06751356,0.9308959
0.06751356,0.9338563
0.05780754,0.9308955
0.05780754,0.9338558
0.05484733,0.9605002
0.05780766,0.9605002
0.05780754,0.9527666
0.05484721,0.9527668
0.05780754,0.941977
0.0548471,0.941977
0.05780742,0.9338563
0.05484704,0.9338563
0.08657667,0.8993354
0.08657667,0.8916021
0.0777795,0.8916021
0.0777795,0.8993354
0.08657667,0.9101253
0.06963882,0.8916021
0.0777795,0.9101253
0.08657667,0.9182461
0.0777795,0.9182461
0.06963882,0.8993354
0.0599328,0.8916021
0.0599328,0.8993354
0.06963882,0.9101253
0.06963882,0.9182461
0.0599328,0.9101253
0.0599328,0.9182461
0.07090452,0.6800018
0.070905,0.6692119
0.0627642,0.6692119
0.06276372,0.6800016
0.04982343,0.6692114
0.04982319,0.6800011
0.05780754,0.9605002
0.06751356,0.9605004
0.05780754,0.9527666
0.06751356,0.9527666
0.07565424,0.9605002
0.05780754,0.941977
0.07565424,0.9527666
0.08445141,0.9605002
0.08445129,0.9527666
0.08445165,0.941977
0.06751356,0.941977
0.05780754,0.9338563
0.06751356,0.9338563
0.07565424,0.941977
0.08445141,0.9338563
0.07565424,0.9338563
0.06275705,0.8622981
0.06276372,0.6874653
0.05196741,0.8622976
0.05197391,0.6874648
0.08982828,0.862299
0.08983472,0.6874662
0.08168748,0.8622985
0.08169416,0.687466
0.0898352,0.6800025
0.08169439,0.680002
0.1027758,0.6874667
0.1027758,0.680003
0.08168748,0.8622985
0.08169416,0.687466
0.07089785,0.8622983
0.07090452,0.6874656
0.08169463,0.680002
0.07090476,0.6800018
0.07089785,0.8622983
0.07090452,0.6874656
0.06275705,0.8622981
0.06276372,0.6874653
0.07090452,0.6800018
0.06276372,0.6800016
0.04982302,0.6800008
0.04982284,0.6874648
0.08983448,0.6982561
0.1027751,0.6982566
0.08983472,0.6874662
0.1027758,0.6874667
0.126247,0.4967988
0.1247843,0.4967915
0.1258283,0.5813608
0.1243656,0.5813535
0.02881679,0.4948536
0.02880958,0.4963165
0.1247914,0.4953287
0.1247843,0.4967915
0.02692834,0.5808712
0.02839103,0.5808786
0.02734688,0.4963093
0.02880958,0.4963165
0.1243585,0.5828162
0.1243656,0.5813535
0.02838376,0.5823413
0.02839103,0.5808786
0.02839103,0.5808786
0.07249668,0.5416353
0.02880958,0.4963165
0.0806506,0.5416755
0.1243656,0.5813535
0.08067849,0.5360351
0.1247843,0.4967915
0.07252458,0.5359948
0.072099,0.6220191
0.02838376,0.5823413
0.07207087,0.6276596
0.1243585,0.5828162
0.02796534,0.6669032
0.08025268,0.6220596
0.08022454,0.6277
0.12394,0.6673782
1
396
0
1
2
1
3
2
4
5
6
5
7
6
8
9
10
9
11
10
12
13
14
13
15
14
16
17
18
17
19
18
20
21
22
21
23
22
24
25
26
25
27
26
28
29
30
29
31
30
32
33
34
33
35
34
36
37
38
37
39
38
40
41
42
41
43
42
44
45
46
45
47
46
48
49
50
51
48
50
51
50
52
53
51
52
53
52
54
55
53
54
56
57
58
57
59
58
57
60
59
60
61
59
60
62
61
62
63
61
64
65
66
65
67
66
65
68
67
68
69
67
68
70
69
70
71
69
72
73
74
75
72
74
75
74
76
77
75
76
77
76
78
79
77
78
80
81
82
83
80
82
84
80
83
83
82
85
86
84
83
87
84
86
88
87
86
89
83
85
89
85
90
91
89
90
88
86
92
92
89
91
93
88
92
94
92
91
93
92
94
95
93
94
96
97
98
99
96
98
98
100
99
100
101
99
102
103
104
103
105
104
103
106
105
107
104
105
106
108
105
106
109
108
109
110
108
110
111
108
112
107
105
112
105
108
113
107
112
114
113
112
111
115
108
115
112
108
114
112
115
111
116
115
117
114
115
116
117
115
118
119
120
119
121
120
122
123
124
123
125
124
123
126
125
126
127
125
123
128
126
128
129
126
130
131
132
131
133
132
131
134
133
134
135
133
136
137
138
137
139
138
137
140
139
140
141
139
141
142
139
142
143
139
144
145
146
145
147
146
148
149
150
149
151
150
152
153
154
153
155
154
156
157
158
157
159
158
160
161
162
161
163
162
164
165
166
165
164
167
168
167
164
167
168
169
165
167
169
170
169
168
166
171
170
171
166
165
171
165
169
169
170
171
172
173
174
173
172
175
176
174
173
177
175
172
174
176
178
175
177
179
179
178
176
178
179
177
