MESH3
Sport Car_39 FR Tire
552
-0.1707702,-0.3137454,-0.1829697
-0.1707702,-0.3626615,-0.0004122324
-0.1707702,-0.3137454,0.1821453
-0.1707702,-0.180104,-0.3166112
-0.1707702,-0.180104,0.3157867
-0.1707702,0.0024536,-0.3655274
-0.1707702,0.0024536,0.3647028
-0.1707702,0.1850111,-0.3166112
-0.1707702,0.1850111,0.3157867
-0.1707703,0.3186526,-0.1829697
-0.1707703,0.3186526,0.1821453
-0.1707703,0.3675688,-0.0004122324
0.1435545,-0.04204186,0.02527712
0.1435545,-0.04892534,-0.0004123339
0.1435545,-0.04204184,-0.02610189
0.1435545,-0.02323583,0.04408318
0.1435545,-0.02323581,-0.04490795
0.1435545,0.00245365,0.05096668
0.1435545,0.00245365,-0.05179145
0.1435545,0.02814316,0.04408318
0.1435545,0.02814316,-0.04490795
0.1435545,0.04694922,0.02527712
0.1435545,0.04694919,-0.02610189
0.1435545,0.05383269,-0.0004123339
0.1152799,-0.008113141,0.2061088
0.1152799,-0.01794307,0.07107603
0.1152799,0.00318031,0.06578086
0.1152799,0.01301019,0.2008136
0.1152801,0.04823865,0.3350704
0.1152801,0.069362,0.3297752
0.1152799,0.01301019,0.2008136
0.1152799,0.00318031,0.06578086
0.08807145,0.003180259,0.06578086
0.08807155,0.01301019,0.2008136
0.08807155,0.01301019,0.2008136
0.08807145,0.003180259,0.06578086
0.08807145,-0.01794307,0.07107603
0.08807155,-0.008113141,0.2061088
0.08807196,0.069362,0.3297752
0.08807196,0.04823865,0.3350704
0.08807155,-0.008113141,0.2061088
0.08807145,-0.01794307,0.07107603
0.1152799,-0.01794307,0.07107603
0.1152799,-0.008113141,0.2061088
0.1152801,0.069362,0.3297752
0.08807196,0.069362,0.3297752
0.08807196,0.04823865,0.3350704
0.1152801,0.04823865,0.3350704
0.08807145,0.003180259,0.06578086
0.1152799,0.00318031,0.06578086
0.1152799,-0.01794307,0.07107603
0.08807145,-0.01794307,0.07107603
0.08807196,0.04823865,0.3350704
0.08807155,-0.008113141,0.2061088
0.1152799,-0.008113141,0.2061088
0.1152801,0.04823865,0.3350704
0.1152801,0.069362,0.3297752
0.1152799,0.01301019,0.2008136
0.08807155,0.01301019,0.2008136
0.08807196,0.069362,0.3297752
0.08807196,0.08190205,0.1866757
0.08807145,0.03105751,0.05879209
0.08807145,0.009934155,0.06408767
0.08807196,0.06077869,0.1919713
0.08807196,0.09723923,0.3227865
0.08807196,0.07611582,0.328082
0.08807196,0.06077869,0.1919713
0.08807145,0.009934155,0.06408767
0.1152799,0.009934155,0.06408767
0.1152801,0.06077869,0.1919713
0.1152801,0.06077869,0.1919713
0.1152799,0.009934155,0.06408767
0.1152799,0.03105751,0.05879209
0.1152801,0.08190207,0.1866757
0.1152801,0.07611585,0.328082
0.1152801,0.09723923,0.3227865
0.1152801,0.08190207,0.1866757
0.1152799,0.03105751,0.05879209
0.08807145,0.03105751,0.05879209
0.08807196,0.08190205,0.1866757
0.08807196,0.07611582,0.328082
0.1152801,0.07611585,0.328082
0.1152801,0.09723923,0.3227865
0.08807196,0.09723923,0.3227865
0.1152799,0.009934155,0.06408767
0.08807145,0.009934155,0.06408767
0.08807145,0.03105751,0.05879209
0.1152799,0.03105751,0.05879209
0.1152801,0.09723923,0.3227865
0.1152801,0.08190207,0.1866757
0.08807196,0.08190205,0.1866757
0.08807196,0.09723923,0.3227865
0.08807196,0.07611582,0.328082
0.08807196,0.06077869,0.1919713
0.1152801,0.06077869,0.1919713
0.1152801,0.07611585,0.328082
0.1152801,-0.002845809,-0.2043614
0.1152797,0.003180183,-0.06295542
0.1152797,-0.01794325,-0.0682506
0.1152801,0.01827755,-0.1990658
0.1152801,0.04823791,-0.332245
0.1152801,0.06936122,-0.3269494
0.1152801,0.01827755,-0.1990658
0.08807196,0.01827755,-0.1990658
0.08807145,0.003180183,-0.06295542
0.1152797,0.003180183,-0.06295542
0.08807196,0.01827755,-0.1990658
0.08807145,-0.01794325,-0.068251
0.08807145,0.003180183,-0.06295542
0.08807196,-0.002845809,-0.2043614
0.08807196,0.06936122,-0.3269494
0.08807196,0.04823791,-0.332245
0.08807196,-0.002845809,-0.2043614
0.1152801,-0.002845809,-0.2043614
0.1152797,-0.01794325,-0.0682506
0.08807145,-0.01794325,-0.068251
0.1152801,0.06936122,-0.3269494
0.1152801,0.04823791,-0.332245
0.08807196,0.04823791,-0.332245
0.08807196,0.06936122,-0.3269494
0.08807145,0.003180183,-0.06295542
0.08807145,-0.01794325,-0.068251
0.1152797,-0.01794325,-0.0682506
0.1152797,0.003180183,-0.06295542
0.08807196,0.04823791,-0.332245
0.1152801,0.04823791,-0.332245
0.1152801,-0.002845809,-0.2043614
0.08807196,-0.002845809,-0.2043614
0.1152801,0.06936122,-0.3269494
0.08807196,0.06936122,-0.3269494
0.08807196,0.01827755,-0.1990658
0.1152801,0.01827755,-0.1990658
0.08807196,0.08537362,-0.1834917
0.08807145,0.009934003,-0.06126224
0.08807145,0.03105738,-0.05596666
0.08807196,0.06425024,-0.1887869
0.08807196,0.09723847,-0.319961
0.08807196,0.07611506,-0.3252562
0.08807196,0.06425024,-0.1887869
0.1152799,0.06425024,-0.1887869
0.1152797,0.009934003,-0.06126224
0.08807145,0.009934003,-0.06126224
0.1152799,0.06425024,-0.1887869
0.1152797,0.03105738,-0.05596666
0.1152797,0.009934003,-0.06126224
0.1152799,0.08537362,-0.1834917
0.1152801,0.07611511,-0.3252562
0.1152799,0.09723847,-0.319961
0.1152799,0.08537362,-0.1834917
0.08807196,0.08537362,-0.1834917
0.08807145,0.03105738,-0.05596666
0.1152797,0.03105738,-0.05596666
0.08807196,0.07611506,-0.3252562
0.08807196,0.09723847,-0.319961
0.1152799,0.09723847,-0.319961
0.1152801,0.07611511,-0.3252562
0.1152797,0.009934003,-0.06126224
0.1152797,0.03105738,-0.05596666
0.08807145,0.03105738,-0.05596666
0.08807145,0.009934003,-0.06126224
0.1152799,0.09723847,-0.319961
0.08807196,0.09723847,-0.319961
0.08807196,0.08537362,-0.1834917
0.1152799,0.08537362,-0.1834917
0.08807196,0.07611506,-0.3252562
0.1152801,0.07611511,-0.3252562
0.1152799,0.06425024,-0.1887869
0.08807196,0.06425024,-0.1887869
0.1152791,-0.2006779,0.07079383
0.1152791,-0.07569369,0.01540872
0.1152791,-0.06325333,0.03328261
0.1152791,-0.1882373,0.08866731
0.1152793,-0.2990764,0.1708852
0.1152793,-0.286636,0.1887595
0.1152791,-0.1882373,0.08866731
0.1152791,-0.06325333,0.03328261
0.08807094,-0.06325333,0.03328261
0.08807094,-0.1882373,0.08866731
0.08807094,-0.1882373,0.08866731
0.08807094,-0.06325333,0.03328261
0.08807064,-0.07569369,0.01540872
0.08807094,-0.2006779,0.07079383
0.08807094,-0.286636,0.1887595
0.08807094,-0.2990764,0.1708852
0.08807094,-0.2006779,0.07079383
0.08807064,-0.07569369,0.01540872
0.1152791,-0.07569369,0.01540872
0.1152791,-0.2006779,0.07079383
0.1152793,-0.286636,0.1887595
0.08807094,-0.286636,0.1887595
0.08807094,-0.2990764,0.1708852
0.1152793,-0.2990764,0.1708852
0.08807094,-0.06325333,0.03328261
0.1152791,-0.06325333,0.03328261
0.1152791,-0.07569369,0.01540872
0.08807064,-0.07569369,0.01540872
0.08807094,-0.2990764,0.1708852
0.08807094,-0.2006779,0.07079383
0.1152791,-0.2006779,0.07079383
0.1152793,-0.2990764,0.1708852
0.1152793,-0.286636,0.1887595
0.1152791,-0.1882373,0.08866731
0.08807094,-0.1882373,0.08866731
0.08807094,-0.286636,0.1887595
0.08807094,-0.1469101,0.1482233
0.08807094,-0.04683532,0.05687152
0.08807094,-0.05927574,0.03899763
0.08807094,-0.1593505,0.1303494
0.08807094,-0.270218,0.212348
0.08807094,-0.2826584,0.1944741
0.08807094,-0.1593505,0.1303494
0.08807094,-0.05927574,0.03899763
0.1152791,-0.05927574,0.03899763
0.1152791,-0.1593505,0.1303494
0.1152791,-0.1593505,0.1303494
0.1152791,-0.05927574,0.03899763
0.1152791,-0.04683532,0.05687152
0.1152791,-0.1469101,0.1482233
0.1152791,-0.2826584,0.1944741
0.1152793,-0.270218,0.212348
0.1152791,-0.1469101,0.1482233
0.1152791,-0.04683532,0.05687152
0.08807094,-0.04683532,0.05687152
0.08807094,-0.1469101,0.1482233
0.08807094,-0.2826584,0.1944741
0.1152791,-0.2826584,0.1944741
0.1152793,-0.270218,0.212348
0.08807094,-0.270218,0.212348
0.1152791,-0.05927574,0.03899763
0.08807094,-0.05927574,0.03899763
0.08807094,-0.04683532,0.05687152
0.1152791,-0.04683532,0.05687152
0.1152793,-0.270218,0.212348
0.1152791,-0.1469101,0.1482233
0.08807094,-0.1469101,0.1482233
0.08807094,-0.270218,0.212348
0.08807094,-0.2826584,0.1944741
0.08807094,-0.1593505,0.1303494
0.1152791,-0.1593505,0.1303494
0.1152791,-0.2826584,0.1944741
0.1152791,-0.1966074,-0.07527022
0.1152788,-0.06325336,-0.03045596
0.1152791,-0.07569369,-0.01258207
0.1152791,-0.1841671,-0.09314411
0.1152793,-0.2990769,-0.1680581
0.1152793,-0.2866366,-0.185932
0.1152791,-0.1841671,-0.09314411
0.08807074,-0.1841671,-0.09314411
0.08807074,-0.06325336,-0.03045596
0.1152788,-0.06325336,-0.03045596
0.08807074,-0.1841671,-0.09314411
0.08807074,-0.07569369,-0.01258207
0.08807074,-0.06325336,-0.03045596
0.08807074,-0.1966074,-0.07527022
0.08807094,-0.2866366,-0.185932
0.08807094,-0.2990769,-0.1680581
0.08807074,-0.1966074,-0.07527022
0.1152791,-0.1966074,-0.07527022
0.1152791,-0.07569369,-0.01258207
0.08807074,-0.07569369,-0.01258207
0.1152793,-0.2866366,-0.185932
0.1152793,-0.2990769,-0.1680581
0.08807094,-0.2990769,-0.1680581
0.08807094,-0.2866366,-0.185932
0.08807074,-0.06325336,-0.03045596
0.08807074,-0.07569369,-0.01258207
0.1152791,-0.07569369,-0.01258207
0.1152788,-0.06325336,-0.03045596
0.08807094,-0.2990769,-0.1680581
0.1152793,-0.2990769,-0.1680581
0.1152791,-0.1966074,-0.07527022
0.08807074,-0.1966074,-0.07527022
0.1152793,-0.2866366,-0.185932
0.08807094,-0.2866366,-0.185932
0.08807074,-0.1841671,-0.09314411
0.1152791,-0.1841671,-0.09314411
0.08807094,-0.1476288,-0.1463541
0.08807074,-0.05927576,-0.03617057
0.08807074,-0.04683542,-0.05404487
0.08807094,-0.1600692,-0.1284802
0.08807094,-0.2702186,-0.2095209
0.08807094,-0.282659,-0.1916466
0.08807094,-0.1600692,-0.1284802
0.1152791,-0.1600692,-0.1284802
0.1152788,-0.05927576,-0.03617057
0.08807074,-0.05927576,-0.03617057
0.1152791,-0.1600692,-0.1284802
0.1152788,-0.04683542,-0.05404446
0.1152788,-0.05927576,-0.03617057
0.1152791,-0.1476288,-0.1463541
0.1152793,-0.282659,-0.1916466
0.1152793,-0.2702186,-0.2095209
0.1152791,-0.1476288,-0.1463541
0.08807094,-0.1476288,-0.1463541
0.08807074,-0.04683542,-0.05404487
0.1152788,-0.04683542,-0.05404446
0.08807094,-0.282659,-0.1916466
0.08807094,-0.2702186,-0.2095209
0.1152793,-0.2702186,-0.2095209
0.1152793,-0.282659,-0.1916466
0.1152788,-0.05927576,-0.03617057
0.1152788,-0.04683542,-0.05404446
0.08807074,-0.04683542,-0.05404487
0.08807074,-0.05927576,-0.03617057
0.1152793,-0.2702186,-0.2095209
0.08807094,-0.2702186,-0.2095209
0.08807094,-0.1476288,-0.1463541
0.1152791,-0.1476288,-0.1463541
0.08807094,-0.282659,-0.1916466
0.1152793,-0.282659,-0.1916466
0.1152791,-0.1600692,-0.1284802
0.08807094,-0.1600692,-0.1284802
0.1152791,0.1912244,0.05659257
0.1152788,0.05797346,0.03018209
0.1152788,0.05821833,0.008406555
0.1152791,0.1914693,0.03481704
0.1152791,0.3301196,0.03324241
0.1152791,0.3303644,0.01146698
0.1152791,0.1914693,0.03481704
0.1152788,0.05821833,0.008406555
0.08807064,0.05821833,0.008406555
0.08807064,0.1914693,0.03481704
0.08807064,0.1914693,0.03481704
0.08807064,0.05821833,0.008406555
0.08807064,0.05797346,0.03018209
0.08807064,0.1912245,0.05659257
0.08807074,0.3303645,0.01146698
0.08807094,0.3301196,0.03324322
0.08807064,0.1912245,0.05659257
0.08807064,0.05797346,0.03018209
0.1152788,0.05797346,0.03018209
0.1152791,0.1912244,0.05659257
0.1152791,0.3303644,0.01146698
0.08807074,0.3303645,0.01146698
0.08807094,0.3301196,0.03324322
0.1152791,0.3301196,0.03324241
0.08807064,0.05821833,0.008406555
0.1152788,0.05821833,0.008406555
0.1152788,0.05797346,0.03018209
0.08807064,0.05797346,0.03018209
0.08807094,0.3301196,0.03324322
0.08807064,0.1912245,0.05659257
0.1152791,0.1912244,0.05659257
0.1152791,0.3301196,0.03324241
0.1152791,0.3303644,0.01146698
0.1152791,0.1914693,0.03481704
0.08807064,0.1914693,0.03481704
0.08807074,0.3303645,0.01146698
0.08807064,0.1945633,-0.03961055
0.08807064,0.05854161,-0.02033135
0.08807064,0.0582967,0.001444184
0.08807064,0.1943185,-0.01783461
0.08807074,0.3306877,-0.01727052
0.08807074,0.3304428,0.004505016
0.08807064,0.1943185,-0.01783461
0.08807064,0.0582967,0.001444184
0.1152788,0.0582967,0.001444184
0.1152791,0.1943184,-0.01783461
0.1152791,0.1943184,-0.01783461
0.1152788,0.0582967,0.001444184
0.1152788,0.05854161,-0.02033135
0.1152788,0.1945633,-0.03961055
0.1152791,0.3304428,0.004505016
0.1152791,0.3306877,-0.01727052
0.1152788,0.1945633,-0.03961055
0.1152788,0.05854161,-0.02033135
0.08807064,0.05854161,-0.02033135
0.08807064,0.1945633,-0.03961055
0.08807074,0.3304428,0.004505016
0.1152791,0.3304428,0.004505016
0.1152791,0.3306877,-0.01727052
0.08807074,0.3306877,-0.01727052
0.1152788,0.0582967,0.001444184
0.08807064,0.0582967,0.001444184
0.08807064,0.05854161,-0.02033135
0.1152788,0.05854161,-0.02033135
0.1152791,0.3306877,-0.01727052
0.1152788,0.1945633,-0.03961055
0.08807064,0.1945633,-0.03961055
0.08807074,0.3306877,-0.01727052
0.08807074,0.3304428,0.004505016
0.08807064,0.1943185,-0.01783461
0.1152791,0.1943184,-0.01783461
0.1152791,0.3304428,0.004505016
0.07873283,0.002453625,0.0781594
0.1435545,-0.02323583,0.04408318
0.1435545,0.00245365,0.05096668
0.07873283,-0.03683211,0.0676328
0.07873283,0.04173944,0.0676328
0.1435545,-0.04204186,0.02527712
0.1435545,0.02814316,0.04408318
0.07873283,-0.06559131,0.03887358
0.07873283,0.07049866,0.03887358
0.1435545,-0.04892534,-0.0004123339
0.1435545,0.04694922,0.02527712
0.07873283,-0.07611793,-0.0004122324
0.07873283,0.08102526,-0.0004122324
0.1435545,-0.04204184,-0.02610189
0.1435545,0.05383269,-0.0004123339
0.07873283,-0.06559131,-0.03969805
0.07873283,0.07049866,-0.03969795
0.1435545,-0.02323581,-0.04490795
0.1435545,0.04694919,-0.02610189
0.07873283,-0.03683209,-0.06845727
0.07873283,0.04173942,-0.06845727
0.1435545,0.00245365,-0.05179145
0.1435545,0.02814316,-0.04490795
0.07873283,0.002453625,-0.07898386
0.07873283,0.07049866,-0.03969795
0.07873283,0.04173942,-0.06845727
0.07873283,0.1254634,-0.2134714
0.07873283,0.2155128,-0.1234219
0.07873283,0.00245365,-0.2464318
0.07873283,0.08102526,-0.0004122324
0.07873283,0.002453625,-0.07898386
0.07873283,0.2484732,-0.0004122324
0.07873283,-0.1205561,-0.2134714
0.07873283,0.07049866,0.03887358
0.07873283,-0.03683209,-0.06845727
0.07873283,0.2155128,0.1225975
0.07873283,-0.2106055,-0.123422
0.07873283,0.04173944,0.0676328
0.07873283,-0.06559131,-0.03969805
0.07873283,0.1254634,0.2126469
0.07873283,-0.2435659,-0.0004122324
0.07873283,0.002453625,0.0781594
0.07873283,-0.07611793,-0.0004122324
0.07873283,0.00245365,0.2456073
0.07873283,-0.2106055,0.1225976
0.07873283,-0.03683211,0.0676328
0.07873283,-0.06559131,0.03887358
0.07873283,-0.1205561,0.212647
0.07873283,0.2155128,-0.1234219
0.07873283,0.1254634,-0.2134714
0.1435566,0.1557099,-0.2658598
0.1435566,0.2679013,-0.1536685
0.1435566,0.00245365,-0.3069247
0.07873283,0.2484732,-0.0004122324
0.07873283,0.00245365,-0.2464318
0.1435566,0.3089662,-0.0004122324
0.1435566,-0.1508026,-0.2658598
0.07873283,0.2155128,0.1225975
0.07873283,-0.1205561,-0.2134714
0.1435566,0.2679013,0.152844
0.1435566,-0.2629939,-0.1536685
0.07873283,0.1254634,0.2126469
0.07873283,-0.2106055,-0.123422
0.1435566,0.1557099,0.2650354
0.1435566,-0.3040588,-0.0004122324
0.07873283,0.00245365,0.2456073
0.07873283,-0.2435659,-0.0004122324
0.1435566,0.00245365,0.3061002
0.1435566,-0.2629939,0.152844
0.07873283,-0.1205561,0.212647
0.07873283,-0.2106055,0.1225976
0.1435566,-0.1508026,0.2650354
0.1435566,0.2679013,-0.1536685
0.1435566,0.1557099,-0.2658598
0.1435566,0.1850112,-0.3166112
0.1435566,0.3186526,-0.1829697
0.1435566,0.00245365,-0.3655274
0.1435566,0.3089662,-0.0004122324
0.1435566,0.00245365,-0.3069247
0.1435566,0.3675688,-0.0004122324
0.1435566,-0.1801039,-0.3166112
0.1435566,0.2679013,0.152844
0.1435566,-0.1508026,-0.2658598
0.1435566,0.3186526,0.1821453
0.1435566,-0.3137453,-0.1829697
0.1435566,0.1557099,0.2650354
0.1435566,-0.2629939,-0.1536685
0.1435566,0.1850112,0.3157867
0.1435566,-0.3626615,-0.0004122324
0.1435566,0.00245365,0.3061002
0.1435566,-0.3040588,-0.0004122324
0.1435566,0.00245365,0.3647028
0.1435566,-0.3137453,0.1821453
0.1435566,-0.1508026,0.2650354
0.1435566,-0.2629939,0.152844
0.1435566,-0.1801039,0.3157867
0.1180239,0.1982279,-0.3395031
0.1180239,0.3415446,-0.1961865
0.1435566,0.3186526,-0.1829697
0.1435566,0.1850112,-0.3166112
0.1435566,0.3675688,-0.0004122324
0.1180239,0.00245365,-0.3919607
0.1180239,0.3940021,-0.0004122324
0.1435566,0.00245365,-0.3655274
0.1435566,0.3186526,0.1821453
0.1180239,-0.1933206,-0.3395031
0.1180239,0.3415446,0.195362
0.1435566,-0.1801039,-0.3166112
0.1435566,0.1850112,0.3157867
0.1180239,-0.3366373,-0.1961865
0.1180239,0.1982279,0.3386787
0.1435566,-0.3137453,-0.1829697
0.1435566,0.00245365,0.3647028
0.1180239,-0.3890948,-0.0004122324
0.1180239,0.00245365,0.3911362
0.1435566,-0.3626615,-0.0004122324
0.1435566,-0.1801039,0.3157867
0.1180239,-0.3366373,0.195362
0.1180239,-0.1933206,0.3386787
0.1435566,-0.3137453,0.1821453
-0.1452376,0.3415445,-0.1961865
-0.1452376,0.1982279,-0.3395031
-0.1707702,0.1850111,-0.3166112
-0.1707703,0.3186526,-0.1829697
-0.1707702,0.0024536,-0.3655274
-0.1452376,0.3940021,-0.0004122324
-0.1452376,0.0024536,-0.3919607
-0.1707703,0.3675688,-0.0004122324
-0.1707702,-0.180104,-0.3166112
-0.1452376,0.3415445,0.195362
-0.1452376,-0.1933207,-0.3395031
-0.1707703,0.3186526,0.1821453
-0.1707702,-0.3137454,-0.1829697
-0.1452376,0.1982279,0.3386787
-0.1452376,-0.3366373,-0.1961865
-0.1707702,0.1850111,0.3157867
-0.1707702,-0.3626615,-0.0004122324
-0.1452376,0.0024536,0.3911362
-0.1452376,-0.3890949,-0.0004122324
-0.1707702,0.0024536,0.3647028
-0.1707702,-0.3137454,0.1821453
-0.1452376,-0.1933207,0.3386787
-0.1452376,-0.3366373,0.195362
-0.1707702,-0.180104,0.3157867
-0.1452376,0.1982279,-0.3395031
0.1180239,0.1982279,-0.3395031
0.1180239,0.00245365,-0.3919607
-0.1452376,0.0024536,-0.3919607
-0.1452376,0.3415445,-0.1961865
0.1180239,-0.1933206,-0.3395031
0.1180239,0.3415446,-0.1961865
-0.1452376,-0.1933207,-0.3395031
-0.1452376,0.3940021,-0.0004122324
0.1180239,-0.3366373,-0.1961865
0.1180239,0.3940021,-0.0004122324
-0.1452376,-0.3366373,-0.1961865
-0.1452376,0.3415445,0.195362
0.1180239,-0.3890948,-0.0004122324
0.1180239,0.3415446,0.195362
-0.1452376,-0.3890949,-0.0004122324
-0.1452376,0.1982279,0.3386787
0.1180239,-0.3366373,0.195362
0.1180239,0.1982279,0.3386787
-0.1452376,-0.3366373,0.195362
-0.1452376,0.0024536,0.3911362
0.1180239,-0.1933206,0.3386787
0.1180239,0.00245365,0.3911362
-0.1452376,-0.1933207,0.3386787
552
0.1484376,0.5326324
0.1484376,0.5326324
0.1484376,0.5326324
0.1484376,0.5326324
0.1484376,0.5326324
0.1484376,0.5326324
0.1484376,0.5326324
0.1484376,0.5326324
0.1484376,0.5326324
0.1484376,0.5326324
0.1484376,0.5326324
0.1484376,0.5326324
0.2832476,0.9643112
0.2832476,0.9643112
0.2832476,0.9643112
0.2832476,0.9643112
0.2832476,0.9643112
0.2832476,0.9643112
0.2832476,0.9643112
0.2832476,0.9643112
0.2832476,0.9643112
0.2832476,0.9643112
0.2832476,0.9643112
0.2832476,0.9643112
0.2834767,0.9670425
0.2834767,0.9670425
0.2834767,0.9670425
0.2834767,0.9670425
0.2834767,0.9670425
0.2834767,0.9670425
0.2834767,0.9670425
0.2834767,0.9670425
0.2834767,0.9670425
0.2834767,0.9670425
0.2834767,0.9670425
0.2834767,0.9670425
0.2834767,0.9670425
0.2834767,0.9670425
0.2834767,0.9670425
0.2834767,0.9670425
0.2834767,0.9670425
0.2834767,0.9670425
0.2834767,0.9670425
0.2834767,0.9670425
0.2834767,0.9670425
0.2834767,0.9670425
0.2834767,0.9670425
0.2834767,0.9670425
0.2834767,0.9670425
0.2834767,0.9670425
0.2834767,0.9670425
0.2834767,0.9670425
0.2834767,0.9670425
0.2834767,0.9670425
0.2834767,0.9670425
0.2834767,0.9670425
0.2834767,0.9670425
0.2834767,0.9670425
0.2834767,0.9670425
0.2834767,0.9670425
0.2834767,0.9670425
0.2834767,0.9670425
0.2834767,0.9670425
0.2834767,0.9670425
0.2834767,0.9670425
0.2834767,0.9670425
0.2834767,0.9670425
0.2834767,0.9670425
0.2834767,0.9670425
0.2834767,0.9670425
0.2834767,0.9670425
0.2834767,0.9670425
0.2834767,0.9670425
0.2834767,0.9670425
0.2834767,0.9670425
0.2834767,0.9670425
0.2834767,0.9670425
0.2834767,0.9670425
0.2834767,0.9670425
0.2834767,0.9670425
0.2834767,0.9670425
0.2834767,0.9670425
0.2834767,0.9670425
0.2834767,0.9670425
0.2834767,0.9670425
0.2834767,0.9670425
0.2834767,0.9670425
0.2834767,0.9670425
0.2834767,0.9670425
0.2834767,0.9670425
0.2834767,0.9670425
0.2834767,0.9670425
0.2834767,0.9670425
0.2834767,0.9670425
0.2834767,0.9670425
0.2834767,0.9670425
0.2834767,0.9670425
0.2834767,0.9670425
0.2834767,0.9670425
0.2834767,0.9670425
0.2834767,0.9670425
0.2834767,0.9670425
0.2834767,0.9670425
0.2834767,0.9670425
0.2834767,0.9670425
0.2834767,0.9670425
0.2834767,0.9670425
0.2834767,0.9670425
0.2834767,0.9670425
0.2834767,0.9670425
0.2834767,0.9670425
0.2834767,0.9670425
0.2834767,0.9670425
0.2834767,0.9670425
0.2834767,0.9670425
0.2834767,0.9670425
0.2834767,0.9670425
0.2834767,0.9670425
0.2834767,0.9670425
0.2834767,0.9670425
0.2834767,0.9670425
0.2834767,0.9670425
0.2834767,0.9670425
0.2834767,0.9670425
0.2834767,0.9670425
0.2834767,0.9670425
0.2834767,0.9670425
0.2834767,0.9670425
0.2834767,0.9670425
0.2834767,0.9670425
0.2834767,0.9670425
0.2834767,0.9670425
0.2834767,0.9670425
0.2834767,0.9670425
0.2834767,0.9670425
0.2834767,0.9670425
0.2834767,0.9670425
0.2834767,0.9670425
0.2834767,0.9670425
0.2834767,0.9670425
0.2834767,0.9670425
0.2834767,0.9670425
0.2834767,0.9670425
0.2834767,0.9670425
0.2834767,0.9670425
0.2834767,0.9670425
0.2834767,0.9670425
0.2834767,0.9670425
0.2834767,0.9670425
0.2834767,0.9670425
0.2834767,0.9670425
0.2834767,0.9670425
0.2834767,0.9670425
0.2834767,0.9670425
0.2834767,0.9670425
0.2834767,0.9670425
0.2834767,0.9670425
0.2834767,0.9670425
0.2834767,0.9670425
0.2834767,0.9670425
0.2834767,0.9670425
0.2834767,0.9670425
0.2834767,0.9670425
0.2834767,0.9670425
0.2834767,0.9670425
0.2834767,0.9670425
0.2834767,0.9670425
0.2834767,0.9670425
0.2834767,0.9670425
0.2834767,0.9670425
0.2834767,0.9670425
0.2834767,0.9670425
0.2834767,0.9670425
0.2834767,0.9670425
0.2834767,0.9670425
0.2834767,0.9670425
0.2834767,0.9670425
0.2834767,0.9670425
0.2834767,0.9670425
0.2834767,0.9670425
0.2834767,0.9670425
0.2834767,0.9670425
0.2834767,0.9670425
0.2834767,0.9670425
0.2834767,0.9670425
0.2834767,0.9670425
0.2834767,0.9670425
0.2834767,0.9670425
0.2834767,0.9670425
0.2834767,0.9670425
0.2834767,0.9670425
0.2834767,0.9670425
0.2834767,0.9670425
0.2834767,0.9670425
0.2834767,0.9670425
0.2834767,0.9670425
0.2834767,0.9670425
0.2834767,0.9670425
0.2834767,0.9670425
0.2834767,0.9670425
0.2834767,0.9670425
0.2834767,0.9670425
0.2834767,0.9670425
0.2834767,0.9670425
0.2834767,0.9670425
0.2834767,0.9670425
0.2834767,0.9670425
0.2834767,0.9670425
0.2834767,0.9670425
0.2834767,0.9670425
0.2834767,0.9670425
0.2834767,0.9670425
0.2834767,0.9670425
0.2834767,0.9670425
0.2834767,0.9670425
0.2834767,0.9670425
0.2834767,0.9670425
0.2834767,0.9670425
0.2834767,0.9670425
0.2834767,0.9670425
0.2834767,0.9670425
0.2834767,0.9670425
0.2834767,0.9670425
0.2834767,0.9670425
0.2834767,0.9670425
0.2834767,0.9670425
0.2834767,0.9670425
0.2834767,0.9670425
0.2834767,0.9670425
0.2834767,0.9670425
0.2834767,0.9670425
0.2834767,0.9670425
0.2834767,0.9670425
0.2834767,0.9670425
0.2834767,0.9670425
0.2834767,0.9670425
0.2834767,0.9670425
0.2834767,0.9670425
0.2834767,0.9670425
0.2834767,0.9670425
0.2834767,0.9670425
0.2834767,0.9670425
0.2834767,0.9670425
0.2834767,0.9670425
0.2834767,0.9670425
0.2834767,0.9670425
0.2834767,0.9670425
0.2834767,0.9670425
0.2834767,0.9670425
0.2834767,0.9670425
0.2834767,0.9670425
0.2834767,0.9670425
0.2834767,0.9670425
0.2834767,0.9670425
0.2834767,0.9670425
0.2834767,0.9670425
0.2834767,0.9670425
0.2834767,0.9670425
0.2834767,0.9670425
0.2834767,0.9670425
0.2834767,0.9670425
0.2834767,0.9670425
0.2834767,0.9670425
0.2834767,0.9670425
0.2834767,0.9670425
0.2834767,0.9670425
0.2834767,0.9670425
0.2834767,0.9670425
0.2834767,0.9670425
0.2834767,0.9670425
0.2834767,0.9670425
0.2834767,0.9670425
0.2834767,0.9670425
0.2834767,0.9670425
0.2834767,0.9670425
0.2834767,0.9670425
0.2834767,0.9670425
0.2834767,0.9670425
0.2834767,0.9670425
0.2834767,0.9670425
0.2834767,0.9670425
0.2834767,0.9670425
0.2834767,0.9670425
0.2834767,0.9670425
0.2834767,0.9670425
0.2834767,0.9670425
0.2834767,0.9670425
0.2834767,0.9670425
0.2834767,0.9670425
0.2834767,0.9670425
0.2834767,0.9670425
0.2834767,0.9670425
0.2834767,0.9670425
0.2834767,0.9670425
0.2834767,0.9670425
0.2834767,0.9670425
0.2834767,0.9670425
0.2834767,0.9670425
0.2834767,0.9670425
0.2834767,0.9670425
0.2834767,0.9670425
0.2834767,0.9670425
0.2834767,0.9670425
0.2834767,0.9670425
0.2834767,0.9670425
0.2834767,0.9670425
0.2834767,0.9670425
0.2834767,0.9670425
0.2834767,0.9670425
0.2834767,0.9670425
0.2834767,0.9670425
0.2834767,0.9670425
0.2834767,0.9670425
0.2834767,0.9670425
0.2834767,0.9670425
0.2834767,0.9670425
0.2834767,0.9670425
0.2834767,0.9670425
0.2834767,0.9670425
0.2834767,0.9670425
0.2834767,0.9670425
0.2834767,0.9670425
0.2834767,0.9670425
0.2834767,0.9670425
0.2834767,0.9670425
0.2834767,0.9670425
0.2834767,0.9670425
0.2834767,0.9670425
0.2834767,0.9670425
0.2834767,0.9670425
0.2834767,0.9670425
0.2834767,0.9670425
0.2834767,0.9670425
0.2834767,0.9670425
0.2834767,0.9670425
0.2834767,0.9670425
0.2834767,0.9670425
0.2834767,0.9670425
0.2834767,0.9670425
0.2834767,0.9670425
0.2834767,0.9670425
0.2834767,0.9670425
0.2834767,0.9670425
0.2834767,0.9670425
0.2834767,0.9670425
0.2834767,0.9670425
0.2834767,0.9670425
0.2834767,0.9670425
0.2834767,0.9670425
0.2834767,0.9670425
0.2834767,0.9670425
0.2834767,0.9670425
0.2834767,0.9670425
0.2834767,0.9670425
0.2834767,0.9670425
0.2834767,0.9670425
0.2834767,0.9670425
0.2834767,0.9670425
0.2834767,0.9670425
0.2834767,0.9670425
0.2834767,0.9670425
0.2834767,0.9670425
0.2834767,0.9670425
0.2834767,0.9670425
0.2834767,0.9670425
0.2834767,0.9670425
0.2834767,0.9670425
0.2834767,0.9670425
0.2834767,0.9670425
0.2834767,0.9670425
0.2834767,0.9670425
0.2834767,0.9670425
0.2834767,0.9670425
0.2834767,0.9670425
0.2834767,0.9670425
0.2834767,0.9670425
0.2834767,0.9670425
0.2834767,0.9670425
0.2834767,0.9670425
0.2834767,0.9670425
0.2834767,0.9670425
0.2834767,0.9670425
0.2834767,0.9670425
0.2834767,0.9670425
0.2832476,0.9643112
0.2832476,0.9643112
0.2832476,0.9643112
0.2832476,0.9643112
0.2832476,0.9643112
0.2832476,0.9643112
0.2832476,0.9643112
0.2832476,0.9643112
0.2832476,0.9643112
0.2832476,0.9643112
0.2832476,0.9643112
0.2832476,0.9643112
0.2832476,0.9643112
0.2832476,0.9643112
0.2832476,0.9643112
0.2832476,0.9643112
0.2832476,0.9643112
0.2832476,0.9643112
0.2832476,0.9643112
0.2832476,0.9643112
0.2832476,0.9643112
0.2832476,0.9643112
0.2832476,0.9643112
0.2832476,0.9643112
0.09179693,0.5502105
0.09179693,0.5502105
0.09179693,0.5502105
0.09179693,0.5502105
0.09179693,0.5502105
0.09179693,0.5502105
0.09179693,0.5502105
0.09179693,0.5502105
0.09179693,0.5502105
0.09179693,0.5502105
0.09179693,0.5502105
0.09179693,0.5502105
0.09179693,0.5502105
0.09179693,0.5502105
0.09179693,0.5502105
0.09179693,0.5502105
0.09179693,0.5502105
0.09179693,0.5502105
0.09179693,0.5502105
0.09179693,0.5502105
0.09179693,0.5502105
0.09179693,0.5502105
0.09179693,0.5502105
0.09179693,0.5502105
0.2848805,0.9653997
0.2848805,0.9653997
0.2848805,0.9653997
0.2848805,0.9653997
0.2848805,0.9653997
0.2848805,0.9653997
0.2848805,0.9653997
0.2848805,0.9653997
0.2848805,0.9653997
0.2848805,0.9653997
0.2848805,0.9653997
0.2848805,0.9653997
0.2848805,0.9653997
0.2848805,0.9653997
0.2848805,0.9653997
0.2848805,0.9653997
0.2848805,0.9653997
0.2848805,0.9653997
0.2848805,0.9653997
0.2848805,0.9653997
0.2848805,0.9653997
0.2848805,0.9653997
0.2848805,0.9653997
0.2848805,0.9653997
0.1484376,0.5326324
0.1484376,0.5326324
0.1484376,0.5326324
0.1484376,0.5326324
0.1484376,0.5326324
0.1484376,0.5326324
0.1484376,0.5326324
0.1484376,0.5326324
0.1484376,0.5326324
0.1484376,0.5326324
0.1484376,0.5326324
0.1484376,0.5326324
0.1484376,0.5326324
0.1484376,0.5326324
0.1484376,0.5326324
0.1484376,0.5326324
0.1484376,0.5326324
0.1484376,0.5326324
0.1484376,0.5326324
0.1484376,0.5326324
0.1484376,0.5326324
0.1484376,0.5326324
0.1484376,0.5326324
0.1484376,0.5326324
0.1484376,0.5326324
0.1484376,0.5326324
0.1484376,0.5326324
0.1484376,0.5326324
0.1484376,0.5326324
0.1484376,0.5326324
0.1484376,0.5326324
0.1484376,0.5326324
0.1484376,0.5326324
0.1484376,0.5326324
0.1484376,0.5326324
0.1484376,0.5326324
0.1484376,0.5326324
0.1484376,0.5326324
0.1484376,0.5326324
0.1484376,0.5326324
0.1484376,0.5326324
0.1484376,0.5326324
0.1484376,0.5326324
0.1484376,0.5326324
0.1484376,0.5326324
0.1484376,0.5326324
0.1484376,0.5326324
0.1484376,0.5326324
0.1484376,0.5326324
0.1484376,0.5326324
0.1484376,0.5326324
0.1484376,0.5326324
0.1484376,0.5326324
0.1484376,0.5326324
0.1484376,0.5326324
0.1484376,0.5326324
0.1484376,0.5326324
0.1484376,0.5326324
0.1484376,0.5326324
0.1484376,0.5326324
0.1484376,0.5326324
0.1484376,0.5326324
0.1484376,0.5326324
0.1484376,0.5326324
0.1484376,0.5326324
0.1484376,0.5326324
0.1484376,0.5326324
0.1484376,0.5326324
0.1484376,0.5326324
0.1484376,0.5326324
0.1484376,0.5326324
0.1484376,0.5326324
0.1484376,0.5326324
0.1484376,0.5326324
0.1484376,0.5326324
0.1484376,0.5326324
0.1484376,0.5326324
0.1484376,0.5326324
0.1484376,0.5326324
0.1484376,0.5326324
0.1484376,0.5326324
0.1484376,0.5326324
0.1484376,0.5326324
0.1484376,0.5326324
0.1484376,0.5326324
0.1484376,0.5326324
0.1484376,0.5326324
0.1484376,0.5326324
0.1484376,0.5326324
0.1484376,0.5326324
0.1484376,0.5326324
0.1484376,0.5326324
0.1484376,0.5326324
0.1484376,0.5326324
0.1484376,0.5326324
0.1484376,0.5326324
1
1164
0
1
2
2
3
0
2
4
3
4
5
3
4
6
5
6
7
5
6
8
7
8
9
7
8
10
9
10
11
9
12
13
14
14
15
12
14
16
15
16
17
15
16
18
17
18
19
17
18
20
19
20
21
19
20
22
21
22
23
21
24
25
26
24
26
27
28
24
27
28
27
29
30
31
32
30
32
33
34
35
36
34
36
37
38
34
37
38
37
39
40
41
42
40
42
43
44
45
46
44
46
47
48
49
50
48
50
51
52
53
54
52
54
55
56
57
58
56
58
59
60
61
62
60
62
63
64
60
63
64
63
65
66
67
68
66
68
69
70
71
72
70
72
73
74
70
73
74
73
75
76
77
78
76
78
79
80
81
82
80
82
83
84
85
86
84
86
87
88
89
90
88
90
91
92
93
94
92
94
95
96
97
98
96
99
97
100
99
96
100
101
99
102
103
104
102
104
105
106
107
108
106
109
107
110
109
106
110
111
109
112
113
114
112
114
115
116
117
118
116
118
119
120
121
122
120
122
123
124
125
126
124
126
127
128
129
130
128
130
131
132
133
134
132
135
133
136
135
132
136
137
135
138
139
140
138
140
141
142
143
144
142
145
143
146
145
142
146
147
145
148
149
150
148
150
151
152
153
154
152
154
155
156
157
158
156
158
159
160
161
162
160
162
163
164
165
166
164
166
167
168
169
170
168
170
171
172
168
171
172
171
173
174
175
176
174
176
177
178
179
180
178
180
181
182
178
181
182
181
183
184
185
186
184
186
187
188
189
190
188
190
191
192
193
194
192
194
195
196
197
198
196
198
199
200
201
202
200
202
203
204
205
206
204
206
207
208
204
207
208
207
209
210
211
212
210
212
213
214
215
216
214
216
217
218
214
217
218
217
219
220
221
222
220
222
223
224
225
226
224
226
227
228
229
230
228
230
231
232
233
234
232
234
235
236
237
238
236
238
239
240
241
242
240
243
241
244
243
240
244
245
243
246
247
248
246
248
249
250
251
252
250
253
251
254
253
250
254
255
253
256
257
258
256
258
259
260
261
262
260
262
263
264
265
266
264
266
267
268
269
270
268
270
271
272
273
274
272
274
275
276
277
278
276
279
277
280
279
276
280
281
279
282
283
284
282
284
285
286
287
288
286
289
287
290
289
286
290
291
289
292
293
294
292
294
295
296
297
298
296
298
299
300
301
302
300
302
303
304
305
306
304
306
307
308
309
310
308
310
311
312
313
314
312
314
315
316
312
315
316
315
317
318
319
320
318
320
321
322
323
324
322
324
325
326
322
325
326
325
327
328
329
330
328
330
331
332
333
334
332
334
335
336
337
338
336
338
339
340
341
342
340
342
343
344
345
346
344
346
347
348
349
350
348
350
351
352
348
351
352
351
353
354
355
356
354
356
357
358
359
360
358
360
361
362
358
361
362
361
363
364
365
366
364
366
367
368
369
370
368
370
371
372
373
374
372
374
375
376
377
378
376
378
379
380
381
382
380
382
383
384
385
386
384
387
385
388
384
386
387
389
385
388
386
390
387
391
389
392
388
390
391
393
389
392
390
394
391
395
393
396
392
394
395
397
393
396
394
398
395
399
397
400
396
398
399
401
397
400
398
402
399
403
401
404
400
402
403
405
401
404
402
406
403
407
405
407
404
406
407
406
405
408
409
410
408
410
411
409
412
410
413
408
411
409
414
412
413
411
415
414
416
412
417
413
415
414
418
416
417
415
419
418
420
416
421
417
419
418
422
420
421
419
423
422
424
420
425
421
423
422
426
424
425
423
427
426
428
424
429
425
427
426
430
428
429
427
431
430
429
431
430
431
428
432
433
434
432
434
435
433
436
434
437
432
435
433
438
436
437
435
439
438
440
436
441
437
439
438
442
440
441
439
443
442
444
440
445
441
443
442
446
444
445
443
447
446
448
444
449
445
447
446
450
448
449
447
451
450
452
448
453
449
451
450
454
452
453
451
455
454
453
455
454
455
452
456
457
458
456
458
459
457
460
458
461
456
459
457
462
460
461
459
463
462
464
460
465
461
463
462
466
464
465
463
467
466
468
464
469
465
467
466
470
468
469
467
471
470
472
468
473
469
471
470
474
472
473
471
475
474
476
472
477
473
475
474
478
476
477
475
479
478
477
479
478
479
476
480
481
482
480
482
483
481
484
482
485
480
483
481
486
484
485
483
487
486
488
484
489
485
487
486
490
488
489
487
491
490
492
488
493
489
491
490
494
492
493
491
495
494
496
492
497
493
495
494
498
496
497
495
499
498
500
496
501
497
499
498
502
500
501
499
503
502
501
503
502
503
500
504
505
506
504
506
507
505
508
506
509
504
507
505
510
508
509
507
511
510
512
508
513
509
511
510
514
512
513
511
515
514
516
512
517
513
515
514
518
516
517
515
519
518
520
516
521
517
519
518
522
520
521
519
523
522
524
520
525
521
523
522
526
524
525
523
527
526
525
527
526
527
524
528
529
530
528
530
531
532
529
528
531
530
533
532
534
529
531
533
535
536
534
532
535
533
537
536
538
534
535
537
539
540
538
536
539
537
541
540
542
538
539
541
543
544
542
540
543
541
545
544
546
542
543
545
547
548
546
544
547
545
549
548
550
546
547
549
551
551
550
548
551
549
550
