MESH3
Sport Car_39 BL Tire
552
0.1707701,-0.3137453,0.1821516
0.1707701,-0.3626615,-0.0004059387
0.1707701,-0.3137453,-0.1829635
0.1707701,-0.1801039,0.315793
0.1707701,-0.1801039,-0.3166049
0.1707701,0.002453625,0.3647092
0.1707701,0.002453625,-0.3655211
0.1707701,0.1850112,0.315793
0.1707701,0.1850112,-0.3166049
0.1707702,0.3186526,0.1821516
0.1707702,0.3186526,-0.1829635
0.1707702,0.3675688,-0.0004059387
-0.1435546,-0.04204181,-0.0260956
-0.1435546,-0.04892531,-0.0004060403
-0.1435546,-0.04204184,0.02528341
-0.1435546,-0.02323581,0.04408947
-0.1435546,-0.02323578,-0.04490165
-0.1435546,0.002453676,0.05097297
-0.1435546,0.002453676,-0.05178516
-0.1435546,0.02814318,-0.04490165
-0.1435546,0.02814318,0.04408947
-0.1435546,0.04694922,-0.0260956
-0.1435546,0.04694924,0.02528341
-0.1435546,0.05383271,-0.0004060403
-0.11528,-0.008113115,0.2061151
-0.11528,0.003180336,0.06578715
-0.11528,-0.01794305,0.07108232
-0.11528,0.01301022,0.2008199
-0.1152802,0.04823867,0.3350767
-0.1152802,0.06936203,0.3297815
-0.11528,0.01301022,0.2008199
-0.08807165,0.01301022,0.2008199
-0.08807155,0.003180285,0.06578715
-0.11528,0.003180336,0.06578715
-0.08807165,0.01301022,0.2008199
-0.08807155,-0.01794305,0.07108232
-0.08807155,0.003180285,0.06578715
-0.08807165,-0.008113115,0.2061151
-0.08807205,0.06936203,0.3297815
-0.08807205,0.04823867,0.3350767
-0.08807165,-0.008113115,0.2061151
-0.11528,-0.008113115,0.2061151
-0.11528,-0.01794305,0.07108232
-0.08807155,-0.01794305,0.07108232
-0.1152802,0.06936203,0.3297815
-0.1152802,0.04823867,0.3350767
-0.08807205,0.04823867,0.3350767
-0.08807205,0.06936203,0.3297815
-0.08807155,0.003180285,0.06578715
-0.08807155,-0.01794305,0.07108232
-0.11528,-0.01794305,0.07108232
-0.11528,0.003180336,0.06578715
-0.08807205,0.04823867,0.3350767
-0.1152802,0.04823867,0.3350767
-0.11528,-0.008113115,0.2061151
-0.08807165,-0.008113115,0.2061151
-0.1152802,0.06936203,0.3297815
-0.08807205,0.06936203,0.3297815
-0.08807165,0.01301022,0.2008199
-0.11528,0.01301022,0.2008199
-0.08807205,0.08190207,0.186682
-0.08807155,0.00993418,0.06409396
-0.08807155,0.03105754,0.05879838
-0.08807205,0.06077872,0.1919775
-0.08807205,0.09723926,0.3227928
-0.08807205,0.07611585,0.3280883
-0.08807205,0.06077872,0.1919775
-0.1152802,0.06077872,0.1919775
-0.11528,0.00993418,0.06409396
-0.08807155,0.00993418,0.06409396
-0.1152802,0.06077872,0.1919775
-0.11528,0.03105754,0.05879838
-0.11528,0.00993418,0.06409396
-0.1152802,0.0819021,0.186682
-0.1152802,0.07611587,0.3280883
-0.1152802,0.09723926,0.3227928
-0.1152802,0.0819021,0.186682
-0.08807205,0.08190207,0.186682
-0.08807155,0.03105754,0.05879838
-0.11528,0.03105754,0.05879838
-0.08807205,0.07611585,0.3280883
-0.08807205,0.09723926,0.3227928
-0.1152802,0.09723926,0.3227928
-0.1152802,0.07611587,0.3280883
-0.11528,0.00993418,0.06409396
-0.11528,0.03105754,0.05879838
-0.08807155,0.03105754,0.05879838
-0.08807155,0.00993418,0.06409396
-0.1152802,0.09723926,0.3227928
-0.08807205,0.09723926,0.3227928
-0.08807205,0.08190207,0.186682
-0.1152802,0.0819021,0.186682
-0.08807205,0.07611585,0.3280883
-0.1152802,0.07611587,0.3280883
-0.1152802,0.06077872,0.1919775
-0.08807205,0.06077872,0.1919775
-0.1152802,-0.002845784,-0.2043551
-0.1152798,-0.01794322,-0.0682443
-0.1152798,0.003180209,-0.06294913
-0.1152802,0.01827757,-0.1990595
-0.1152802,0.04823793,-0.3322387
-0.1152802,0.06936124,-0.3269431
-0.1152802,0.01827757,-0.1990595
-0.1152798,0.003180209,-0.06294913
-0.08807155,0.003180209,-0.06294913
-0.08807205,0.01827757,-0.1990595
-0.08807205,0.01827757,-0.1990595
-0.08807155,0.003180209,-0.06294913
-0.08807155,-0.01794322,-0.0682447
-0.08807205,-0.002845784,-0.2043551
-0.08807205,0.06936124,-0.3269431
-0.08807205,0.04823793,-0.3322387
-0.08807205,-0.002845784,-0.2043551
-0.08807155,-0.01794322,-0.0682447
-0.1152798,-0.01794322,-0.0682443
-0.1152802,-0.002845784,-0.2043551
-0.1152802,0.06936124,-0.3269431
-0.08807205,0.06936124,-0.3269431
-0.08807205,0.04823793,-0.3322387
-0.1152802,0.04823793,-0.3322387
-0.08807155,0.003180209,-0.06294913
-0.1152798,0.003180209,-0.06294913
-0.1152798,-0.01794322,-0.0682443
-0.08807155,-0.01794322,-0.0682447
-0.08807205,0.04823793,-0.3322387
-0.08807205,-0.002845784,-0.2043551
-0.1152802,-0.002845784,-0.2043551
-0.1152802,0.04823793,-0.3322387
-0.1152802,0.06936124,-0.3269431
-0.1152802,0.01827757,-0.1990595
-0.08807205,0.01827757,-0.1990595
-0.08807205,0.06936124,-0.3269431
-0.08807205,0.08537364,-0.1834854
-0.08807155,0.03105741,-0.05596036
-0.08807155,0.009934029,-0.06125594
-0.08807205,0.06425026,-0.1887806
-0.08807205,0.09723849,-0.3199547
-0.08807205,0.07611509,-0.3252499
-0.08807205,0.06425026,-0.1887806
-0.08807155,0.009934029,-0.06125594
-0.1152798,0.009934029,-0.06125594
-0.11528,0.06425026,-0.1887806
-0.11528,0.06425026,-0.1887806
-0.1152798,0.009934029,-0.06125594
-0.1152798,0.03105741,-0.05596036
-0.11528,0.08537364,-0.1834854
-0.1152802,0.07611514,-0.3252499
-0.11528,0.09723849,-0.3199547
-0.11528,0.08537364,-0.1834854
-0.1152798,0.03105741,-0.05596036
-0.08807155,0.03105741,-0.05596036
-0.08807205,0.08537364,-0.1834854
-0.08807205,0.07611509,-0.3252499
-0.1152802,0.07611514,-0.3252499
-0.11528,0.09723849,-0.3199547
-0.08807205,0.09723849,-0.3199547
-0.1152798,0.009934029,-0.06125594
-0.08807155,0.009934029,-0.06125594
-0.08807155,0.03105741,-0.05596036
-0.1152798,0.03105741,-0.05596036
-0.11528,0.09723849,-0.3199547
-0.11528,0.08537364,-0.1834854
-0.08807205,0.08537364,-0.1834854
-0.08807205,0.09723849,-0.3199547
-0.08807205,0.07611509,-0.3252499
-0.08807205,0.06425026,-0.1887806
-0.11528,0.06425026,-0.1887806
-0.1152802,0.07611514,-0.3252499
-0.1152792,-0.2006779,0.07080012
-0.1152792,-0.06325331,0.0332889
-0.1152792,-0.07569367,0.01541501
-0.1152792,-0.1882373,0.08867361
-0.1152794,-0.2990764,0.1708915
-0.1152794,-0.286636,0.1887658
-0.1152792,-0.1882373,0.08867361
-0.08807104,-0.1882373,0.08867361
-0.08807104,-0.06325331,0.0332889
-0.1152792,-0.06325331,0.0332889
-0.08807104,-0.1882373,0.08867361
-0.08807074,-0.07569367,0.01541501
-0.08807104,-0.06325331,0.0332889
-0.08807104,-0.2006779,0.07080012
-0.08807104,-0.286636,0.1887658
-0.08807104,-0.2990764,0.1708915
-0.08807104,-0.2006779,0.07080012
-0.1152792,-0.2006779,0.07080012
-0.1152792,-0.07569367,0.01541501
-0.08807074,-0.07569367,0.01541501
-0.1152794,-0.286636,0.1887658
-0.1152794,-0.2990764,0.1708915
-0.08807104,-0.2990764,0.1708915
-0.08807104,-0.286636,0.1887658
-0.08807104,-0.06325331,0.0332889
-0.08807074,-0.07569367,0.01541501
-0.1152792,-0.07569367,0.01541501
-0.1152792,-0.06325331,0.0332889
-0.08807104,-0.2990764,0.1708915
-0.1152794,-0.2990764,0.1708915
-0.1152792,-0.2006779,0.07080012
-0.08807104,-0.2006779,0.07080012
-0.1152794,-0.286636,0.1887658
-0.08807104,-0.286636,0.1887658
-0.08807104,-0.1882373,0.08867361
-0.1152792,-0.1882373,0.08867361
-0.08807104,-0.1469101,0.1482296
-0.08807104,-0.05927571,0.03900392
-0.08807104,-0.0468353,0.05687781
-0.08807104,-0.1593505,0.1303557
-0.08807104,-0.270218,0.2123543
-0.08807104,-0.2826584,0.1944804
-0.08807104,-0.1593505,0.1303557
-0.1152792,-0.1593505,0.1303557
-0.1152792,-0.05927571,0.03900392
-0.08807104,-0.05927571,0.03900392
-0.1152792,-0.1593505,0.1303557
-0.1152792,-0.0468353,0.05687781
-0.1152792,-0.05927571,0.03900392
-0.1152792,-0.1469101,0.1482296
-0.1152792,-0.2826584,0.1944804
-0.1152794,-0.270218,0.2123543
-0.1152792,-0.1469101,0.1482296
-0.08807104,-0.1469101,0.1482296
-0.08807104,-0.0468353,0.05687781
-0.1152792,-0.0468353,0.05687781
-0.08807104,-0.2826584,0.1944804
-0.08807104,-0.270218,0.2123543
-0.1152794,-0.270218,0.2123543
-0.1152792,-0.2826584,0.1944804
-0.1152792,-0.05927571,0.03900392
-0.1152792,-0.0468353,0.05687781
-0.08807104,-0.0468353,0.05687781
-0.08807104,-0.05927571,0.03900392
-0.1152794,-0.270218,0.2123543
-0.08807104,-0.270218,0.2123543
-0.08807104,-0.1469101,0.1482296
-0.1152792,-0.1469101,0.1482296
-0.08807104,-0.2826584,0.1944804
-0.1152792,-0.2826584,0.1944804
-0.1152792,-0.1593505,0.1303557
-0.08807104,-0.1593505,0.1303557
-0.1152792,-0.1966074,-0.07526392
-0.1152792,-0.07569367,-0.01257578
-0.1152789,-0.06325333,-0.03044967
-0.1152792,-0.1841671,-0.09313782
-0.1152794,-0.2990769,-0.1680518
-0.1152794,-0.2866365,-0.1859257
-0.1152792,-0.1841671,-0.09313782
-0.1152789,-0.06325333,-0.03044967
-0.08807084,-0.06325333,-0.03044967
-0.08807084,-0.1841671,-0.09313782
-0.08807084,-0.1841671,-0.09313782
-0.08807084,-0.06325333,-0.03044967
-0.08807084,-0.07569367,-0.01257578
-0.08807084,-0.1966074,-0.07526392
-0.08807104,-0.2866365,-0.1859257
-0.08807104,-0.2990769,-0.1680518
-0.08807084,-0.1966074,-0.07526392
-0.08807084,-0.07569367,-0.01257578
-0.1152792,-0.07569367,-0.01257578
-0.1152792,-0.1966074,-0.07526392
-0.1152794,-0.2866365,-0.1859257
-0.08807104,-0.2866365,-0.1859257
-0.08807104,-0.2990769,-0.1680518
-0.1152794,-0.2990769,-0.1680518
-0.08807084,-0.06325333,-0.03044967
-0.1152789,-0.06325333,-0.03044967
-0.1152792,-0.07569367,-0.01257578
-0.08807084,-0.07569367,-0.01257578
-0.08807104,-0.2990769,-0.1680518
-0.08807084,-0.1966074,-0.07526392
-0.1152792,-0.1966074,-0.07526392
-0.1152794,-0.2990769,-0.1680518
-0.1152794,-0.2866365,-0.1859257
-0.1152792,-0.1841671,-0.09313782
-0.08807084,-0.1841671,-0.09313782
-0.08807104,-0.2866365,-0.1859257
-0.08807104,-0.1476288,-0.1463478
-0.08807084,-0.0468354,-0.05403858
-0.08807084,-0.05927574,-0.03616428
-0.08807104,-0.1600692,-0.1284739
-0.08807104,-0.2702186,-0.2095146
-0.08807104,-0.2826589,-0.1916403
-0.08807104,-0.1600692,-0.1284739
-0.08807084,-0.05927574,-0.03616428
-0.1152789,-0.05927574,-0.03616428
-0.1152792,-0.1600692,-0.1284739
-0.1152792,-0.1600692,-0.1284739
-0.1152789,-0.05927574,-0.03616428
-0.1152789,-0.0468354,-0.05403817
-0.1152792,-0.1476288,-0.1463478
-0.1152794,-0.2826589,-0.1916403
-0.1152794,-0.2702186,-0.2095146
-0.1152792,-0.1476288,-0.1463478
-0.1152789,-0.0468354,-0.05403817
-0.08807084,-0.0468354,-0.05403858
-0.08807104,-0.1476288,-0.1463478
-0.08807104,-0.2826589,-0.1916403
-0.1152794,-0.2826589,-0.1916403
-0.1152794,-0.2702186,-0.2095146
-0.08807104,-0.2702186,-0.2095146
-0.1152789,-0.05927574,-0.03616428
-0.08807084,-0.05927574,-0.03616428
-0.08807084,-0.0468354,-0.05403858
-0.1152789,-0.0468354,-0.05403817
-0.1152794,-0.2702186,-0.2095146
-0.1152792,-0.1476288,-0.1463478
-0.08807104,-0.1476288,-0.1463478
-0.08807104,-0.2702186,-0.2095146
-0.08807104,-0.2826589,-0.1916403
-0.08807104,-0.1600692,-0.1284739
-0.1152792,-0.1600692,-0.1284739
-0.1152794,-0.2826589,-0.1916403
-0.1152792,0.1912245,0.05659886
-0.1152789,0.05821836,0.008412849
-0.1152789,0.05797349,0.03018838
-0.1152792,0.1914693,0.03482333
-0.1152792,0.3301196,0.03324871
-0.1152792,0.3303644,0.01147328
-0.1152792,0.1914693,0.03482333
-0.08807074,0.1914693,0.03482333
-0.08807074,0.05821836,0.008412849
-0.1152789,0.05821836,0.008412849
-0.08807074,0.1914693,0.03482333
-0.08807074,0.05797349,0.03018838
-0.08807074,0.05821836,0.008412849
-0.08807074,0.1912245,0.05659886
-0.08807084,0.3303646,0.01147328
-0.08807104,0.3301196,0.03324952
-0.08807074,0.1912245,0.05659886
-0.1152792,0.1912245,0.05659886
-0.1152789,0.05797349,0.03018838
-0.08807074,0.05797349,0.03018838
-0.1152792,0.3303644,0.01147328
-0.1152792,0.3301196,0.03324871
-0.08807104,0.3301196,0.03324952
-0.08807084,0.3303646,0.01147328
-0.08807074,0.05821836,0.008412849
-0.08807074,0.05797349,0.03018838
-0.1152789,0.05797349,0.03018838
-0.1152789,0.05821836,0.008412849
-0.08807104,0.3301196,0.03324952
-0.1152792,0.3301196,0.03324871
-0.1152792,0.1912245,0.05659886
-0.08807074,0.1912245,0.05659886
-0.1152792,0.3303644,0.01147328
-0.08807084,0.3303646,0.01147328
-0.08807074,0.1914693,0.03482333
-0.1152792,0.1914693,0.03482333
-0.08807074,0.1945634,-0.03960425
-0.08807074,0.05829672,0.001450477
-0.08807074,0.05854164,-0.02032506
-0.08807074,0.1943185,-0.01782831
-0.08807084,0.3306878,-0.01726422
-0.08807084,0.3304428,0.00451131
-0.08807074,0.1943185,-0.01782831
-0.1152792,0.1943185,-0.01782831
-0.1152789,0.05829672,0.001450477
-0.08807074,0.05829672,0.001450477
-0.1152792,0.1943185,-0.01782831
-0.1152789,0.05854164,-0.02032506
-0.1152789,0.05829672,0.001450477
-0.1152789,0.1945634,-0.03960425
-0.1152792,0.3304428,0.00451131
-0.1152792,0.3306878,-0.01726422
-0.1152789,0.1945634,-0.03960425
-0.08807074,0.1945634,-0.03960425
-0.08807074,0.05854164,-0.02032506
-0.1152789,0.05854164,-0.02032506
-0.08807084,0.3304428,0.00451131
-0.08807084,0.3306878,-0.01726422
-0.1152792,0.3306878,-0.01726422
-0.1152792,0.3304428,0.00451131
-0.1152789,0.05829672,0.001450477
-0.1152789,0.05854164,-0.02032506
-0.08807074,0.05854164,-0.02032506
-0.08807074,0.05829672,0.001450477
-0.1152792,0.3306878,-0.01726422
-0.08807084,0.3306878,-0.01726422
-0.08807074,0.1945634,-0.03960425
-0.1152789,0.1945634,-0.03960425
-0.08807084,0.3304428,0.00451131
-0.1152792,0.3304428,0.00451131
-0.1152792,0.1943185,-0.01782831
-0.08807074,0.1943185,-0.01782831
-0.07873293,0.00245365,0.07816569
-0.1435546,0.002453676,0.05097297
-0.1435546,-0.02323581,0.04408947
-0.07873293,-0.03683209,0.0676391
-0.07873293,0.04173946,0.0676391
-0.1435546,-0.04204184,0.02528341
-0.1435546,0.02814318,0.04408947
-0.07873293,-0.06559128,0.03887988
-0.07873293,0.07049869,0.03887988
-0.1435546,-0.04892531,-0.0004060403
-0.1435546,0.04694924,0.02528341
-0.07873293,-0.0761179,-0.0004059387
-0.07873293,0.08102528,-0.0004059387
-0.1435546,-0.04204181,-0.0260956
-0.1435546,0.05383271,-0.0004060403
-0.07873293,-0.06559128,-0.03969175
-0.07873293,0.07049869,-0.03969165
-0.1435546,-0.02323578,-0.04490165
-0.1435546,0.04694922,-0.0260956
-0.07873293,-0.03683206,-0.06845097
-0.07873293,0.04173944,-0.06845097
-0.1435546,0.002453676,-0.05178516
-0.1435546,0.02814318,-0.04490165
-0.07873293,0.00245365,-0.07897757
-0.07873293,0.07049869,-0.03969165
-0.07873293,0.2155129,-0.1234156
-0.07873293,0.1254634,-0.2134651
-0.07873293,0.08102528,-0.0004059387
-0.07873293,0.04173944,-0.06845097
-0.07873293,0.2484732,-0.0004059387
-0.07873293,0.002453676,-0.2464255
-0.07873293,0.07049869,0.03887988
-0.07873293,0.00245365,-0.07897757
-0.07873293,0.2155129,0.1226038
-0.07873293,-0.120556,-0.2134651
-0.07873293,0.04173946,0.0676391
-0.07873293,-0.03683206,-0.06845097
-0.07873293,0.1254634,0.2126532
-0.07873293,-0.2106055,-0.1234157
-0.07873293,0.00245365,0.07816569
-0.07873293,-0.06559128,-0.03969175
-0.07873293,0.002453676,0.2456136
-0.07873293,-0.2435659,-0.0004059387
-0.07873293,-0.03683209,0.0676391
-0.07873293,-0.0761179,-0.0004059387
-0.07873293,-0.1205561,0.2126533
-0.07873293,-0.2106055,0.1226038
-0.07873293,-0.06559128,0.03887988
-0.07873293,0.2155129,-0.1234156
-0.1435566,0.2679013,-0.1536622
-0.1435566,0.1557099,-0.2658535
-0.07873293,0.2484732,-0.0004059387
-0.07873293,0.1254634,-0.2134651
-0.1435566,0.3089662,-0.0004059387
-0.1435566,0.002453676,-0.3069184
-0.07873293,0.2155129,0.1226038
-0.07873293,0.002453676,-0.2464255
-0.1435566,0.2679013,0.1528503
-0.1435566,-0.1508025,-0.2658535
-0.07873293,0.1254634,0.2126532
-0.07873293,-0.120556,-0.2134651
-0.1435566,0.1557099,0.2650416
-0.1435566,-0.2629939,-0.1536622
-0.07873293,0.002453676,0.2456136
-0.07873293,-0.2106055,-0.1234157
-0.1435566,0.002453676,0.3061065
-0.1435566,-0.3040588,-0.0004059387
-0.07873293,-0.1205561,0.2126533
-0.07873293,-0.2435659,-0.0004059387
-0.1435566,-0.1508025,0.2650416
-0.1435566,-0.2629939,0.1528503
-0.07873293,-0.2106055,0.1226038
-0.1435566,0.2679013,-0.1536622
-0.1435566,0.3186527,-0.1829635
-0.1435566,0.1850112,-0.3166049
-0.1435566,0.3089662,-0.0004059387
-0.1435566,0.1557099,-0.2658535
-0.1435566,0.3675688,-0.0004059387
-0.1435566,0.002453676,-0.3655211
-0.1435566,0.2679013,0.1528503
-0.1435566,0.002453676,-0.3069184
-0.1435566,0.3186527,0.1821516
-0.1435566,-0.1801039,-0.3166049
-0.1435566,0.1557099,0.2650416
-0.1435566,-0.1508025,-0.2658535
-0.1435566,0.1850112,0.315793
-0.1435566,-0.3137453,-0.1829635
-0.1435566,0.002453676,0.3061065
-0.1435566,-0.2629939,-0.1536622
-0.1435566,0.002453676,0.3647092
-0.1435566,-0.3626615,-0.0004059387
-0.1435566,-0.1508025,0.2650416
-0.1435566,-0.3040588,-0.0004059387
-0.1435566,-0.1801039,0.315793
-0.1435566,-0.3137453,0.1821516
-0.1435566,-0.2629939,0.1528503
-0.118024,0.1982279,-0.3394969
-0.1435566,0.1850112,-0.3166049
-0.1435566,0.3186527,-0.1829635
-0.118024,0.3415447,-0.1961802
-0.118024,0.002453676,-0.3919544
-0.1435566,0.3675688,-0.0004059387
-0.1435566,0.002453676,-0.3655211
-0.118024,0.3940022,-0.0004059387
-0.118024,-0.1933206,-0.3394969
-0.1435566,0.3186527,0.1821516
-0.1435566,-0.1801039,-0.3166049
-0.118024,0.3415447,0.1953683
-0.118024,-0.3366372,-0.1961802
-0.1435566,0.1850112,0.315793
-0.1435566,-0.3137453,-0.1829635
-0.118024,0.1982279,0.338685
-0.118024,-0.3890948,-0.0004059387
-0.1435566,0.002453676,0.3647092
-0.1435566,-0.3626615,-0.0004059387
-0.118024,0.002453676,0.3911425
-0.118024,-0.3366372,0.1953683
-0.1435566,-0.1801039,0.315793
-0.1435566,-0.3137453,0.1821516
-0.118024,-0.1933206,0.338685
0.1452374,0.3415446,-0.1961802
0.1707701,0.1850112,-0.3166049
0.1452374,0.1982279,-0.3394969
0.1707702,0.3186526,-0.1829635
0.1707701,0.002453625,-0.3655211
0.1452374,0.3940021,-0.0004059387
0.1452374,0.002453625,-0.3919544
0.1707702,0.3675688,-0.0004059387
0.1707701,-0.1801039,-0.3166049
0.1452374,0.3415446,0.1953683
0.1452374,-0.1933206,-0.3394969
0.1707702,0.3186526,0.1821516
0.1707701,-0.3137453,-0.1829635
0.1452374,0.1982279,0.338685
0.1452374,-0.3366373,-0.1961802
0.1707701,0.1850112,0.315793
0.1707701,-0.3626615,-0.0004059387
0.1452374,0.002453625,0.3911425
0.1452374,-0.3890948,-0.0004059387
0.1707701,0.002453625,0.3647092
0.1707701,-0.3137453,0.1821516
0.1452374,-0.1933206,0.338685
0.1452374,-0.3366373,0.1953683
0.1707701,-0.1801039,0.315793
0.1452374,0.1982279,-0.3394969
-0.118024,0.002453676,-0.3919544
-0.118024,0.1982279,-0.3394969
0.1452374,0.002453625,-0.3919544
0.1452374,0.3415446,-0.1961802
-0.118024,-0.1933206,-0.3394969
-0.118024,0.3415447,-0.1961802
0.1452374,-0.1933206,-0.3394969
0.1452374,0.3940021,-0.0004059387
-0.118024,-0.3366372,-0.1961802
-0.118024,0.3940022,-0.0004059387
0.1452374,-0.3366373,-0.1961802
0.1452374,0.3415446,0.1953683
-0.118024,-0.3890948,-0.0004059387
-0.118024,0.3415447,0.1953683
0.1452374,-0.3890948,-0.0004059387
0.1452374,0.1982279,0.338685
-0.118024,-0.3366372,0.1953683
-0.118024,0.1982279,0.338685
0.1452374,-0.3366373,0.1953683
0.1452374,0.002453625,0.3911425
-0.118024,-0.1933206,0.338685
-0.118024,0.002453676,0.3911425
0.1452374,-0.1933206,0.338685
552
0.1484376,0.5326324
0.1484376,0.5326324
0.1484376,0.5326324
0.1484376,0.5326324
0.1484376,0.5326324
0.1484376,0.5326324
0.1484376,0.5326324
0.1484376,0.5326324
0.1484376,0.5326324
0.1484376,0.5326324
0.1484376,0.5326324
0.1484376,0.5326324
0.2832476,0.9643112
0.2832476,0.9643112
0.2832476,0.9643112
0.2832476,0.9643112
0.2832476,0.9643112
0.2832476,0.9643112
0.2832476,0.9643112
0.2832476,0.9643112
0.2832476,0.9643112
0.2832476,0.9643112
0.2832476,0.9643112
0.2832476,0.9643112
0.2834767,0.9670425
0.2834767,0.9670425
0.2834767,0.9670425
0.2834767,0.9670425
0.2834767,0.9670425
0.2834767,0.9670425
0.2834767,0.9670425
0.2834767,0.9670425
0.2834767,0.9670425
0.2834767,0.9670425
0.2834767,0.9670425
0.2834767,0.9670425
0.2834767,0.9670425
0.2834767,0.9670425
0.2834767,0.9670425
0.2834767,0.9670425
0.2834767,0.9670425
0.2834767,0.9670425
0.2834767,0.9670425
0.2834767,0.9670425
0.2834767,0.9670425
0.2834767,0.9670425
0.2834767,0.9670425
0.2834767,0.9670425
0.2834767,0.9670425
0.2834767,0.9670425
0.2834767,0.9670425
0.2834767,0.9670425
0.2834767,0.9670425
0.2834767,0.9670425
0.2834767,0.9670425
0.2834767,0.9670425
0.2834767,0.9670425
0.2834767,0.9670425
0.2834767,0.9670425
0.2834767,0.9670425
0.2834767,0.9670425
0.2834767,0.9670425
0.2834767,0.9670425
0.2834767,0.9670425
0.2834767,0.9670425
0.2834767,0.9670425
0.2834767,0.9670425
0.2834767,0.9670425
0.2834767,0.9670425
0.2834767,0.9670425
0.2834767,0.9670425
0.2834767,0.9670425
0.2834767,0.9670425
0.2834767,0.9670425
0.2834767,0.9670425
0.2834767,0.9670425
0.2834767,0.9670425
0.2834767,0.9670425
0.2834767,0.9670425
0.2834767,0.9670425
0.2834767,0.9670425
0.2834767,0.9670425
0.2834767,0.9670425
0.2834767,0.9670425
0.2834767,0.9670425
0.2834767,0.9670425
0.2834767,0.9670425
0.2834767,0.9670425
0.2834767,0.9670425
0.2834767,0.9670425
0.2834767,0.9670425
0.2834767,0.9670425
0.2834767,0.9670425
0.2834767,0.9670425
0.2834767,0.9670425
0.2834767,0.9670425
0.2834767,0.9670425
0.2834767,0.9670425
0.2834767,0.9670425
0.2834767,0.9670425
0.2834767,0.9670425
0.2834767,0.9670425
0.2834767,0.9670425
0.2834767,0.9670425
0.2834767,0.9670425
0.2834767,0.9670425
0.2834767,0.9670425
0.2834767,0.9670425
0.2834767,0.9670425
0.2834767,0.9670425
0.2834767,0.9670425
0.2834767,0.9670425
0.2834767,0.9670425
0.2834767,0.9670425
0.2834767,0.9670425
0.2834767,0.9670425
0.2834767,0.9670425
0.2834767,0.9670425
0.2834767,0.9670425
0.2834767,0.9670425
0.2834767,0.9670425
0.2834767,0.9670425
0.2834767,0.9670425
0.2834767,0.9670425
0.2834767,0.9670425
0.2834767,0.9670425
0.2834767,0.9670425
0.2834767,0.9670425
0.2834767,0.9670425
0.2834767,0.9670425
0.2834767,0.9670425
0.2834767,0.9670425
0.2834767,0.9670425
0.2834767,0.9670425
0.2834767,0.9670425
0.2834767,0.9670425
0.2834767,0.9670425
0.2834767,0.9670425
0.2834767,0.9670425
0.2834767,0.9670425
0.2834767,0.9670425
0.2834767,0.9670425
0.2834767,0.9670425
0.2834767,0.9670425
0.2834767,0.9670425
0.2834767,0.9670425
0.2834767,0.9670425
0.2834767,0.9670425
0.2834767,0.9670425
0.2834767,0.9670425
0.2834767,0.9670425
0.2834767,0.9670425
0.2834767,0.9670425
0.2834767,0.9670425
0.2834767,0.9670425
0.2834767,0.9670425
0.2834767,0.9670425
0.2834767,0.9670425
0.2834767,0.9670425
0.2834767,0.9670425
0.2834767,0.9670425
0.2834767,0.9670425
0.2834767,0.9670425
0.2834767,0.9670425
0.2834767,0.9670425
0.2834767,0.9670425
0.2834767,0.9670425
0.2834767,0.9670425
0.2834767,0.9670425
0.2834767,0.9670425
0.2834767,0.9670425
0.2834767,0.9670425
0.2834767,0.9670425
0.2834767,0.9670425
0.2834767,0.9670425
0.2834767,0.9670425
0.2834767,0.9670425
0.2834767,0.9670425
0.2834767,0.9670425
0.2834767,0.9670425
0.2834767,0.9670425
0.2834767,0.9670425
0.2834767,0.9670425
0.2834767,0.9670425
0.2834767,0.9670425
0.2834767,0.9670425
0.2834767,0.9670425
0.2834767,0.9670425
0.2834767,0.9670425
0.2834767,0.9670425
0.2834767,0.9670425
0.2834767,0.9670425
0.2834767,0.9670425
0.2834767,0.9670425
0.2834767,0.9670425
0.2834767,0.9670425
0.2834767,0.9670425
0.2834767,0.9670425
0.2834767,0.9670425
0.2834767,0.9670425
0.2834767,0.9670425
0.2834767,0.9670425
0.2834767,0.9670425
0.2834767,0.9670425
0.2834767,0.9670425
0.2834767,0.9670425
0.2834767,0.9670425
0.2834767,0.9670425
0.2834767,0.9670425
0.2834767,0.9670425
0.2834767,0.9670425
0.2834767,0.9670425
0.2834767,0.9670425
0.2834767,0.9670425
0.2834767,0.9670425
0.2834767,0.9670425
0.2834767,0.9670425
0.2834767,0.9670425
0.2834767,0.9670425
0.2834767,0.9670425
0.2834767,0.9670425
0.2834767,0.9670425
0.2834767,0.9670425
0.2834767,0.9670425
0.2834767,0.9670425
0.2834767,0.9670425
0.2834767,0.9670425
0.2834767,0.9670425
0.2834767,0.9670425
0.2834767,0.9670425
0.2834767,0.9670425
0.2834767,0.9670425
0.2834767,0.9670425
0.2834767,0.9670425
0.2834767,0.9670425
0.2834767,0.9670425
0.2834767,0.9670425
0.2834767,0.9670425
0.2834767,0.9670425
0.2834767,0.9670425
0.2834767,0.9670425
0.2834767,0.9670425
0.2834767,0.9670425
0.2834767,0.9670425
0.2834767,0.9670425
0.2834767,0.9670425
0.2834767,0.9670425
0.2834767,0.9670425
0.2834767,0.9670425
0.2834767,0.9670425
0.2834767,0.9670425
0.2834767,0.9670425
0.2834767,0.9670425
0.2834767,0.9670425
0.2834767,0.9670425
0.2834767,0.9670425
0.2834767,0.9670425
0.2834767,0.9670425
0.2834767,0.9670425
0.2834767,0.9670425
0.2834767,0.9670425
0.2834767,0.9670425
0.2834767,0.9670425
0.2834767,0.9670425
0.2834767,0.9670425
0.2834767,0.9670425
0.2834767,0.9670425
0.2834767,0.9670425
0.2834767,0.9670425
0.2834767,0.9670425
0.2834767,0.9670425
0.2834767,0.9670425
0.2834767,0.9670425
0.2834767,0.9670425
0.2834767,0.9670425
0.2834767,0.9670425
0.2834767,0.9670425
0.2834767,0.9670425
0.2834767,0.9670425
0.2834767,0.9670425
0.2834767,0.9670425
0.2834767,0.9670425
0.2834767,0.9670425
0.2834767,0.9670425
0.2834767,0.9670425
0.2834767,0.9670425
0.2834767,0.9670425
0.2834767,0.9670425
0.2834767,0.9670425
0.2834767,0.9670425
0.2834767,0.9670425
0.2834767,0.9670425
0.2834767,0.9670425
0.2834767,0.9670425
0.2834767,0.9670425
0.2834767,0.9670425
0.2834767,0.9670425
0.2834767,0.9670425
0.2834767,0.9670425
0.2834767,0.9670425
0.2834767,0.9670425
0.2834767,0.9670425
0.2834767,0.9670425
0.2834767,0.9670425
0.2834767,0.9670425
0.2834767,0.9670425
0.2834767,0.9670425
0.2834767,0.9670425
0.2834767,0.9670425
0.2834767,0.9670425
0.2834767,0.9670425
0.2834767,0.9670425
0.2834767,0.9670425
0.2834767,0.9670425
0.2834767,0.9670425
0.2834767,0.9670425
0.2834767,0.9670425
0.2834767,0.9670425
0.2834767,0.9670425
0.2834767,0.9670425
0.2834767,0.9670425
0.2834767,0.9670425
0.2834767,0.9670425
0.2834767,0.9670425
0.2834767,0.9670425
0.2834767,0.9670425
0.2834767,0.9670425
0.2834767,0.9670425
0.2834767,0.9670425
0.2834767,0.9670425
0.2834767,0.9670425
0.2834767,0.9670425
0.2834767,0.9670425
0.2834767,0.9670425
0.2834767,0.9670425
0.2834767,0.9670425
0.2834767,0.9670425
0.2834767,0.9670425
0.2834767,0.9670425
0.2834767,0.9670425
0.2834767,0.9670425
0.2834767,0.9670425
0.2834767,0.9670425
0.2834767,0.9670425
0.2834767,0.9670425
0.2834767,0.9670425
0.2834767,0.9670425
0.2834767,0.9670425
0.2834767,0.9670425
0.2834767,0.9670425
0.2834767,0.9670425
0.2834767,0.9670425
0.2834767,0.9670425
0.2834767,0.9670425
0.2834767,0.9670425
0.2834767,0.9670425
0.2834767,0.9670425
0.2834767,0.9670425
0.2834767,0.9670425
0.2834767,0.9670425
0.2834767,0.9670425
0.2834767,0.9670425
0.2834767,0.9670425
0.2834767,0.9670425
0.2834767,0.9670425
0.2834767,0.9670425
0.2834767,0.9670425
0.2834767,0.9670425
0.2834767,0.9670425
0.2834767,0.9670425
0.2834767,0.9670425
0.2834767,0.9670425
0.2834767,0.9670425
0.2834767,0.9670425
0.2834767,0.9670425
0.2834767,0.9670425
0.2834767,0.9670425
0.2834767,0.9670425
0.2834767,0.9670425
0.2834767,0.9670425
0.2834767,0.9670425
0.2834767,0.9670425
0.2834767,0.9670425
0.2834767,0.9670425
0.2832476,0.9643112
0.2832476,0.9643112
0.2832476,0.9643112
0.2832476,0.9643112
0.2832476,0.9643112
0.2832476,0.9643112
0.2832476,0.9643112
0.2832476,0.9643112
0.2832476,0.9643112
0.2832476,0.9643112
0.2832476,0.9643112
0.2832476,0.9643112
0.2832476,0.9643112
0.2832476,0.9643112
0.2832476,0.9643112
0.2832476,0.9643112
0.2832476,0.9643112
0.2832476,0.9643112
0.2832476,0.9643112
0.2832476,0.9643112
0.2832476,0.9643112
0.2832476,0.9643112
0.2832476,0.9643112
0.2832476,0.9643112
0.09179693,0.5502105
0.09179693,0.5502105
0.09179693,0.5502105
0.09179693,0.5502105
0.09179693,0.5502105
0.09179693,0.5502105
0.09179693,0.5502105
0.09179693,0.5502105
0.09179693,0.5502105
0.09179693,0.5502105
0.09179693,0.5502105
0.09179693,0.5502105
0.09179693,0.5502105
0.09179693,0.5502105
0.09179693,0.5502105
0.09179693,0.5502105
0.09179693,0.5502105
0.09179693,0.5502105
0.09179693,0.5502105
0.09179693,0.5502105
0.09179693,0.5502105
0.09179693,0.5502105
0.09179693,0.5502105
0.09179693,0.5502105
0.2848805,0.9653997
0.2848805,0.9653997
0.2848805,0.9653997
0.2848805,0.9653997
0.2848805,0.9653997
0.2848805,0.9653997
0.2848805,0.9653997
0.2848805,0.9653997
0.2848805,0.9653997
0.2848805,0.9653997
0.2848805,0.9653997
0.2848805,0.9653997
0.2848805,0.9653997
0.2848805,0.9653997
0.2848805,0.9653997
0.2848805,0.9653997
0.2848805,0.9653997
0.2848805,0.9653997
0.2848805,0.9653997
0.2848805,0.9653997
0.2848805,0.9653997
0.2848805,0.9653997
0.2848805,0.9653997
0.2848805,0.9653997
0.1484376,0.5326324
0.1484376,0.5326324
0.1484376,0.5326324
0.1484376,0.5326324
0.1484376,0.5326324
0.1484376,0.5326324
0.1484376,0.5326324
0.1484376,0.5326324
0.1484376,0.5326324
0.1484376,0.5326324
0.1484376,0.5326324
0.1484376,0.5326324
0.1484376,0.5326324
0.1484376,0.5326324
0.1484376,0.5326324
0.1484376,0.5326324
0.1484376,0.5326324
0.1484376,0.5326324
0.1484376,0.5326324
0.1484376,0.5326324
0.1484376,0.5326324
0.1484376,0.5326324
0.1484376,0.5326324
0.1484376,0.5326324
0.1484376,0.5326324
0.1484376,0.5326324
0.1484376,0.5326324
0.1484376,0.5326324
0.1484376,0.5326324
0.1484376,0.5326324
0.1484376,0.5326324
0.1484376,0.5326324
0.1484376,0.5326324
0.1484376,0.5326324
0.1484376,0.5326324
0.1484376,0.5326324
0.1484376,0.5326324
0.1484376,0.5326324
0.1484376,0.5326324
0.1484376,0.5326324
0.1484376,0.5326324
0.1484376,0.5326324
0.1484376,0.5326324
0.1484376,0.5326324
0.1484376,0.5326324
0.1484376,0.5326324
0.1484376,0.5326324
0.1484376,0.5326324
0.1484376,0.5326324
0.1484376,0.5326324
0.1484376,0.5326324
0.1484376,0.5326324
0.1484376,0.5326324
0.1484376,0.5326324
0.1484376,0.5326324
0.1484376,0.5326324
0.1484376,0.5326324
0.1484376,0.5326324
0.1484376,0.5326324
0.1484376,0.5326324
0.1484376,0.5326324
0.1484376,0.5326324
0.1484376,0.5326324
0.1484376,0.5326324
0.1484376,0.5326324
0.1484376,0.5326324
0.1484376,0.5326324
0.1484376,0.5326324
0.1484376,0.5326324
0.1484376,0.5326324
0.1484376,0.5326324
0.1484376,0.5326324
0.1484376,0.5326324
0.1484376,0.5326324
0.1484376,0.5326324
0.1484376,0.5326324
0.1484376,0.5326324
0.1484376,0.5326324
0.1484376,0.5326324
0.1484376,0.5326324
0.1484376,0.5326324
0.1484376,0.5326324
0.1484376,0.5326324
0.1484376,0.5326324
0.1484376,0.5326324
0.1484376,0.5326324
0.1484376,0.5326324
0.1484376,0.5326324
0.1484376,0.5326324
0.1484376,0.5326324
0.1484376,0.5326324
0.1484376,0.5326324
0.1484376,0.5326324
0.1484376,0.5326324
0.1484376,0.5326324
0.1484376,0.5326324
1
1164
0
1
2
2
3
0
2
4
3
4
5
3
4
6
5
6
7
5
6
8
7
8
9
7
8
10
9
10
11
9
12
13
14
14
15
12
15
16
12
15
17
16
17
18
16
17
19
18
17
20
19
20
21
19
20
22
21
22
23
21
24
25
26
24
27
25
28
27
24
28
29
27
30
31
32
30
32
33
34
35
36
34
37
35
38
37
34
38
39
37
40
41
42
40
42
43
44
45
46
44
46
47
48
49
50
48
50
51
52
53
54
52
54
55
56
57
58
56
58
59
60
61
62
60
63
61
64
63
60
64
65
63
66
67
68
66
68
69
70
71
72
70
73
71
74
73
70
74
75
73
76
77
78
76
78
79
80
81
82
80
82
83
84
85
86
84
86
87
88
89
90
88
90
91
92
93
94
92
94
95
96
97
98
96
98
99
100
96
99
100
99
101
102
103
104
102
104
105
106
107
108
106
108
109
110
106
109
110
109
111
112
113
114
112
114
115
116
117
118
116
118
119
120
121
122
120
122
123
124
125
126
124
126
127
128
129
130
128
130
131
132
133
134
132
134
135
136
132
135
136
135
137
138
139
140
138
140
141
142
143
144
142
144
145
146
142
145
146
145
147
148
149
150
148
150
151
152
153
154
152
154
155
156
157
158
156
158
159
160
161
162
160
162
163
164
165
166
164
166
167
168
169
170
168
171
169
172
171
168
172
173
171
174
175
176
174
176
177
178
179
180
178
181
179
182
181
178
182
183
181
184
185
186
184
186
187
188
189
190
188
190
191
192
193
194
192
194
195
196
197
198
196
198
199
200
201
202
200
202
203
204
205
206
204
207
205
208
207
204
208
209
207
210
211
212
210
212
213
214
215
216
214
217
215
218
217
214
218
219
217
220
221
222
220
222
223
224
225
226
224
226
227
228
229
230
228
230
231
232
233
234
232
234
235
236
237
238
236
238
239
240
241
242
240
242
243
244
240
243
244
243
245
246
247
248
246
248
249
250
251
252
250
252
253
254
250
253
254
253
255
256
257
258
256
258
259
260
261
262
260
262
263
264
265
266
264
266
267
268
269
270
268
270
271
272
273
274
272
274
275
276
277
278
276
278
279
280
276
279
280
279
281
282
283
284
282
284
285
286
287
288
286
288
289
290
286
289
290
289
291
292
293
294
292
294
295
296
297
298
296
298
299
300
301
302
300
302
303
304
305
306
304
306
307
308
309
310
308
310
311
312
313
314
312
315
313
316
315
312
316
317
315
318
319
320
318
320
321
322
323
324
322
325
323
326
325
322
326
327
325
328
329
330
328
330
331
332
333
334
332
334
335
336
337
338
336
338
339
340
341
342
340
342
343
344
345
346
344
346
347
348
349
350
348
351
349
352
351
348
352
353
351
354
355
356
354
356
357
358
359
360
358
361
359
362
361
358
362
363
361
364
365
366
364
366
367
368
369
370
368
370
371
372
373
374
372
374
375
376
377
378
376
378
379
380
381
382
380
382
383
384
385
386
384
386
387
388
385
384
387
386
389
388
390
385
387
389
391
392
390
388
391
389
393
392
394
390
391
393
395
396
394
392
395
393
397
396
398
394
395
397
399
400
398
396
399
397
401
400
402
398
399
401
403
404
402
400
403
401
405
404
406
402
403
405
407
407
406
404
407
405
406
408
409
410
411
409
408
408
410
412
411
413
409
412
410
414
415
413
411
412
414
416
415
417
413
416
414
418
419
417
415
416
418
420
419
421
417
420
418
422
423
421
419
420
422
424
423
425
421
424
422
426
427
425
423
424
426
428
427
429
425
428
426
430
431
429
427
428
430
431
431
430
429
432
433
434
435
433
432
432
434
436
435
437
433
436
434
438
439
437
435
436
438
440
439
441
437
440
438
442
443
441
439
440
442
444
443
445
441
444
442
446
447
445
443
444
446
448
447
449
445
448
446
450
451
449
447
448
450
452
451
453
449
452
450
454
455
453
451
452
454
455
455
454
453
456
457
458
459
457
456
456
458
460
459
461
457
460
458
462
463
461
459
460
462
464
463
465
461
464
462
466
467
465
463
464
466
468
467
469
465
468
466
470
471
469
467
468
470
472
471
473
469
472
470
474
475
473
471
472
474
476
475
477
473
476
474
478
479
477
475
476
478
479
479
478
477
480
481
482
480
482
483
484
481
480
483
482
485
484
486
481
483
485
487
488
486
484
487
485
489
488
490
486
487
489
491
492
490
488
491
489
493
492
494
490
491
493
495
496
494
492
495
493
497
496
498
494
495
497
499
500
498
496
499
497
501
500
502
498
499
501
503
503
502
500
503
501
502
504
505
506
504
507
505
506
505
508
509
507
504
506
508
510
509
511
507
510
508
512
513
511
509
510
512
514
513
515
511
514
512
516
517
515
513
514
516
518
517
519
515
518
516
520
521
519
517
518
520
522
521
523
519
522
520
524
525
523
521
522
524
526
525
527
523
526
524
527
526
527
525
528
529
530
528
531
529
532
528
530
531
533
529
532
530
534
531
535
533
536
532
534
535
537
533
536
534
538
535
539
537
540
536
538
539
541
537
540
538
542
539
543
541
544
540
542
543
545
541
544
542
546
543
547
545
548
544
546
547
549
545
548
546
550
547
551
549
551
548
550
551
550
549
