MESH3
tap
112
-0.04392624,0.0939508,-0.0623291
-0.03481491,0.03650742,-0.09549499
-0.04392624,0.03650742,-0.09549499
-0.03481491,0.0939508,-0.0623291
-0.030681,0.02615829,-0.034823
-0.030681,0.002387009,-0.03063171
-0.030681,0.04706238,-0.02275391
-0.03481491,-0.02881492,-0.08397644
-0.04392624,0.03650742,-0.09549499
-0.04392624,-0.028815,-0.08397644
-0.030681,-0.01312851,-0.0121405
-0.03481491,-0.07145103,-0.03316467
-0.04392624,-0.028815,-0.08397644
-0.04392624,-0.07145103,-0.03316467
-0.030681,-0.01312851,0.01199768
-0.03481491,-0.07145103,0.03316528
-0.04392624,-0.07145103,-0.03316467
-0.04392624,-0.07145103,0.03316528
-0.030681,0.002387009,0.03048828
-0.03481491,-0.02881492,0.08397644
-0.04392624,-0.07145103,0.03316528
-0.04392624,-0.028815,0.08397644
-0.030681,0.02615829,0.03467957
-0.03481491,0.03650742,0.09549499
-0.04392624,-0.028815,0.08397644
-0.04392624,0.03650742,0.09549499
-0.030681,0.04706238,0.02261047
-0.03481491,0.0939508,0.06232971
-0.04392624,0.03650742,0.09549499
-0.04392624,0.0939508,0.06232971
-0.030681,0.05531799,-7.141113E-05
-0.03481491,0.116637,5.684342E-16
-0.04392624,0.0939508,0.06232971
-0.04392624,0.116637,5.684342E-16
-0.04392624,0.116637,5.684342E-16
-0.04392624,0.0939508,-0.0623291
-0.030681,0.02615829,-0.034823
0.02723068,0.003060837,-0.03615845
-0.030681,0.002387009,-0.03063171
0.02799087,0.02615746,-0.034823
0.04621536,0.003060226,-0.03615845
-0.030681,0.04706238,-0.02275391
0.04545486,0.02615768,-0.034823
0.02799087,0.04706322,-0.02275391
-0.030681,0.05531799,-7.141113E-05
0.04545486,0.04706344,-0.02275391
0.02799087,0.05531799,-7.141113E-05
-0.030681,0.04706238,0.02261047
0.04545486,0.05531799,-7.141113E-05
0.02799087,0.04706398,0.02261047
-0.030681,0.02615829,0.03467957
0.04545486,0.04706405,0.02261047
0.02799087,0.0261599,0.03467957
-0.030681,0.002387009,0.03048828
0.04545486,0.02615997,0.03467957
0.02799087,0.002387009,0.03048828
-0.030681,-0.01312851,0.01199768
0.04545486,0.002386856,0.03048828
0.02723038,-0.01380394,0.01752441
0.04621536,-0.01380424,0.01752441
-0.030681,-0.01312851,-0.0121405
0.03016556,-0.01677193,-0.0133667
-0.030681,0.002387009,-0.03063171
0.02723068,0.003060837,-0.03615845
0.03795303,-0.1004132,-0.06755493
0.04171524,-0.1004134,-0.06755493
0.04297562,-0.116637,-0.04971069
0.03669235,-0.1166364,-0.04971069
0.02723068,0.003060837,-0.03615845
0.04171493,-0.1156778,-0.02561157
0.03016556,-0.01677193,-0.0133667
0.03795303,-0.1156777,-0.02561157
0.02723038,-0.01380394,0.01752441
0.04171493,-0.1156778,-0.02561157
0.04621536,-0.01380424,0.01752441
0.04621536,0.003060226,-0.03615845
0.03795303,-0.1004132,-0.06755493
0.02723068,0.003060837,-0.03615845
0.04171524,-0.1004134,-0.06755493
0.04950699,-0.01677246,-0.0133667
0.04297562,-0.116637,-0.04971069
0.04621536,-0.01380424,0.01752441
0.04171493,-0.1156778,-0.02561157
0.04545486,0.04706405,0.02261047
0.04950638,0.0199527,5.684342E-16
0.04545486,0.05531799,-7.141113E-05
0.04545486,0.02615997,0.03467957
0.04545486,0.04706344,-0.02275391
0.04545486,0.002386856,0.03048828
0.04545486,0.02615768,-0.034823
0.04621536,-0.01380424,0.01752441
0.04621536,0.003060226,-0.03615845
0.04950699,-0.01677246,-0.0133667
-0.04950699,0.05680992,0.03116516
-0.04392624,0.0939508,0.06232971
-0.04392624,0.116637,5.684342E-16
-0.04950699,0.02808823,0.0477478
-0.04392624,0.03650742,0.09549499
-0.04950699,0.01966904,5.684342E-16
-0.04950668,0.06815308,5.684342E-16
-0.04392624,0.0939508,-0.0623291
-0.04950699,-0.004572907,0.04198914
-0.04392624,-0.028815,0.08397644
-0.04950699,0.05680992,-0.03116516
-0.04392624,0.03650742,-0.09549499
-0.04950699,-0.02589096,0.01658264
-0.04392624,-0.07145103,0.03316528
-0.04950699,0.02808823,-0.04774719
-0.04392624,-0.028815,-0.08397644
-0.04950699,-0.02589096,-0.01658203
-0.04392624,-0.07145103,-0.03316467
-0.04950699,-0.004572907,-0.04198853
112
0.7483367,0.320604
0.6881831,0.3129925
0.7040375,0.3257126
0.7583804,0.3071145
0.700568,0.2360931
0.673744,0.2178237
0.73286,0.232846
0.6076171,0.2628294
0.6787035,0.3215217
0.6041464,0.2750992
0.6649387,0.1865866
0.5836301,0.1842231
0.5914074,0.2592619
0.5728719,0.1935061
0.6782725,0.1569973
0.6229396,0.09738697
0.5726706,0.178656
0.6063638,0.09608254
0.7075058,0.1429019
0.695307,0.06277294
0.6223866,0.0840089
0.6836993,0.05387264
0.7389612,0.1508947
0.7906457,0.09096061
0.699229,0.05108465
0.7851046,0.06950368
0.757919,0.1772364
0.8305846,0.1488411
0.8072721,0.09289078
0.8336912,0.1288147
0.7555095,0.2096012
0.8293589,0.2412707
0.8428397,0.152404
0.8429558,0.2362086
0.837011,0.2510426
0.7801826,0.3126366
0.6937438,0.9477675
0.6157122,0.9783987
0.6935706,0.9797279
0.6148585,0.9473392
0.5901287,0.9767286
0.6936468,0.9198722
0.5937961,0.9459565
0.6147712,0.9187533
0.6940942,0.8895941
0.5903231,0.9169944
0.6152288,0.8877869
0.6947932,0.8591043
0.5917536,0.8872491
0.6159272,0.8572974
0.6951647,0.8428811
0.5924522,0.8567601
0.6162992,0.8410743
0.6958977,0.8109276
0.5928242,0.8405366
0.6170318,0.8091193
0.6964678,0.786073
0.5935568,0.8085811
0.6184531,0.7917175
0.5929347,0.7911319
0.6972119,0.7536272
0.6154608,0.750103
0.6977819,0.7287717
0.620108,0.7195573
0.7398723,0.9618545
0.7420651,0.9711646
0.7661133,0.971607
0.7666296,0.9669534
0.7341661,0.8122567
0.7983838,0.9682256
0.771652,0.8279075
0.7981359,0.9598663
0.8095931,0.8137775
0.8026837,0.9575761
0.835124,0.8183801
0.6786339,0.3237732
0.6351137,0.4579933
0.7016904,0.334984
0.6299161,0.4574978
0.638642,0.3252604
0.5971081,0.4619779
0.6071208,0.2999565
0.5726706,0.4386691
0.7886565,0.3998199
0.7612253,0.4385562
0.8072087,0.4264484
0.7573277,0.3913477
0.802496,0.462872
0.7278802,0.4049961
0.779019,0.4801846
0.7090133,0.4292129
0.7504445,0.4921795
0.7181121,0.4685966
0.6771002,0.5570606
0.7023509,0.5193538
0.6420608,0.5045346
0.6954296,0.5821136
0.7390111,0.5694598
0.6518484,0.5947675
0.6469545,0.5496508
0.5863509,0.5319368
0.6933677,0.6130874
0.734886,0.6314074
0.6190993,0.563352
0.561287,0.5887376
0.6718781,0.6354892
0.6919072,0.6762109
0.6065679,0.5917524
0.5785985,0.6483599
0.6410167,0.6388366
0.6301843,0.6829062
0.6152232,0.6215637
1
360
0
1
2
0
3
1
3
4
1
1
4
5
3
6
4
1
5
7
8
1
7
8
7
9
7
5
10
7
10
11
12
7
11
12
11
13
11
10
14
11
14
15
16
11
15
16
15
17
15
14
18
15
18
19
20
15
19
20
19
21
19
18
22
19
22
23
24
19
23
24
23
25
23
22
26
23
26
27
28
23
27
28
27
29
27
26
30
27
30
31
32
27
31
32
31
33
31
30
6
31
6
3
34
31
3
34
3
35
36
37
38
36
39
37
39
40
37
41
39
36
39
42
40
41
43
39
43
42
39
44
43
41
43
45
42
44
46
43
46
45
43
47
46
44
46
48
45
47
49
46
49
48
46
50
49
47
49
51
48
50
52
49
52
51
49
53
52
50
52
54
51
53
55
52
55
54
52
56
55
53
55
57
54
56
58
55
58
57
55
58
59
57
60
58
56
60
61
58
62
61
60
62
63
61
64
65
66
64
66
67
68
64
67
67
66
69
68
67
70
67
69
71
70
67
71
70
71
72
72
71
73
72
73
74
75
76
77
75
78
76
79
78
75
79
80
78
81
80
79
81
82
80
83
84
85
86
84
83
85
84
87
88
84
86
87
84
89
90
84
88
89
84
91
92
84
90
91
84
92
93
94
95
96
94
93
96
97
94
93
98
96
99
98
93
93
95
99
99
95
100
101
97
96
96
98
101
101
102
97
99
100
103
103
98
99
103
100
104
105
102
101
101
98
105
105
106
102
103
104
107
107
98
103
107
104
108
109
106
105
105
98
109
109
110
106
107
108
111
111
98
107
109
98
111
111
108
110
111
110
109
