MESH3
tvStandDoor_L
92
-0.3133864,0.26,-0.005228386
-0.3133864,-0.26,-0.005228386
0.3133864,-0.26,-0.005228386
0.3133864,0.26,-0.005228386
-0.3133864,0.26,-0.01705479
-0.3133864,0.26,-0.005228386
0.3133864,0.26,-0.005228386
0.3133864,0.26,-0.01705479
0.3133864,0.26,-0.01705479
0.3133864,0.26,-0.005228386
0.3133864,-0.26,-0.005228386
0.3133864,-0.26,-0.01705479
0.3133864,-0.26,-0.01705479
0.3133864,-0.26,-0.005228386
-0.3133864,-0.26,-0.005228386
-0.3133864,-0.26,-0.01705479
-0.3133864,-0.26,-0.01705479
-0.3133864,-0.26,-0.005228386
-0.3133864,0.26,-0.005228386
-0.3133864,0.26,-0.01705479
-0.3133864,0.26,-0.01705479
0.3133864,0.26,-0.01705479
0.3133864,-0.26,-0.01705479
-0.3133864,-0.26,-0.01705479
0.2506046,0.1000352,0.01400921
0.2506046,0.1100352,0.01400921
0.2426418,0.1000352,0.01705479
0.2426418,0.1100352,0.01705479
0.1985674,0.1000352,0.01705479
0.1985674,0.1100352,0.01705479
0.1906046,0.1000352,0.01400921
0.1906046,0.1100352,0.01400921
0.2506046,0.1100352,-0.005335751
0.2506046,0.1000352,-0.005335751
0.2426418,0.1100352,-0.005335751
0.2426418,0.1000352,-0.005335751
0.2426418,0.1100352,0.0120558
0.2426418,0.1000352,0.0120558
0.1985674,0.1100352,0.0120558
0.1985674,0.1000352,0.0120558
0.1985674,0.1100352,-0.005335751
0.1985674,0.1000352,-0.005335751
0.1906046,0.1100352,-0.005335751
0.1906046,0.1000352,-0.005335751
0.1906046,0.1000352,0.01400921
0.1906046,0.1100352,0.01400921
0.1906046,0.1000352,0.004009228
0.1906046,0.1100352,0.004009228
0.2506046,0.1000352,0.004009228
0.2506046,0.1100352,0.004009228
0.2506046,0.1000352,0.01400921
0.2506046,0.1100352,0.01400921
0.2506046,0.1100352,0.004009228
0.2506046,0.1100352,-0.005335751
0.2426418,0.1100352,-0.005335751
0.2426418,0.1100352,0.0120558
0.2506046,0.1100352,0.01400921
0.2426418,0.1100352,0.01705479
0.1985674,0.1100352,0.01705479
0.1985674,0.1100352,0.0120558
0.1906046,0.1100352,0.01400921
0.1906046,0.1100352,0.004009228
0.1985674,0.1100352,-0.005335751
0.1906046,0.1100352,-0.005335751
0.2426418,0.1100352,0.0120558
0.2426418,0.1100352,-0.005335751
0.2426418,0.1000352,0.0120558
0.2426418,0.1000352,-0.005335751
0.2426418,0.1000352,-0.005335751
0.2506046,0.1000352,-0.005335751
0.2506046,0.1000352,0.004009228
0.2426418,0.1000352,0.0120558
0.2506046,0.1000352,0.01400921
0.2426418,0.1000352,0.01705479
0.1985674,0.1000352,0.0120558
0.1985674,0.1000352,0.01705479
0.1906046,0.1000352,0.01400921
0.1906046,0.1000352,0.004009228
0.1985674,0.1000352,-0.005335751
0.1906046,0.1000352,-0.005335751
0.2506046,0.1000352,0.004009228
0.2506046,0.1000352,-0.005335751
0.2506046,0.1100352,0.004009228
0.2506046,0.1100352,-0.005335751
0.1906046,0.1100352,0.004009228
0.1906046,0.1100352,-0.005335751
0.1906046,0.1000352,0.004009228
0.1906046,0.1000352,-0.005335751
0.1985674,0.1000352,0.0120558
0.1985674,0.1000352,-0.005335751
0.1985674,0.1100352,0.0120558
0.1985674,0.1100352,-0.005335751
92
0.778776,0.7632655
0.9778008,0.7609632
0.9777232,0.5237692
0.7786976,0.5215967
0.7765368,0.7610291
0.778776,0.7632655
0.7786976,0.5215967
0.7764598,0.5238351
0.7764598,0.5238351
0.7786976,0.5215967
0.5796716,0.5194243
0.5796731,0.5238991
0.9821984,0.5237679
0.9777232,0.5237692
0.9778008,0.7609632
0.9822761,0.7609618
0.5797498,0.761094
0.5797514,0.7655697
0.778776,0.7632655
0.7765368,0.7610291
0.7765368,0.7610291
0.7764598,0.5238351
0.5796731,0.5238991
0.5797498,0.761094
0.4600156,0.05154022
0.4144461,0.05154025
0.4600156,0.06672996
0.4144461,0.06672995
0.4600156,0.08192002
0.4144461,0.08191998
0.4600156,0.09710982
0.4144461,0.09710979
0.3688763,0.05154025
0.3233069,0.05154025
0.3688764,0.06672996
0.3233069,0.06672996
0.3688764,0.06672996
0.3233069,0.06672996
0.3688763,0.08192003
0.3233069,0.08191998
0.3688763,0.08192003
0.3233069,0.08191998
0.3688764,0.09710977
0.3233069,0.09710977
0.4600156,0.09710982
0.4144461,0.09710979
0.4600156,0.1426794
0.4144461,0.1426794
0.4600156,0.005970435
0.4144461,0.005970446
0.4600156,0.05154022
0.4144461,0.05154025
0.3688763,0.05154025
0.3688763,0.05154025
0.3688764,0.06672996
0.3688764,0.06672996
0.4144461,0.05154025
0.4144461,0.06672995
0.4144461,0.08191998
0.3688763,0.08192003
0.4144461,0.09710979
0.3688764,0.09710977
0.3688763,0.08192003
0.3688764,0.09710977
0.3688764,0.06672996
0.3688764,0.06672996
0.3233069,0.06672996
0.3233069,0.06672996
0.3233069,0.06672996
0.3233069,0.05154025
0.3233069,0.05154025
0.3233069,0.06672996
0.2777369,0.05154025
0.2777369,0.06672996
0.3233069,0.08191998
0.2777369,0.08191999
0.2777369,0.0971098
0.3233069,0.09710977
0.3233069,0.08191998
0.3233069,0.09710977
0.3233069,0.05154025
0.3233069,0.05154025
0.3688763,0.05154025
0.3688763,0.05154025
0.3688764,0.09710977
0.3688764,0.09710977
0.3233069,0.09710977
0.3233069,0.09710977
0.3233069,0.08191998
0.3233069,0.08191998
0.3688763,0.08192003
0.3688763,0.08192003
1
168
0
1
2
0
2
3
4
5
6
4
6
7
8
9
10
8
10
11
12
13
14
12
14
15
16
17
18
16
18
19
20
21
22
20
22
23
24
25
26
25
27
26
26
27
28
27
29
28
28
29
30
29
31
30
32
33
34
33
35
34
36
37
38
37
39
38
40
41
42
41
43
42
44
45
46
45
47
46
48
49
50
49
51
50
52
53
54
55
52
54
56
52
55
57
56
55
57
55
58
55
59
58
58
59
60
59
61
60
59
62
61
62
63
61
64
65
66
65
67
66
68
69
70
71
68
70
70
72
71
72
73
71
71
73
74
73
75
74
74
75
76
77
74
76
74
77
78
77
79
78
80
81
82
81
83
82
84
85
86
85
87
86
88
89
90
89
91
90
