MESH3
tvStandBase
384
-0.2627281,0.2925823,-0.21
-0.889501,-0.2274176,-0.21
-0.889501,0.2925823,-0.21
-0.2627281,-0.2274176,-0.21
0.262729,0.2925823,-0.21
0.262729,-0.2274176,-0.21
0.889501,0.2925823,-0.21
0.889501,-0.2274176,-0.21
-0.9,0.2925823,-0.1995011
-0.9,-0.2274176,-0.1995011
-0.9,-0.2274176,0.1995011
-0.9,0.2925823,0.1995011
0.9,0.2925823,0.1995011
0.9,-0.2274176,0.1995011
0.9,-0.2274176,-0.1995011
0.9,0.2925823,-0.1995011
0.9,0.2925823,0.1995011
0.9,0.2925823,-0.1995011
0.889501,0.2925823,-0.21
0.889501,0.2925823,0.21
0.262729,0.2925823,0.21
0.262729,0.2925823,-0.21
-0.2627281,0.2925823,0.21
-0.2627281,0.2925823,-0.21
-0.889501,0.2925823,0.21
-0.889501,0.2925823,-0.21
-0.9,0.2925823,0.1995011
-0.9,0.2925823,-0.1995011
0.9,-0.2274176,-0.1995011
0.9,-0.2274176,0.1995011
0.889501,-0.2274176,0.21
0.889501,-0.2274176,-0.21
0.262729,-0.2274176,-0.21
0.262729,-0.2274176,0.21
-0.2627281,-0.2274176,-0.21
-0.2627281,-0.2274176,0.21
-0.889501,-0.2274176,-0.21
-0.889501,-0.2274176,0.21
-0.9,-0.2274176,-0.1995011
-0.9,-0.2274176,0.1995011
0.889501,0.2925823,0.21
0.889501,-0.2274176,0.21
0.9,-0.2274176,0.1995011
0.9,0.2925823,0.1995011
-0.9,0.2925823,0.1995011
-0.9,-0.2274176,0.1995011
-0.889501,-0.2274176,0.21
-0.889501,0.2925823,0.21
0.9,0.2925823,-0.1995011
0.9,-0.2274176,-0.1995011
0.889501,-0.2274176,-0.21
0.889501,0.2925823,-0.21
-0.889501,0.2925823,-0.21
-0.889501,-0.2274176,-0.21
-0.9,-0.2274176,-0.1995011
-0.9,0.2925823,-0.1995011
0.2364562,0.2665823,-0.1976143
-0.2364553,0.2665823,-0.1976143
-0.2364554,0.04117513,-0.1976143
0.2364562,0.04117513,-0.1976143
0.2364562,0.01539286,-0.1976143
0.2364562,-0.2014177,-0.1976143
0.2364562,-0.2014177,0.21
0.2364562,0.2665823,0.21
0.2364562,0.04117513,-0.1976143
0.2364562,0.2665823,-0.1976143
0.2364562,-0.2014177,0.21
0.2364562,-0.2014177,-0.1976143
-0.2364553,-0.2014177,-0.1976143
-0.2364553,-0.2014177,0.21
-0.2364553,0.2665823,0.21
-0.2364554,0.04117513,-0.1976143
-0.2364553,0.2665823,-0.1976143
-0.2364554,0.01539286,-0.1976143
-0.2364553,-0.2014177,0.21
-0.2364553,-0.2014177,-0.1976143
-0.2364553,0.2665823,0.21
-0.2364553,0.2665823,-0.1976143
0.2364562,0.2665823,-0.1976143
0.2364562,0.2665823,0.21
-0.2364554,0.04117513,0.2094932
-0.2364554,0.01539286,0.2094932
0.2364562,0.01539286,0.2094932
0.2364562,0.04117513,0.2094932
-0.2364554,0.01539286,-0.1976143
-0.2364553,-0.2014177,-0.1976143
0.2364562,-0.2014177,-0.1976143
0.2364562,0.01539286,-0.1976143
-0.2364554,0.04117513,-0.1976143
-0.2364554,0.04117513,0.2094932
0.2364562,0.04117513,0.2094932
0.2364562,0.04117513,-0.1976143
0.2364562,0.01539286,-0.1976143
0.2364562,0.01539286,0.2094932
-0.2364554,0.01539286,0.2094932
-0.2364554,0.01539286,-0.1976143
-0.2364554,0.01539286,-0.1976143
-0.2364554,0.01539286,0.2094932
-0.2364554,0.04117513,0.2094932
-0.2364554,0.04117513,-0.1976143
0.8633855,0.2665833,0.21
0.8633855,0.2665833,-0.1469111
0.8633855,-0.2014186,-0.1469111
0.8633855,-0.2014186,0.21
0.8633855,-0.2014186,0.21
0.8633855,-0.2014186,-0.1469111
0.2888445,-0.2014186,-0.1469111
0.2888445,-0.2014186,0.21
0.2888445,0.2665833,0.21
0.2888445,0.2665833,-0.1469111
0.8633855,0.2665833,-0.1469111
0.8633855,0.2665833,0.21
0.2888445,-0.2014186,0.21
0.2888445,-0.2014186,-0.1469111
0.2888445,0.2665833,-0.1469111
0.2888445,0.2665833,0.21
0.8633855,-0.2014186,-0.1469111
0.8633855,0.2665833,-0.1469111
0.2888445,0.2665833,-0.1469111
0.2888445,-0.2014186,-0.1469111
-0.2936315,-0.2017788,0.21
-0.2936315,-0.2017788,-0.1454294
-0.8585976,-0.2017788,-0.1454294
-0.8585976,-0.2017788,0.21
-0.8585976,-0.2017788,0.21
-0.8585976,-0.2017788,-0.1454294
-0.8585976,0.2669435,-0.1454294
-0.8585976,0.2669435,0.21
-0.8585976,0.2669435,0.21
-0.8585976,0.2669435,-0.1454294
-0.2936315,0.2669435,-0.1454294
-0.2936315,0.2669435,0.21
-0.2936315,0.2669435,0.21
-0.2936315,0.2669435,-0.1454294
-0.2936315,-0.2017788,-0.1454294
-0.2936315,-0.2017788,0.21
-0.8585976,-0.2017788,-0.1454294
-0.2936315,-0.2017788,-0.1454294
-0.2936315,0.2669435,-0.1454294
-0.8585976,0.2669435,-0.1454294
0.2364562,0.04117513,-0.1976143
0.8656659,0.04117513,-0.1976143
0.8656659,0.01539288,-0.1976143
0.2364562,0.01539286,-0.1976143
-0.2364554,0.04117513,-0.1976143
-0.8656649,0.04117513,-0.1976143
-0.8656649,0.01539286,-0.1976143
-0.2364554,0.01539286,-0.1976143
0.2364562,0.04117513,-0.1976143
0.2364562,0.04117513,0.2094932
0.8656659,0.04117513,0.2094932
0.8656659,0.04117513,-0.1976143
-0.2364554,0.04117513,-0.1976143
-0.8656649,0.04117513,-0.1976143
-0.8656649,0.04117513,0.2094932
-0.2364554,0.04117513,0.2094932
0.2364562,0.01539286,-0.1976143
0.8656659,0.01539288,-0.1976143
0.8656659,0.01539288,0.2094932
0.2364562,0.01539286,0.2094932
0.2364562,0.04117513,0.2094932
0.2364562,0.01539286,0.2094932
0.8656659,0.01539288,0.2094932
0.8656659,0.04117513,0.2094932
-0.2364554,0.01539286,-0.1976143
-0.8656649,0.01539286,-0.1976143
-0.8656649,0.01539286,0.2094932
-0.2364554,0.01539286,0.2094932
-0.2364554,0.04117513,0.2094932
-0.8656649,0.04117513,0.2094932
-0.8656649,0.01539286,0.2094932
-0.2364554,0.01539286,0.2094932
0.8798079,-0.2261357,-0.1202211
0.8158063,-0.2261357,-0.1202211
0.8158063,-0.2925823,-0.1202211
0.8798079,-0.2925823,-0.1202211
0.8798079,-0.2925823,-0.2002211
0.8158063,-0.2925823,-0.2002211
0.8158063,-0.2261357,-0.2002211
0.8798079,-0.2261357,-0.2002211
0.8078071,-0.2261357,-0.1282203
0.8078071,-0.2261357,-0.1922219
0.8078071,-0.2925823,-0.1922219
0.8078071,-0.2925823,-0.1282203
0.8878071,-0.2261357,-0.1922219
0.8878071,-0.2261357,-0.1282203
0.8878071,-0.2925823,-0.1282203
0.8878071,-0.2925823,-0.1922219
0.8878071,-0.2261357,-0.1922219
0.8798079,-0.2261357,-0.2002211
0.8158063,-0.2261357,-0.2002211
0.8078071,-0.2261357,-0.1922219
0.8878071,-0.2261357,-0.1282203
0.8078071,-0.2261357,-0.1282203
0.8798079,-0.2261357,-0.1202211
0.8158063,-0.2261357,-0.1202211
0.8078071,-0.2925823,-0.1922219
0.8158063,-0.2925823,-0.2002211
0.8798079,-0.2925823,-0.2002211
0.8878071,-0.2925823,-0.1922219
0.8078071,-0.2925823,-0.1282203
0.8878071,-0.2925823,-0.1282203
0.8158063,-0.2925823,-0.1202211
0.8798079,-0.2925823,-0.1202211
0.8878071,-0.2925823,-0.1282203
0.8878071,-0.2261357,-0.1282203
0.8798079,-0.2261357,-0.1202211
0.8798079,-0.2925823,-0.1202211
0.8158063,-0.2925823,-0.1202211
0.8158063,-0.2261357,-0.1202211
0.8078071,-0.2261357,-0.1282203
0.8078071,-0.2925823,-0.1282203
0.8878071,-0.2261357,-0.1922219
0.8878071,-0.2925823,-0.1922219
0.8798079,-0.2925823,-0.2002211
0.8798079,-0.2261357,-0.2002211
0.8158063,-0.2261357,-0.2002211
0.8158063,-0.2925823,-0.2002211
0.8078071,-0.2925823,-0.1922219
0.8078071,-0.2261357,-0.1922219
0.8798079,-0.2261357,0.2008699
0.8158063,-0.2261357,0.2008699
0.8158063,-0.2925823,0.2008699
0.8798079,-0.2925823,0.2008699
0.8798079,-0.2925823,0.1208699
0.8158063,-0.2925823,0.1208699
0.8158063,-0.2261357,0.1208699
0.8798079,-0.2261357,0.1208699
0.8078071,-0.2261357,0.1928708
0.8078071,-0.2261357,0.1288691
0.8078071,-0.2925823,0.1288691
0.8078071,-0.2925823,0.1928708
0.8878071,-0.2261357,0.1288691
0.8878071,-0.2261357,0.1928708
0.8878071,-0.2925823,0.1928708
0.8878071,-0.2925823,0.1288691
0.8878071,-0.2261357,0.1288691
0.8798079,-0.2261357,0.1208699
0.8158063,-0.2261357,0.1208699
0.8078071,-0.2261357,0.1288691
0.8878071,-0.2261357,0.1928708
0.8078071,-0.2261357,0.1928708
0.8798079,-0.2261357,0.2008699
0.8158063,-0.2261357,0.2008699
0.8078071,-0.2925823,0.1288691
0.8158063,-0.2925823,0.1208699
0.8798079,-0.2925823,0.1208699
0.8878071,-0.2925823,0.1288691
0.8078071,-0.2925823,0.1928708
0.8878071,-0.2925823,0.1928708
0.8158063,-0.2925823,0.2008699
0.8798079,-0.2925823,0.2008699
0.8878071,-0.2925823,0.1928708
0.8878071,-0.2261357,0.1928708
0.8798079,-0.2261357,0.2008699
0.8798079,-0.2925823,0.2008699
0.8158063,-0.2925823,0.2008699
0.8158063,-0.2261357,0.2008699
0.8078071,-0.2261357,0.1928708
0.8078071,-0.2925823,0.1928708
0.8878071,-0.2261357,0.1288691
0.8878071,-0.2925823,0.1288691
0.8798079,-0.2925823,0.1208699
0.8798079,-0.2261357,0.1208699
0.8158063,-0.2261357,0.1208699
0.8158063,-0.2925823,0.1208699
0.8078071,-0.2925823,0.1288691
0.8078071,-0.2261357,0.1288691
-0.815132,-0.2261357,0.2008699
-0.8791336,-0.2261357,0.2008699
-0.8791336,-0.2925823,0.2008699
-0.815132,-0.2925823,0.2008699
-0.815132,-0.2925823,0.1208699
-0.8791336,-0.2925823,0.1208699
-0.8791336,-0.2261357,0.1208699
-0.815132,-0.2261357,0.1208699
-0.8871328,-0.2261357,0.1928708
-0.8871328,-0.2261357,0.1288691
-0.8871328,-0.2925823,0.1288691
-0.8871328,-0.2925823,0.1928708
-0.8071328,-0.2261357,0.1288691
-0.8071328,-0.2261357,0.1928708
-0.8071328,-0.2925823,0.1928708
-0.8071328,-0.2925823,0.1288691
-0.8071328,-0.2261357,0.1288691
-0.815132,-0.2261357,0.1208699
-0.8791336,-0.2261357,0.1208699
-0.8871328,-0.2261357,0.1288691
-0.8071328,-0.2261357,0.1928708
-0.8871328,-0.2261357,0.1928708
-0.815132,-0.2261357,0.2008699
-0.8791336,-0.2261357,0.2008699
-0.8871328,-0.2925823,0.1288691
-0.8791336,-0.2925823,0.1208699
-0.815132,-0.2925823,0.1208699
-0.8071328,-0.2925823,0.1288691
-0.8871328,-0.2925823,0.1928708
-0.8071328,-0.2925823,0.1928708
-0.8791336,-0.2925823,0.2008699
-0.815132,-0.2925823,0.2008699
-0.8071328,-0.2925823,0.1928708
-0.8071328,-0.2261357,0.1928708
-0.815132,-0.2261357,0.2008699
-0.815132,-0.2925823,0.2008699
-0.8791336,-0.2925823,0.2008699
-0.8791336,-0.2261357,0.2008699
-0.8871328,-0.2261357,0.1928708
-0.8871328,-0.2925823,0.1928708
-0.8071328,-0.2261357,0.1288691
-0.8071328,-0.2925823,0.1288691
-0.815132,-0.2925823,0.1208699
-0.815132,-0.2261357,0.1208699
-0.8791336,-0.2261357,0.1208699
-0.8791336,-0.2925823,0.1208699
-0.8871328,-0.2925823,0.1288691
-0.8871328,-0.2261357,0.1288691
-0.815132,-0.2261357,-0.1202211
-0.8791336,-0.2261357,-0.1202211
-0.8791336,-0.2925823,-0.1202211
-0.815132,-0.2925823,-0.1202211
-0.815132,-0.2925823,-0.2002211
-0.8791336,-0.2925823,-0.2002211
-0.8791336,-0.2261357,-0.2002211
-0.815132,-0.2261357,-0.2002211
-0.8871328,-0.2261357,-0.1282203
-0.8871328,-0.2261357,-0.1922219
-0.8871328,-0.2925823,-0.1922219
-0.8871328,-0.2925823,-0.1282203
-0.8071328,-0.2261357,-0.1922219
-0.8071328,-0.2261357,-0.1282203
-0.8071328,-0.2925823,-0.1282203
-0.8071328,-0.2925823,-0.1922219
-0.8071328,-0.2261357,-0.1922219
-0.815132,-0.2261357,-0.2002211
-0.8791336,-0.2261357,-0.2002211
-0.8871328,-0.2261357,-0.1922219
-0.8071328,-0.2261357,-0.1282203
-0.8871328,-0.2261357,-0.1282203
-0.815132,-0.2261357,-0.1202211
-0.8791336,-0.2261357,-0.1202211
-0.8871328,-0.2925823,-0.1922219
-0.8791336,-0.2925823,-0.2002211
-0.815132,-0.2925823,-0.2002211
-0.8071328,-0.2925823,-0.1922219
-0.8871328,-0.2925823,-0.1282203
-0.8071328,-0.2925823,-0.1282203
-0.8791336,-0.2925823,-0.1202211
-0.815132,-0.2925823,-0.1202211
-0.8071328,-0.2925823,-0.1282203
-0.8071328,-0.2261357,-0.1282203
-0.815132,-0.2261357,-0.1202211
-0.815132,-0.2925823,-0.1202211
-0.8791336,-0.2925823,-0.1202211
-0.8791336,-0.2261357,-0.1202211
-0.8871328,-0.2261357,-0.1282203
-0.8871328,-0.2925823,-0.1282203
-0.8071328,-0.2261357,-0.1922219
-0.8071328,-0.2925823,-0.1922219
-0.815132,-0.2925823,-0.2002211
-0.815132,-0.2261357,-0.2002211
-0.8791336,-0.2261357,-0.2002211
-0.8791336,-0.2925823,-0.2002211
-0.8871328,-0.2925823,-0.1922219
-0.8871328,-0.2261357,-0.1922219
-0.2627281,0.2925823,0.21
-0.2364553,-0.2014177,0.21
-0.2364553,0.2665823,0.21
0.2364562,0.2665823,0.21
0.262729,0.2925823,0.21
0.2364562,-0.2014177,0.21
0.262729,-0.2274176,0.21
-0.2627281,-0.2274176,0.21
0.2888445,0.2665833,0.21
0.2888445,-0.2014186,0.21
0.8633855,0.2665833,0.21
0.889501,-0.2274176,0.21
0.889501,0.2925823,0.21
0.8633855,-0.2014186,0.21
-0.2936315,-0.2017788,0.21
-0.2936315,0.2669435,0.21
-0.8585976,-0.2017788,0.21
-0.889501,0.2925823,0.21
-0.889501,-0.2274176,0.21
-0.8585976,0.2669435,0.21
384
0.1694553,0.3886854
0.3328067,0.1917928
0.1694553,0.1917928
0.3328067,0.3886854
0.1694553,0.5537511
0.3328067,0.5537511
0.1694553,0.7506435
0.3328067,0.7506435
0.04123,0.1019181
0.04123,0.2652693
0.1665713,0.2652693
0.1665713,0.1019181
0.1665713,0.9940673
0.166571,0.8307162
0.04122961,0.8307162
0.04122961,0.9940673
0.0408156,0.7539414
0.1661574,0.7539414
0.1694553,0.7506435
0.03751776,0.7506435
0.03751776,0.5537509
0.1694553,0.5537511
0.03751776,0.3886854
0.1694553,0.3886854
0.03751776,0.1917928
0.1694553,0.1917928
0.0408156,0.1884947
0.1661574,0.1884947
0.04122961,0.8307162
0.166571,0.8307162
0.1698692,0.8290672
0.03793151,0.8290672
0.03793151,0.6305259
0.1698692,0.6305254
0.03793151,0.4654602
0.1698692,0.4654602
0.03793151,0.267468
0.1698692,0.267908
0.04123,0.2652693
0.1665713,0.2652693
0.1698692,0.9940673
0.1698692,0.8290672
0.166571,0.8307162
0.1665713,0.9940673
0.1665713,0.1019181
0.1665713,0.2652693
0.1698692,0.267908
0.1698692,0.1019181
0.04122961,0.9940673
0.04122961,0.8307162
0.03793151,0.8290672
0.03793151,0.9940673
0.03793151,0.1019181
0.03793151,0.267468
0.04123,0.2652693
0.04123,0.1019181
0.2112992,0.2267547
0.2112992,0.3753142
0.2821078,0.3753142
0.2821078,0.2267547
0.5095069,0.5307412
0.5095072,0.4626328
0.38146,0.4626328
0.38146,0.6096489
0.5095069,0.5388405
0.5095069,0.6096489
0.38146,0.4626328
0.5095072,0.4626328
0.5095064,0.3140736
0.3814598,0.3140743
0.3814584,0.1670582
0.5095059,0.2378661
0.5095059,0.1670571
0.5095059,0.2459653
0.3814598,0.3140743
0.5095064,0.3140736
0.38146,0.7582084
0.5095069,0.7582084
0.5095069,0.6096489
0.38146,0.6096489
0.4099956,0.375314
0.4180944,0.375314
0.418094,0.2267547
0.4099956,0.2267547
0.2572153,0.2686946
0.2572157,0.3368026
0.4057748,0.336802
0.4057748,0.2686942
0.2821078,0.3753142
0.4099956,0.375314
0.4099956,0.2267547
0.2821078,0.2267547
0.4057748,0.2686942
0.4057744,0.1408066
0.2572149,0.1408071
0.2572153,0.2686946
0.2821078,0.3834135
0.4099956,0.3834128
0.4099956,0.375314
0.2821078,0.3753142
0.3149018,0.7696861
0.3149018,0.6575669
0.1678853,0.6575669
0.1678853,0.7696861
0.05576616,0.6575669
0.1678853,0.6575669
0.1678853,0.4770826
0.05576637,0.4770826
0.4270211,0.4770826
0.3149022,0.4770826
0.3149018,0.6575669
0.4270209,0.6575674
0.1678858,0.3649631
0.1678853,0.4770826
0.3149022,0.4770826
0.3149027,0.3649636
0.1678853,0.6575669
0.3149018,0.6575669
0.3149022,0.4770826
0.1678853,0.4770826
0.1256183,0.8318017
0.2372718,0.8318017
0.2372718,0.6543249
0.1256183,0.6543249
0.2372718,0.5426714
0.2372718,0.6543249
0.3845149,0.6543244
0.3845149,0.5426714
0.4961687,0.6543249
0.3845149,0.6543244
0.3845149,0.8318012
0.4961687,0.8318012
0.3845149,0.9434551
0.3845149,0.8318012
0.2372718,0.8318017
0.2372718,0.9434551
0.2372718,0.6543249
0.2372718,0.8318017
0.3845149,0.8318012
0.3845149,0.6543244
0.06007379,0.2317101
0.2577317,0.2317101
0.2577322,0.2236112
0.06007379,0.2236112
0.2821078,0.3753142
0.2821091,0.5729723
0.290208,0.5729723
0.2902073,0.3753142
0.06007379,0.2317101
0.06007379,0.3595977
0.2577317,0.3595977
0.2577317,0.2317101
0.2821078,0.3753142
0.2821091,0.5729723
0.4099962,0.5729717
0.4099956,0.375314
0.06007379,0.4955842
0.2577317,0.4955842
0.2577317,0.3676969
0.06007379,0.3676969
0.06007379,0.3595977
0.06007379,0.3676969
0.2577317,0.3676969
0.2577317,0.3595977
0.2902073,0.3753142
0.290208,0.5729723
0.4180956,0.5729717
0.4180944,0.375314
0.4099956,0.375314
0.4099962,0.5729717
0.4180956,0.5729717
0.4180944,0.375314
0.6967589,0.6554511
0.697019,0.6142348
0.6454998,0.6139098
0.6452399,0.6551265
0.7997974,0.6561011
0.8000574,0.6148847
0.7485381,0.6145598
0.7482781,0.6557764
0.6996433,0.6065239
0.6973438,0.5627159
0.6458249,0.5623912
0.6455649,0.6036069
0.6964339,0.7069707
0.6992859,0.6631945
0.6451749,0.6654294
0.6449149,0.7066457
0.7430943,0.6608952
0.7482781,0.6557764
0.7485381,0.6145598
0.7434193,0.609376
0.6992859,0.6631945
0.6996433,0.6065239
0.6967589,0.6554511
0.697019,0.6142348
0.8052412,0.6097659
0.8000574,0.6148847
0.7997974,0.6561011
0.8049163,0.6612853
0.8464576,0.6100259
0.8461326,0.6615452
0.8515762,0.6152097
0.8513163,0.656426
0.6451749,0.6654294
0.6992859,0.6631945
0.6967589,0.6554511
0.6452399,0.6551265
0.6454998,0.6139098
0.697019,0.6142348
0.6996433,0.6065239
0.6455649,0.6036069
0.7430943,0.6608952
0.8049163,0.6612853
0.7997974,0.6561011
0.7482781,0.6557764
0.7485381,0.6145598
0.8000574,0.6148847
0.8052412,0.6097659
0.7434193,0.609376
0.6983644,0.6538186
0.6983644,0.6126012
0.646844,0.612601
0.646844,0.6538183
0.8014046,0.6538185
0.8014046,0.6126012
0.7498845,0.6126012
0.7498845,0.6538183
0.70094,0.6048738
0.6983644,0.5610811
0.646844,0.5610812
0.646844,0.6022982
0.6983644,0.7053386
0.70094,0.6615456
0.646844,0.6641216
0.646844,0.7053385
0.744733,0.6589699
0.7498845,0.6538183
0.7498845,0.6126012
0.744733,0.6074496
0.70094,0.6615456
0.70094,0.6048738
0.6983644,0.6538186
0.6983644,0.6126012
0.8065561,0.6074496
0.8014046,0.6126012
0.8014046,0.6538185
0.8065562,0.6589699
0.8477733,0.6074497
0.8477733,0.65897
0.8529249,0.6126012
0.8529249,0.6538185
0.646844,0.6641216
0.70094,0.6615456
0.6983644,0.6538186
0.646844,0.6538183
0.646844,0.612601
0.6983644,0.6126012
0.70094,0.6048738
0.646844,0.6022982
0.744733,0.6589699
0.8065562,0.6589699
0.8014046,0.6538185
0.7498845,0.6538183
0.7498845,0.6126012
0.8014046,0.6126012
0.8065561,0.6074496
0.744733,0.6074496
0.6971931,0.6548712
0.6967796,0.6136561
0.6452619,0.6141727
0.6456753,0.655388
0.8002282,0.6538375
0.7998148,0.6126224
0.7482973,0.613139
0.7487108,0.6543543
0.6992779,0.6059033
0.696263,0.5621386
0.6447451,0.5626554
0.6451585,0.6038705
0.6977099,0.7063887
0.6998464,0.6625723
0.6457788,0.6656904
0.6461922,0.7069054
0.7436111,0.6595572
0.7487108,0.6543543
0.7482973,0.613139
0.7430943,0.6080395
0.6998464,0.6625723
0.6992779,0.6059033
0.6971931,0.6548712
0.6967796,0.6136561
0.8049144,0.6074193
0.7998148,0.6126224
0.8002282,0.6538375
0.805431,0.658937
0.8461294,0.6070058
0.8466463,0.6585235
0.8513325,0.6121056
0.851746,0.6533207
0.6457788,0.6656904
0.6998464,0.6625723
0.6971931,0.6548712
0.6456753,0.655388
0.6452619,0.6141727
0.6967796,0.6136561
0.6992779,0.6059033
0.6451585,0.6038705
0.7436111,0.6595572
0.805431,0.658937
0.8002282,0.6538375
0.7487108,0.6543543
0.7482973,0.613139
0.7998148,0.6126224
0.8049144,0.6074193
0.7430943,0.6080395
0.6959053,0.6549226
0.6959766,0.6137053
0.6444564,0.6136164
0.6443855,0.6548334
0.7989455,0.655101
0.799017,0.6138836
0.7474967,0.6137947
0.7474254,0.6550118
0.6985658,0.6059827
0.696066,0.5621853
0.6445457,0.5620964
0.6444746,0.603313
0.6958162,0.7064428
0.6984677,0.6626544
0.6443675,0.6651362
0.6442963,0.7063537
0.7422649,0.6601546
0.7474254,0.6550118
0.7474967,0.6137947
0.742354,0.6086347
0.6984677,0.6626544
0.6985658,0.6059827
0.6959053,0.6549226
0.6959766,0.6137053
0.8041774,0.6087416
0.799017,0.6138836
0.7989455,0.655101
0.8040884,0.6602616
0.8453943,0.6088129
0.8453052,0.6603329
0.8505369,0.6139728
0.8504655,0.6551901
0.6443675,0.6651362
0.6984677,0.6626544
0.6959053,0.6549226
0.6443855,0.6548334
0.6444564,0.6136164
0.6959766,0.6137053
0.6985658,0.6059827
0.6444746,0.603313
0.7422649,0.6601546
0.8040884,0.6602616
0.7989455,0.655101
0.7474254,0.6550118
0.7474967,0.6137947
0.799017,0.6138836
0.8041774,0.6087416
0.742354,0.6086347
0.5172969,0.4539641
0.3621133,0.4622172
0.5091293,0.4622172
0.5091293,0.6107764
0.5172969,0.6190298
0.3621133,0.6107764
0.3539457,0.6190298
0.3539457,0.4539641
0.5091293,0.6272337
0.3621128,0.6272337
0.5091293,0.8077182
0.3539457,0.8175709
0.5172969,0.8159221
0.3621128,0.8077182
0.3619995,0.4442563
0.5092428,0.4442563
0.3619995,0.2667796
0.5172969,0.2570715
0.3539457,0.256412
0.5092428,0.2667796
1
702
0
1
2
0
3
1
4
3
0
4
5
3
6
5
4
6
7
5
8
9
10
8
10
11
12
13
14
12
14
15
16
17
18
16
18
19
18
20
19
18
21
20
21
22
20
21
23
22
23
24
22
23
25
24
25
26
24
25
27
26
28
29
30
28
30
31
30
32
31
30
33
32
33
34
32
33
35
34
35
36
34
35
37
36
37
38
36
37
39
38
40
41
42
40
42
43
44
45
46
44
46
47
48
49
50
48
50
51
52
53
54
52
54
55
56
57
58
56
58
59
60
61
62
60
62
63
60
63
64
63
65
64
66
67
68
66
68
69
70
71
72
70
73
71
70
74
73
74
75
73
76
77
78
76
78
79
80
81
82
80
82
83
84
85
86
84
86
87
88
89
90
88
90
91
92
93
94
92
94
95
96
97
98
96
98
99
100
101
102
100
102
103
104
105
106
104
106
107
108
109
110
108
110
111
112
113
114
112
114
115
116
117
118
116
118
119
120
121
122
120
122
123
124
125
126
124
126
127
128
129
130
128
130
131
132
133
134
132
134
135
136
137
138
136
138
139
140
141
142
140
142
143
144
145
146
144
146
147
148
149
150
148
150
151
152
153
154
152
154
155
156
157
158
156
158
159
160
161
162
160
162
163
164
165
166
164
166
167
168
169
170
168
170
171
172
173
174
172
174
175
176
177
178
176
178
179
180
181
182
180
182
183
184
185
186
184
186
187
188
189
190
190
191
188
191
192
188
191
193
192
193
194
192
193
195
194
196
197
198
198
199
196
199
200
196
199
201
200
201
202
200
201
203
202
204
205
206
204
206
207
208
209
210
208
210
211
212
213
214
212
214
215
216
217
218
216
218
219
220
221
222
220
222
223
224
225
226
224
226
227
228
229
230
228
230
231
232
233
234
232
234
235
236
237
238
238
239
236
239
240
236
239
241
240
241
242
240
241
243
242
244
245
246
246
247
244
247
248
244
247
249
248
249
250
248
249
251
250
252
253
254
252
254
255
256
257
258
256
258
259
260
261
262
260
262
263
264
265
266
264
266
267
268
269
270
268
270
271
272
273
274
272
274
275
276
277
278
276
278
279
280
281
282
280
282
283
284
285
286
286
287
284
287
288
284
287
289
288
289
290
288
289
291
290
292
293
294
294
295
292
295
296
292
295
297
296
297
298
296
297
299
298
300
301
302
300
302
303
304
305
306
304
306
307
308
309
310
308
310
311
312
313
314
312
314
315
316
317
318
316
318
319
320
321
322
320
322
323
324
325
326
324
326
327
328
329
330
328
330
331
332
333
334
334
335
332
335
336
332
335
337
336
337
338
336
337
339
338
340
341
342
342
343
340
343
344
340
343
345
344
345
346
344
345
347
346
348
349
350
348
350
351
352
353
354
352
354
355
356
357
358
356
358
359
360
361
362
360
362
363
364
365
366
364
366
367
364
367
368
369
368
367
370
369
365
369
370
368
364
371
365
370
365
371
370
372
368
370
373
372
368
372
374
375
373
370
368
374
376
375
377
373
376
374
377
376
377
375
364
378
371
364
379
378
371
378
380
381
379
364
371
380
382
381
383
379
382
380
383
382
383
381
