MESH3
tvStandDoor_R
92
-0.313386,0.26,-0.005228367
-0.313386,-0.26,-0.005228367
0.313386,-0.26,-0.005228367
0.313386,0.26,-0.005228367
-0.313386,0.26,-0.01705481
-0.313386,0.26,-0.005228367
0.313386,0.26,-0.005228367
0.313386,0.26,-0.01705481
0.313386,0.26,-0.01705481
0.313386,0.26,-0.005228367
0.313386,-0.26,-0.005228367
0.313386,-0.26,-0.01705481
0.313386,-0.26,-0.01705481
0.313386,-0.26,-0.005228367
-0.313386,-0.26,-0.005228367
-0.313386,-0.26,-0.01705481
-0.313386,-0.26,-0.01705481
-0.313386,-0.26,-0.005228367
-0.313386,0.26,-0.005228367
-0.313386,0.26,-0.01705481
-0.313386,-0.26,-0.01705481
-0.313386,0.26,-0.01705481
0.313386,0.26,-0.01705481
0.313386,-0.26,-0.01705481
-0.1906002,0.1000352,0.01400923
-0.1906002,0.1100352,0.01400923
-0.198563,0.1000352,0.01705481
-0.198563,0.1100352,0.01705481
-0.2426374,0.1000352,0.01705481
-0.2426374,0.1100352,0.01705481
-0.2506002,0.1000352,0.01400923
-0.2506002,0.1100352,0.01400923
-0.1906002,0.1100352,-0.005335731
-0.1906002,0.1000352,-0.005335731
-0.198563,0.1100352,-0.005335731
-0.198563,0.1000352,-0.005335731
-0.198563,0.1100352,0.01205582
-0.198563,0.1000352,0.01205582
-0.2426374,0.1100352,0.01205582
-0.2426374,0.1000352,0.01205582
-0.2426374,0.1100352,-0.005335731
-0.2426374,0.1000352,-0.005335731
-0.2506002,0.1100352,-0.005335731
-0.2506002,0.1000352,-0.005335731
-0.2506002,0.1000352,0.01400923
-0.2506002,0.1100352,0.01400923
-0.2506002,0.1000352,0.004009247
-0.2506002,0.1100352,0.004009247
-0.1906002,0.1000352,0.004009247
-0.1906002,0.1100352,0.004009247
-0.1906002,0.1000352,0.01400923
-0.1906002,0.1100352,0.01400923
-0.1906002,0.1100352,0.004009247
-0.1906002,0.1100352,-0.005335731
-0.198563,0.1100352,-0.005335731
-0.198563,0.1100352,0.01205582
-0.1906002,0.1100352,0.01400923
-0.198563,0.1100352,0.01705481
-0.2426374,0.1100352,0.01705481
-0.2426374,0.1100352,0.01205582
-0.2506002,0.1100352,0.01400923
-0.2506002,0.1100352,0.004009247
-0.2426374,0.1100352,-0.005335731
-0.2506002,0.1100352,-0.005335731
-0.198563,0.1100352,0.01205582
-0.198563,0.1100352,-0.005335731
-0.198563,0.1000352,0.01205582
-0.198563,0.1000352,-0.005335731
-0.198563,0.1000352,-0.005335731
-0.1906002,0.1000352,-0.005335731
-0.1906002,0.1000352,0.004009247
-0.198563,0.1000352,0.01205582
-0.1906002,0.1000352,0.01400923
-0.198563,0.1000352,0.01705481
-0.2426374,0.1000352,0.01205582
-0.2426374,0.1000352,0.01705481
-0.2506002,0.1000352,0.01400923
-0.2506002,0.1000352,0.004009247
-0.2426374,0.1000352,-0.005335731
-0.2506002,0.1000352,-0.005335731
-0.1906002,0.1000352,0.004009247
-0.1906002,0.1000352,-0.005335731
-0.1906002,0.1100352,0.004009247
-0.1906002,0.1100352,-0.005335731
-0.2506002,0.1100352,0.004009247
-0.2506002,0.1100352,-0.005335731
-0.2506002,0.1000352,0.004009247
-0.2506002,0.1000352,-0.005335731
-0.2426374,0.1000352,0.01205582
-0.2426374,0.1000352,-0.005335731
-0.2426374,0.1100352,0.01205582
-0.2426374,0.1100352,-0.005335731
92
0.7792917,0.7653965
0.9747032,0.7631371
0.9746281,0.5302507
0.7792172,0.5281159
0.7770941,0.7632003
0.7792917,0.7653965
0.7792172,0.5281159
0.7770199,0.5303136
0.7770199,0.5303136
0.7792172,0.5281159
0.5838055,0.5259818
0.5838068,0.5303752
0.9790221,0.5302494
0.9746281,0.5302507
0.9747032,0.7631371
0.9790982,0.7631359
0.5838799,0.7632617
0.5838817,0.7676563
0.7792917,0.7653965
0.7770941,0.7632003
0.5838799,0.7632617
0.7770941,0.7632003
0.7770199,0.5303136
0.5838068,0.5303752
0.4682719,0.0477265
0.4227023,0.04772651
0.4682719,0.06291644
0.4227022,0.06291646
0.4682719,0.07810621
0.4227022,0.07810622
0.4682719,0.09329655
0.4227023,0.09329655
0.377132,0.0477265
0.3315628,0.04772648
0.377132,0.06291641
0.3315628,0.06291644
0.377132,0.06291641
0.3315628,0.06291644
0.377132,0.07810622
0.3315628,0.0781062
0.377132,0.07810622
0.3315628,0.0781062
0.377132,0.09329659
0.3315628,0.09329659
0.4682719,0.09329655
0.4227023,0.09329655
0.4682719,0.1388661
0.4227022,0.1388661
0.4682719,0.002157094
0.4227023,0.002157083
0.4682719,0.0477265
0.4227023,0.04772651
0.377132,0.0477265
0.377132,0.0477265
0.377132,0.06291641
0.377132,0.06291641
0.4227023,0.04772651
0.4227022,0.06291646
0.4227022,0.07810622
0.377132,0.07810622
0.4227023,0.09329655
0.377132,0.09329659
0.377132,0.07810622
0.377132,0.09329659
0.377132,0.06291641
0.377132,0.06291641
0.3315628,0.06291644
0.3315628,0.06291644
0.3315628,0.06291644
0.3315628,0.04772648
0.3315628,0.04772648
0.3315628,0.06291644
0.2859931,0.04772649
0.2859931,0.06291645
0.3315628,0.0781062
0.2859931,0.07810617
0.2859931,0.09329655
0.3315628,0.09329659
0.3315628,0.0781062
0.3315628,0.09329659
0.3315628,0.04772648
0.3315628,0.04772648
0.377132,0.0477265
0.377132,0.0477265
0.377132,0.09329659
0.377132,0.09329659
0.3315628,0.09329659
0.3315628,0.09329659
0.3315628,0.0781062
0.3315628,0.0781062
0.377132,0.07810622
0.377132,0.07810622
1
168
0
1
2
0
2
3
4
5
6
4
6
7
8
9
10
8
10
11
12
13
14
12
14
15
16
17
18
16
18
19
20
21
22
20
22
23
24
25
26
25
27
26
26
27
28
27
29
28
28
29
30
29
31
30
32
33
34
33
35
34
36
37
38
37
39
38
40
41
42
41
43
42
44
45
46
45
47
46
48
49
50
49
51
50
52
53
54
55
52
54
56
52
55
57
56
55
57
55
58
55
59
58
58
59
60
59
61
60
59
62
61
62
63
61
64
65
66
65
67
66
68
69
70
71
68
70
70
72
71
72
73
71
71
73
74
73
75
74
74
75
76
77
74
76
74
77
78
77
79
78
80
81
82
81
83
82
84
85
86
85
87
86
88
89
90
89
91
90
